test_form,preds_form,preds_stems,test_stems,shapes
mulsejs,mulsajs,muls,muls,L
mulsejs,mulsajs,muls,muls,L
mulsejs,mulsajs,muls,muls,L
mulsejs,mulsajs,muls,muls,L
mulsejs,mulsajs,muls,muls,L
mulsejs,mulsajs,muls,muls,L
mulsejs,mulsajs,muls,muls,L
mulsejs,mulsajs,muls,muls,L
mulsejs,mulsajs,muls,muls,L
mulsejs,mulsajs,muls,muls,L
mulsejs,mulsajs,muls,muls,L
mulsejs,mulsajs,muls,muls,L
mulsejs,mulsajs,muls,muls,L
mulsejs,mulsajs,muls,muls,L
mulsejs,mulsajs,muls,muls,L
mulsejs,mulsajs,muls,muls,L
mulsejs,mulsajs,muls,muls,L
mulsejs,mulsajs,muls,muls,L
mulsejs,mulsajs,muls,muls,L
mulsejs,mulsajs,muls,muls,L
mulsejs,mulsajs,muls,muls,L
mulsejs,mulsajs,muls,muls,L
mulsejs,mulsajs,muls,muls,L
mulsejs,mulsajs,muls,muls,L
mulsejs,mulsajs,muls,muls,L
mulsejs,mulsajs,muls,muls,L
mulsejs,mulsajs,muls,muls,L
mulsejs,mulsajs,muls,muls,L
mulsejs,mulsajs,muls,muls,L
mulsejs,mulsajs,muls,muls,L
mulsejs,mulsajs,muls,muls,L
mulsejs,mulsajs,muls,muls,L
mulsejs,mulsajs,muls,muls,L
mulsejs,mulsajs,muls,muls,L
mulsejs,mulsajs,muls,muls,L
mulsejs,mulsajs,muls,muls,L
mulsejs,mulsajs,muls,muls,L
mulsejs,mulsajs,muls,muls,L
mulsejs,mulsajs,muls,muls,L
mulsejs,mulsajs,muls,muls,L
mulsejs,mulsajs,muls,muls,L
mulsejs,mulsajs,muls,muls,L
mulsejs,mulsajs,muls,muls,L
mulsejs,mulsajs,muls,muls,L
mulsejs,mulsajs,muls,muls,L
mulsejs,mulsajs,muls,muls,L
mulsejs,mulsajs,muls,muls,L
mulsejs,mulsajs,muls,muls,L
mulsejs,mulsajs,muls,muls,L
mulsejs,mulsajs,muls,muls,L
mulsejs,mulsajs,muls,muls,L
mulsejs,mulsajs,muls,muls,L
mulsejs,mulajs,mul,muls,L
mulsejs,mulajs,mul,muls,L
mulsejs,mulajs,mul,muls,L
mulsemos,mulsamos,muls,muls,L
mulsemos,mulsamos,muls,muls,L
mulsemos,mulsamos,muls,muls,L
mulsemos,mulsamos,muls,muls,L
mulsemos,mulsamos,muls,muls,L
mulsemos,mulsamos,muls,muls,L
mulsemos,mulsamos,muls,muls,L
mulsemos,mulsamos,muls,muls,L
mulsemos,mulsamos,muls,muls,L
mulsemos,mulsamos,muls,muls,L
mulsemos,mulsamos,muls,muls,L
mulsemos,mulsamos,muls,muls,L
mulsemos,mulsamos,muls,muls,L
mulsemos,mulsamos,muls,muls,L
mulsemos,mulsamos,muls,muls,L
mulsemos,mulsamos,muls,muls,L
mulsemos,mulsamos,muls,muls,L
mulsemos,mulsamos,muls,muls,L
mulsemos,mulsamos,muls,muls,L
mulsemos,mulsamos,muls,muls,L
mulsemos,mulsamos,muls,muls,L
mulsemos,mulsamos,muls,muls,L
mulsemos,mulsamos,muls,muls,L
mulsemos,mulsamos,muls,muls,L
mulsemos,mulsamos,muls,muls,L
mulsemos,mulsamos,muls,muls,L
mulsemos,mulsamos,muls,muls,L
mulsemos,mulsamos,muls,muls,L
mulsemos,mulsamos,muls,muls,L
mulsemos,mulsamos,muls,muls,L
mulsemos,mulsamos,muls,muls,L
mulsemos,mulsamos,muls,muls,L
mulsemos,mulsamos,muls,muls,L
mulsemos,mulsamos,muls,muls,L
mulsemos,mulsamos,muls,muls,L
mulsemos,mulsamos,muls,muls,L
mulsemos,mulsamos,muls,muls,L
mulsemos,mulsamos,muls,muls,L
mulsemos,mulsamos,muls,muls,L
mulsemos,mulsamos,muls,muls,L
mulsemos,mulsamos,muls,muls,L
mulsemos,mulsamos,muls,muls,L
mulsemos,mulsamos,muls,muls,L
mulsemos,mulsamos,muls,muls,L
mulsemos,mulsamos,muls,muls,L
mulsemos,mulsamos,muls,muls,L
mulsemos,mulsamos,muls,muls,L
mulsemos,mulsamos,muls,muls,L
mulsemos,mulsamos,muls,muls,L
mulsemos,mulsamos,muls,muls,L
mulsemos,mulsamos,muls,muls,L
mulsemos,mulsamos,muls,muls,L
mulsemos,mulsamos,muls,muls,L
mulsemos,mulsamos,muls,muls,L
mulsemos,mulsamos,muls,muls,L
mulsen,mulsan,muls,muls,L
mulsen,mulsan,muls,muls,L
mulsen,mulsan,muls,muls,L
mulsen,mulsan,muls,muls,L
mulsen,mulsan,muls,muls,L
mulsen,mulsan,muls,muls,L
mulsen,mulsan,muls,muls,L
mulsen,mulsan,muls,muls,L
mulsen,mulsan,muls,muls,L
mulsen,mulsan,muls,muls,L
mulsen,mulsan,muls,muls,L
mulsen,mulsan,muls,muls,L
mulsen,mulsan,muls,muls,L
mulsen,mulsan,muls,muls,L
mulsen,mulsan,muls,muls,L
mulsen,mulsan,muls,muls,L
mulsen,mulsan,muls,muls,L
mulsen,mulsan,muls,muls,L
mulsen,mulsan,muls,muls,L
mulsen,mulsan,muls,muls,L
mulsen,mulsan,muls,muls,L
mulsen,mulsan,muls,muls,L
mulsen,mulsan,muls,muls,L
mulsen,mulsan,muls,muls,L
mulsen,mulsan,muls,muls,L
mulsen,mulsan,muls,muls,L
mulsen,mulsan,muls,muls,L
mulsen,mulsan,muls,muls,L
mulsen,mulsan,muls,muls,L
mulsen,mulsan,muls,muls,L
mulsen,mulsan,muls,muls,L
mulsen,mulsan,muls,muls,L
mulsen,mulsan,muls,muls,L
mulsen,mulsan,muls,muls,L
mulsen,mulsan,muls,muls,L
mulsen,mulsan,muls,muls,L
mulsen,mulsan,muls,muls,L
mulsen,mulsan,muls,muls,L
mulsen,mulsan,muls,muls,L
mulsen,mulsan,muls,muls,L
mulsen,mulsan,muls,muls,L
mulsen,mulsan,muls,muls,L
mulsen,mulsan,muls,muls,L
mulsen,mulsan,muls,muls,L
mulsen,mulsan,muls,muls,L
mulsen,mulsan,muls,muls,L
mulsen,mulsan,muls,muls,L
mulsen,mulsan,muls,muls,L
mulsen,mulsan,muls,muls,L
mulsen,mulsen,muls,muls,L
mulsen,mulsan,muls,muls,L
mulsen,mulsen,muls,muls,L
mulsen,mulsen,muls,muls,L
mulsen,mulsen,muls,muls,L
mulsen,mulsan,muls,muls,L
mulses,mulsas,muls,muls,L
mulses,mulsas,muls,muls,L
mulses,mulsas,muls,muls,L
mulses,mulsas,muls,muls,L
mulses,mulsas,muls,muls,L
mulses,mulsas,muls,muls,L
mulses,mulsas,muls,muls,L
mulses,mulsas,muls,muls,L
mulses,mulsas,muls,muls,L
mulses,mulsas,muls,muls,L
mulses,mulsas,muls,muls,L
mulses,mulsas,muls,muls,L
mulses,mulsas,muls,muls,L
mulses,mulsas,muls,muls,L
mulses,mulsas,muls,muls,L
mulses,mulsas,muls,muls,L
mulses,mulsas,muls,muls,L
mulses,mulsas,muls,muls,L
mulses,mulsas,muls,muls,L
mulses,mulsas,muls,muls,L
mulses,mulsas,muls,muls,L
mulses,mulsas,muls,muls,L
mulses,mulsas,muls,muls,L
mulses,mulsas,muls,muls,L
mulses,mulsas,muls,muls,L
mulses,mulsas,muls,muls,L
mulses,mulsas,muls,muls,L
mulses,mulsas,muls,muls,L
mulses,mulsas,muls,muls,L
mulses,mulsas,muls,muls,L
mulses,mulsas,muls,muls,L
mulses,mulsas,muls,muls,L
mulses,mulsas,muls,muls,L
mulses,mulsas,muls,muls,L
mulses,mulsas,muls,muls,L
mulses,mulsas,muls,muls,L
mulses,mulsas,muls,muls,L
mulses,mulsas,muls,muls,L
mulses,mulsas,muls,muls,L
mulses,mulsas,muls,muls,L
mulses,mulsas,muls,muls,L
mulses,mulsas,muls,muls,L
mulses,mulsas,muls,muls,L
mulses,mulsas,muls,muls,L
mulses,mulsas,muls,muls,L
mulses,mulsas,muls,muls,L
mulses,muls,muls,muls,L
mulses,mulsas,muls,muls,L
mulses,mulsas,muls,muls,L
mulses,mulses,muls,muls,L
mulses,mulses,muls,muls,L
mulses,mulses,muls,muls,L
mulses,mulsas,muls,muls,L
mulses,muls,muls,muls,L
mulses,muls,muls,muls,L
mulse,mulsa,muls,muls,L
mulse,mulsa,muls,muls,L
mulse,mulsa,muls,muls,L
mulse,mulsa,muls,muls,L
mulse,mulsa,muls,muls,L
mulse,mulsa,muls,muls,L
mulse,mulsa,muls,muls,L
mulse,mulsa,muls,muls,L
mulse,mulsa,muls,muls,L
mulse,mulsa,muls,muls,L
mulse,mulsa,muls,muls,L
mulse,mulsa,muls,muls,L
mulse,mulsa,muls,muls,L
mulse,mulsa,muls,muls,L
mulse,mulsa,muls,muls,L
mulse,mulsa,muls,muls,L
mulse,mulsa,muls,muls,L
mulse,mulsa,muls,muls,L
mulse,mulsa,muls,muls,L
mulse,mulsa,muls,muls,L
mulse,mulsa,muls,muls,L
mulse,mulsa,muls,muls,L
mulse,mulsa,muls,muls,L
mulse,mulsa,muls,muls,L
mulse,mulsa,muls,muls,L
mulse,mulsa,muls,muls,L
mulse,mulsa,muls,muls,L
mulse,mulsa,muls,muls,L
mulse,mulsa,muls,muls,L
mulse,mulsa,muls,muls,L
mulse,mulsa,muls,muls,L
mulse,mulsa,muls,muls,L
mulse,mulsa,muls,muls,L
mulse,mulsa,muls,muls,L
mulse,mulsa,muls,muls,L
mulse,mulsa,muls,muls,L
mulse,mulsa,muls,muls,L
mulse,mulsa,muls,muls,L
mulse,mulsa,muls,muls,L
mulse,mulsa,muls,muls,L
mulse,mulsa,muls,muls,L
mulse,mulsa,muls,muls,L
mulse,mulsa,muls,muls,L
mulse,mulsa,muls,muls,L
mulse,mulsa,muls,muls,L
mulse,mulsa,muls,muls,L
mulse,mulsa,muls,muls,L
mulse,mulsa,muls,muls,L
mulse,mulsa,muls,muls,L
mulse,mulsa,muls,muls,L
mulse,mulsa,muls,muls,L
mulse,mulsa,muls,muls,L
mulse,mulsa,muls,muls,L
mulse,mulsa,muls,muls,L
mulse,mulsa,muls,muls,L
mulsajs,mulsejs,muls,muls,L
mulsajs,mulsejs,muls,muls,L
mulsajs,mulsejs,muls,muls,L
mulsajs,mulsejs,muls,muls,L
mulsajs,mulsejs,muls,muls,L
mulsajs,mulsejs,muls,muls,L
mulsajs,mulsejs,muls,muls,L
mulsajs,mulsejs,muls,muls,L
mulsajs,mulsejs,muls,muls,L
mulsajs,mulsejs,muls,muls,L
mulsajs,mulsejs,muls,muls,L
mulsajs,mulsejs,muls,muls,L
mulsajs,mulsejs,muls,muls,L
mulsajs,mulsejs,muls,muls,L
mulsajs,mulsejs,muls,muls,L
mulsajs,mulsejs,muls,muls,L
mulsajs,mulsejs,muls,muls,L
mulsajs,mulsejs,muls,muls,L
mulsajs,mulsejs,muls,muls,L
mulsajs,mulsejs,muls,muls,L
mulsajs,mulsejs,muls,muls,L
mulsajs,mulsejs,muls,muls,L
mulsajs,mulsejs,muls,muls,L
mulsajs,mulsejs,muls,muls,L
mulsajs,mulsejs,muls,muls,L
mulsajs,mulsejs,muls,muls,L
mulsajs,mulsejs,muls,muls,L
mulsajs,mulsejs,muls,muls,L
mulsajs,mulsejs,muls,muls,L
mulsajs,mulsejs,muls,muls,L
mulsajs,mulsejs,muls,muls,L
mulsajs,mulsejs,muls,muls,L
mulsajs,mulsejs,muls,muls,L
mulsajs,mulsejs,muls,muls,L
mulsajs,mulsejs,muls,muls,L
mulsajs,mulsejs,muls,muls,L
mulsajs,mulsejs,muls,muls,L
mulsajs,mulsejs,muls,muls,L
mulsajs,mulsejs,muls,muls,L
mulsajs,mulsejs,muls,muls,L
mulsajs,mulsejs,muls,muls,L
mulsajs,mulsejs,muls,muls,L
mulsajs,mulsejs,muls,muls,L
mulsajs,mulsejs,muls,muls,L
mulsajs,mulsejs,muls,muls,L
mulsajs,mulsejs,muls,muls,L
mulsajs,mulsajs,muls,muls,L
mulsajs,mulsajs,muls,muls,L
mulsajs,mulsajs,muls,muls,L
mulsajs,mulsajs,muls,muls,L
mulsajs,mulsajs,muls,muls,L
mulsajs,mulsajs,muls,muls,L
mulsajs,mulejs,mul,muls,L
mulsajs,mulejs,mul,muls,L
mulsajs,mulejs,mul,muls,L
mulsamos,mulsemos,muls,muls,L
mulsamos,mulsemos,muls,muls,L
mulsamos,mulsemos,muls,muls,L
mulsamos,mulsemos,muls,muls,L
mulsamos,mulsemos,muls,muls,L
mulsamos,mulsemos,muls,muls,L
mulsamos,mulsemos,muls,muls,L
mulsamos,mulsemos,muls,muls,L
mulsamos,mulsemos,muls,muls,L
mulsamos,mulsemos,muls,muls,L
mulsamos,mulsemos,muls,muls,L
mulsamos,mulsemos,muls,muls,L
mulsamos,mulsemos,muls,muls,L
mulsamos,mulsemos,muls,muls,L
mulsamos,mulsemos,muls,muls,L
mulsamos,mulsemos,muls,muls,L
mulsamos,mulsemos,muls,muls,L
mulsamos,mulsemos,muls,muls,L
mulsamos,mulsemos,muls,muls,L
mulsamos,mulsemos,muls,muls,L
mulsamos,mulsemos,muls,muls,L
mulsamos,mulsemos,muls,muls,L
mulsamos,mulsemos,muls,muls,L
mulsamos,mulsemos,muls,muls,L
mulsamos,mulsemos,muls,muls,L
mulsamos,mulsemos,muls,muls,L
mulsamos,mulsemos,muls,muls,L
mulsamos,mulsemos,muls,muls,L
mulsamos,mulsemos,muls,muls,L
mulsamos,mulsemos,muls,muls,L
mulsamos,mulsemos,muls,muls,L
mulsamos,mulsemos,muls,muls,L
mulsamos,mulsemos,muls,muls,L
mulsamos,mulsemos,muls,muls,L
mulsamos,mulsemos,muls,muls,L
mulsamos,mulsemos,muls,muls,L
mulsamos,mulsemos,muls,muls,L
mulsamos,mulsemos,muls,muls,L
mulsamos,mulsemos,muls,muls,L
mulsamos,mulsemos,muls,muls,L
mulsamos,mulsemos,muls,muls,L
mulsamos,mulsemos,muls,muls,L
mulsamos,mulsemos,muls,muls,L
mulsamos,mulsemos,muls,muls,L
mulsamos,mulsemos,muls,muls,L
mulsamos,mulsemos,muls,muls,L
mulsamos,mulsamos,muls,muls,L
mulsamos,mulsamos,muls,muls,L
mulsamos,mulsamos,muls,muls,L
mulsamos,mulsamos,muls,muls,L
mulsamos,mulsamos,muls,muls,L
mulsamos,mulsamos,muls,muls,L
mulsamos,mulemos,mul,muls,L
mulsamos,mulemos,mul,muls,L
mulsamos,mulemos,mul,muls,L
mulsan,mulsen,muls,muls,L
mulsan,mulsen,muls,muls,L
mulsan,mulsen,muls,muls,L
mulsan,mulsen,muls,muls,L
mulsan,mulsen,muls,muls,L
mulsan,mulsen,muls,muls,L
mulsan,mulsen,muls,muls,L
mulsan,mulsen,muls,muls,L
mulsan,mulsen,muls,muls,L
mulsan,mulsen,muls,muls,L
mulsan,mulsen,muls,muls,L
mulsan,mulsen,muls,muls,L
mulsan,mulsen,muls,muls,L
mulsan,mulsen,muls,muls,L
mulsan,mulsen,muls,muls,L
mulsan,mulsen,muls,muls,L
mulsan,mulsen,muls,muls,L
mulsan,mulsen,muls,muls,L
mulsan,mulsen,muls,muls,L
mulsan,mulsen,muls,muls,L
mulsan,mulsen,muls,muls,L
mulsan,mulsen,muls,muls,L
mulsan,mulsen,muls,muls,L
mulsan,mulsen,muls,muls,L
mulsan,mulsen,muls,muls,L
mulsan,mulsen,muls,muls,L
mulsan,mulsen,muls,muls,L
mulsan,mulsen,muls,muls,L
mulsan,mulsen,muls,muls,L
mulsan,mulsen,muls,muls,L
mulsan,mulsen,muls,muls,L
mulsan,mulsen,muls,muls,L
mulsan,mulsen,muls,muls,L
mulsan,mulsen,muls,muls,L
mulsan,mulsen,muls,muls,L
mulsan,mulsen,muls,muls,L
mulsan,mulsen,muls,muls,L
mulsan,mulsen,muls,muls,L
mulsan,mulsen,muls,muls,L
mulsan,mulsen,muls,muls,L
mulsan,mulsen,muls,muls,L
mulsan,mulsen,muls,muls,L
mulsan,mulsen,muls,muls,L
mulsan,mulsen,muls,muls,L
mulsan,mulsen,muls,muls,L
mulsan,mulsen,muls,muls,L
mulsan,mulsen,muls,muls,L
mulsan,mulsen,muls,muls,L
mulsan,mulsen,muls,muls,L
mulsan,mulsen,muls,muls,L
mulsan,mulsen,muls,muls,L
mulsan,mulsen,muls,muls,L
mulsan,mulsen,muls,muls,L
mulsan,mulsen,muls,muls,L
mulsan,mulsan,muls,muls,L
mulsas,mulses,muls,muls,L
mulsas,mulses,muls,muls,L
mulsas,mulses,muls,muls,L
mulsas,mulses,muls,muls,L
mulsas,mulses,muls,muls,L
mulsas,mulses,muls,muls,L
mulsas,mulses,muls,muls,L
mulsas,mulses,muls,muls,L
mulsas,mulses,muls,muls,L
mulsas,mulses,muls,muls,L
mulsas,mulses,muls,muls,L
mulsas,mulses,muls,muls,L
mulsas,mulses,muls,muls,L
mulsas,mulses,muls,muls,L
mulsas,mulses,muls,muls,L
mulsas,mulses,muls,muls,L
mulsas,mulses,muls,muls,L
mulsas,mulses,muls,muls,L
mulsas,mulses,muls,muls,L
mulsas,mulses,muls,muls,L
mulsas,mulses,muls,muls,L
mulsas,mulses,muls,muls,L
mulsas,mulses,muls,muls,L
mulsas,mulses,muls,muls,L
mulsas,mulses,muls,muls,L
mulsas,mulses,muls,muls,L
mulsas,mulses,muls,muls,L
mulsas,mulses,muls,muls,L
mulsas,mulses,muls,muls,L
mulsas,mulses,muls,muls,L
mulsas,mulses,muls,muls,L
mulsas,mulses,muls,muls,L
mulsas,mulses,muls,muls,L
mulsas,mulses,muls,muls,L
mulsas,mulses,muls,muls,L
mulsas,mulses,muls,muls,L
mulsas,mulses,muls,muls,L
mulsas,mulses,muls,muls,L
mulsas,mulses,muls,muls,L
mulsas,mulses,muls,muls,L
mulsas,mulses,muls,muls,L
mulsas,mulses,muls,muls,L
mulsas,mulses,muls,muls,L
mulsas,mulses,muls,muls,L
mulsas,mulses,muls,muls,L
mulsas,mulses,muls,muls,L
mulsas,mulses,muls,muls,L
mulsas,mulses,muls,muls,L
mulsas,mulses,muls,muls,L
mulsas,mulsas,muls,muls,L
mulsas,mulsas,muls,muls,L
mulsas,mulsas,muls,muls,L
mulsas,mulsas,muls,muls,L
mulsas,mulsas,muls,muls,L
mulsas,mulsas,muls,muls,L
mulsa,mulse,muls,muls,L
mulsa,mulse,muls,muls,L
mulsa,mulse,muls,muls,L
mulsa,mulse,muls,muls,L
mulsa,mulse,muls,muls,L
mulsa,mulse,muls,muls,L
mulsa,mulse,muls,muls,L
mulsa,mulse,muls,muls,L
mulsa,mulse,muls,muls,L
mulsa,mulse,muls,muls,L
mulsa,mulse,muls,muls,L
mulsa,mulse,muls,muls,L
mulsa,mulse,muls,muls,L
mulsa,mulse,muls,muls,L
mulsa,mulse,muls,muls,L
mulsa,mulse,muls,muls,L
mulsa,mulse,muls,muls,L
mulsa,mulse,muls,muls,L
mulsa,mulse,muls,muls,L
mulsa,mulse,muls,muls,L
mulsa,mulse,muls,muls,L
mulsa,mulse,muls,muls,L
mulsa,mulse,muls,muls,L
mulsa,mulse,muls,muls,L
mulsa,mulse,muls,muls,L
mulsa,mulse,muls,muls,L
mulsa,mulse,muls,muls,L
mulsa,mulse,muls,muls,L
mulsa,mulse,muls,muls,L
mulsa,mulse,muls,muls,L
mulsa,mulse,muls,muls,L
mulsa,mulse,muls,muls,L
mulsa,mulse,muls,muls,L
mulsa,mulse,muls,muls,L
mulsa,mulse,muls,muls,L
mulsa,mulse,muls,muls,L
mulsa,mulse,muls,muls,L
mulsa,mulse,muls,muls,L
mulsa,mulse,muls,muls,L
mulsa,mulse,muls,muls,L
mulsa,mulse,muls,muls,L
mulsa,mulse,muls,muls,L
mulsa,mulse,muls,muls,L
mulsa,mulse,muls,muls,L
mulsa,mulse,muls,muls,L
mulsa,mulse,muls,muls,L
mulsa,mulse,muls,muls,L
mulsa,mulse,muls,muls,L
mulsa,mulse,muls,muls,L
mulsa,mulse,muls,muls,L
mulsa,mulsa,muls,muls,L
mulsa,mulsa,muls,muls,L
mulsa,mulsa,muls,muls,L
mulsa,mulsa,muls,muls,L
mulsa,mulsa,muls,muls,L
mulsa,mulse,muls,muls,L
mulsa,mulse,muls,muls,L
mulsa,mulse,muls,muls,L
mulsa,mulse,muls,muls,L
mulsa,mulse,muls,muls,L
mulsa,mulse,muls,muls,L
mulsa,mulse,muls,muls,L
mulsa,mulse,muls,muls,L
mulsa,mulse,muls,muls,L
mulsa,mulse,muls,muls,L
mulsa,mulse,muls,muls,L
mulsa,mulse,muls,muls,L
mulsa,mulse,muls,muls,L
mulsa,mulse,muls,muls,L
mulsa,mulse,muls,muls,L
mulsa,mulse,muls,muls,L
mulsa,mulse,muls,muls,L
mulsa,mulse,muls,muls,L
mulsa,mulse,muls,muls,L
mulsa,mulse,muls,muls,L
mulsa,mulse,muls,muls,L
mulsa,mulse,muls,muls,L
mulsa,mulse,muls,muls,L
mulsa,mulse,muls,muls,L
mulsa,mulse,muls,muls,L
mulsa,mulse,muls,muls,L
mulsa,mulse,muls,muls,L
mulsa,mulse,muls,muls,L
mulsa,mulse,muls,muls,L
mulsa,mulse,muls,muls,L
mulsa,mulse,muls,muls,L
mulsa,mulse,muls,muls,L
mulsa,mulse,muls,muls,L
mulsa,mulse,muls,muls,L
mulsa,mulse,muls,muls,L
mulsa,mulse,muls,muls,L
mulsa,mulse,muls,muls,L
mulsa,mulse,muls,muls,L
mulsa,mulse,muls,muls,L
mulsa,mulse,muls,muls,L
mulsa,mulse,muls,muls,L
mulsa,mulse,muls,muls,L
mulsa,mulse,muls,muls,L
mulsa,mulse,muls,muls,L
mulsa,mulse,muls,muls,L
mulsa,mulse,muls,muls,L
mulsa,mulse,muls,muls,L
mulsa,mulse,muls,muls,L
mulsa,mulse,muls,muls,L
mulsa,mulse,muls,muls,L
mulsa,mulsa,muls,muls,L
mulsa,mulsa,muls,muls,L
mulsa,mulsa,muls,muls,L
mulsa,mulsa,muls,muls,L
mulsa,mulsa,muls,muls,L
mulso,mulso,muls,muls,L
mulso,mulso,muls,muls,L
mulso,mulso,muls,muls,L
mulso,mulso,muls,muls,L
mulso,mulso,muls,muls,L
mulso,mulso,muls,muls,L
mulso,mulso,muls,muls,L
mulso,mulso,muls,muls,L
mulso,mulso,muls,muls,L
mulso,mulso,muls,muls,L
mulso,mulso,muls,muls,L
mulso,mulso,muls,muls,L
mulso,mulso,muls,muls,L
mulso,mulso,muls,muls,L
mulso,mulso,muls,muls,L
mulso,mulso,muls,muls,L
mulso,mulso,muls,muls,L
mulso,mulso,muls,muls,L
mulso,mulso,muls,muls,L
mulso,mulso,muls,muls,L
mulso,mulso,muls,muls,L
mulso,mulso,muls,muls,L
mulso,mulso,muls,muls,L
mulso,mulso,muls,muls,L
mulso,mulso,muls,muls,L
mulso,mulso,muls,muls,L
mulso,mulso,muls,muls,L
mulso,mulso,muls,muls,L
mulso,mulso,muls,muls,L
mulso,mulso,muls,muls,L
mulso,mulso,muls,muls,L
mulso,mulso,muls,muls,L
mulso,mulso,muls,muls,L
mulso,mulso,muls,muls,L
mulso,mulso,muls,muls,L
mulso,mulso,muls,muls,L
mulso,mulso,muls,muls,L
mulso,mulso,muls,muls,L
mulso,mulso,muls,muls,L
mulso,mulso,muls,muls,L
mulso,mulso,muls,muls,L
mulso,mulso,muls,muls,L
mulso,mulso,muls,muls,L
mulso,mulso,muls,muls,L
mulso,mulso,muls,muls,L
mulso,mulso,muls,muls,L
mulso,mulso,muls,muls,L
mulso,mulso,muls,muls,L
mulso,mulso,muls,muls,L
mulso,mulso,muls,muls,L
mulso,mulso,muls,muls,L
mulso,mulso,muls,muls,L
mulso,mulso,muls,muls,L
mulso,mulso,muls,muls,L
mulso,mulso,muls,muls,L
ɾeabastesejs,ɾeabastesejs,ɾeabastes,ɾeabastes,L
ɾeabastesejs,ɾeabastesejs,ɾeabastes,ɾeabastes,L
ɾeabastesejs,ɾeabastesejs,ɾeabastes,ɾeabastes,L
ɾeabastesejs,ɾeabastesejs,ɾeabastes,ɾeabastes,L
ɾeabastesejs,ɾeabastesejs,ɾeabastes,ɾeabastes,L
ɾeabastesejs,ɾeabastesejs,ɾeabastes,ɾeabastes,L
ɾeabastesejs,ɾeabastesejs,ɾeabastes,ɾeabastes,L
ɾeabastesejs,ɾeabastesejs,ɾeabastes,ɾeabastes,L
ɾeabastesejs,ɾeabastesejs,ɾeabastes,ɾeabastes,L
ɾeabastesejs,ɾeabastesejs,ɾeabastes,ɾeabastes,L
ɾeabastesejs,ɾeabastesejs,ɾeabastes,ɾeabastes,L
ɾeabastesejs,ɾeabastesejs,ɾeabastes,ɾeabastes,L
ɾeabastesejs,ɾeabastesejs,ɾeabastes,ɾeabastes,L
ɾeabastesejs,ɾeabastesejs,ɾeabastes,ɾeabastes,L
ɾeabastesejs,ɾeabastesejs,ɾeabastes,ɾeabastes,L
ɾeabastesejs,ɾeabastesejs,ɾeabastes,ɾeabastes,L
ɾeabastesejs,ɾeabastesejs,ɾeabastes,ɾeabastes,L
ɾeabastesejs,ɾeabastesejs,ɾeabastes,ɾeabastes,L
ɾeabastesejs,ɾeabastesejs,ɾeabastes,ɾeabastes,L
ɾeabastesejs,ɾeabastesejs,ɾeabastes,ɾeabastes,L
ɾeabastesejs,ɾeabastesejs,ɾeabastes,ɾeabastes,L
ɾeabastesejs,ɾeabastesejs,ɾeabastes,ɾeabastes,L
ɾeabastesejs,ɾeabastesejs,ɾeabastes,ɾeabastes,L
ɾeabastesejs,ɾeabastesejs,ɾeabastes,ɾeabastes,L
ɾeabastesejs,ɾeabastesejs,ɾeabastes,ɾeabastes,L
ɾeabastesejs,ɾeabastesejs,ɾeabastes,ɾeabastes,L
ɾeabastesejs,ɾeabastesejs,ɾeabastes,ɾeabastes,L
ɾeabastesejs,ɾeabastesejs,ɾeabastes,ɾeabastes,L
ɾeabastesejs,ɾeabastesejs,ɾeabastes,ɾeabastes,L
ɾeabastesejs,ɾeabastesejs,ɾeabastes,ɾeabastes,L
ɾeabastesejs,ɾeabastesejs,ɾeabastes,ɾeabastes,L
ɾeabastesejs,ɾeabastesejs,ɾeabastes,ɾeabastes,L
ɾeabastesejs,ɾeabastesejs,ɾeabastes,ɾeabastes,L
ɾeabastesejs,ɾeabastesejs,ɾeabastes,ɾeabastes,L
ɾeabastesejs,ɾeabastesejs,ɾeabastes,ɾeabastes,L
ɾeabastesejs,ɾeabastesejs,ɾeabastes,ɾeabastes,L
ɾeabastesejs,ɾeabastesejs,ɾeabastes,ɾeabastes,L
ɾeabastesejs,ɾeabastesejs,ɾeabastes,ɾeabastes,L
ɾeabastesejs,ɾeabastesejs,ɾeabastes,ɾeabastes,L
ɾeabastesejs,ɾeabastesejs,ɾeabastes,ɾeabastes,L
ɾeabastesejs,ɾeabastesejs,ɾeabastes,ɾeabastes,L
ɾeabastesejs,ɾeabastesejs,ɾeabastes,ɾeabastes,L
ɾeabastesejs,ɾeabastesejs,ɾeabastes,ɾeabastes,L
ɾeabastesejs,ɾeabastesejs,ɾeabastes,ɾeabastes,L
ɾeabastesejs,ɾeabastesejs,ɾeabastes,ɾeabastes,L
ɾeabastesejs,ɾeabastesejs,ɾeabastes,ɾeabastes,L
ɾeabastesejs,ɾeabastesejs,ɾeabastes,ɾeabastes,L
ɾeabastesejs,ɾeabastesejs,ɾeabastes,ɾeabastes,L
ɾeabastesejs,ɾeabastesejs,ɾeabastes,ɾeabastes,L
ɾeabastesejs,ɾeabastesejs,ɾeabastes,ɾeabastes,L
ɾeabastesejs,ɾeabastesejs,ɾeabastes,ɾeabastes,L
ɾeabastesejs,ɾeabastesejs,ɾeabastes,ɾeabastes,L
ɾeabastesejs,ɾeabastesejs,ɾeabastes,ɾeabastes,L
ɾeabastesejs,ɾeabastesejs,ɾeabastes,ɾeabastes,L
ɾeabastesejs,ɾeabastesejs,ɾeabastes,ɾeabastes,L
ɾeabastesemos,ɾeabastesemos,ɾeabastes,ɾeabastes,L
ɾeabastesemos,ɾeabastesemos,ɾeabastes,ɾeabastes,L
ɾeabastesemos,ɾeabastesemos,ɾeabastes,ɾeabastes,L
ɾeabastesemos,ɾeabastesemos,ɾeabastes,ɾeabastes,L
ɾeabastesemos,ɾeabastesemos,ɾeabastes,ɾeabastes,L
ɾeabastesemos,ɾeabastesemos,ɾeabastes,ɾeabastes,L
ɾeabastesemos,ɾeabastesemos,ɾeabastes,ɾeabastes,L
ɾeabastesemos,ɾeabastesemos,ɾeabastes,ɾeabastes,L
ɾeabastesemos,ɾeabastesemos,ɾeabastes,ɾeabastes,L
ɾeabastesemos,ɾeabastesemos,ɾeabastes,ɾeabastes,L
ɾeabastesemos,ɾeabastesemos,ɾeabastes,ɾeabastes,L
ɾeabastesemos,ɾeabastesemos,ɾeabastes,ɾeabastes,L
ɾeabastesemos,ɾeabastesemos,ɾeabastes,ɾeabastes,L
ɾeabastesemos,ɾeabastesemos,ɾeabastes,ɾeabastes,L
ɾeabastesemos,ɾeabastesemos,ɾeabastes,ɾeabastes,L
ɾeabastesemos,ɾeabastesemos,ɾeabastes,ɾeabastes,L
ɾeabastesemos,ɾeabastesemos,ɾeabastes,ɾeabastes,L
ɾeabastesemos,ɾeabastesemos,ɾeabastes,ɾeabastes,L
ɾeabastesemos,ɾeabastesemos,ɾeabastes,ɾeabastes,L
ɾeabastesemos,ɾeabastesemos,ɾeabastes,ɾeabastes,L
ɾeabastesemos,ɾeabastesemos,ɾeabastes,ɾeabastes,L
ɾeabastesemos,ɾeabastesemos,ɾeabastes,ɾeabastes,L
ɾeabastesemos,ɾeabastesemos,ɾeabastes,ɾeabastes,L
ɾeabastesemos,ɾeabastesemos,ɾeabastes,ɾeabastes,L
ɾeabastesemos,ɾeabastesemos,ɾeabastes,ɾeabastes,L
ɾeabastesemos,ɾeabastesemos,ɾeabastes,ɾeabastes,L
ɾeabastesemos,ɾeabastesemos,ɾeabastes,ɾeabastes,L
ɾeabastesemos,ɾeabastesemos,ɾeabastes,ɾeabastes,L
ɾeabastesemos,ɾeabastesemos,ɾeabastes,ɾeabastes,L
ɾeabastesemos,ɾeabastesemos,ɾeabastes,ɾeabastes,L
ɾeabastesemos,ɾeabastesemos,ɾeabastes,ɾeabastes,L
ɾeabastesemos,ɾeabastesemos,ɾeabastes,ɾeabastes,L
ɾeabastesemos,ɾeabastesemos,ɾeabastes,ɾeabastes,L
ɾeabastesemos,ɾeabastesemos,ɾeabastes,ɾeabastes,L
ɾeabastesemos,ɾeabastesemos,ɾeabastes,ɾeabastes,L
ɾeabastesemos,ɾeabastesemos,ɾeabastes,ɾeabastes,L
ɾeabastesemos,ɾeabastesemos,ɾeabastes,ɾeabastes,L
ɾeabastesemos,ɾeabastesemos,ɾeabastes,ɾeabastes,L
ɾeabastesemos,ɾeabastesemos,ɾeabastes,ɾeabastes,L
ɾeabastesemos,ɾeabastesemos,ɾeabastes,ɾeabastes,L
ɾeabastesemos,ɾeabastesemos,ɾeabastes,ɾeabastes,L
ɾeabastesemos,ɾeabastesemos,ɾeabastes,ɾeabastes,L
ɾeabastesemos,ɾeabastesemos,ɾeabastes,ɾeabastes,L
ɾeabastesemos,ɾeabastesemos,ɾeabastes,ɾeabastes,L
ɾeabastesemos,ɾeabastesemos,ɾeabastes,ɾeabastes,L
ɾeabastesemos,ɾeabastesemos,ɾeabastes,ɾeabastes,L
ɾeabastesemos,ɾeabastesemos,ɾeabastes,ɾeabastes,L
ɾeabastesemos,ɾeabastesemos,ɾeabastes,ɾeabastes,L
ɾeabastesemos,ɾeabastesemos,ɾeabastes,ɾeabastes,L
ɾeabastesemos,ɾeabastesemos,ɾeabastes,ɾeabastes,L
ɾeabastesemos,ɾeabastesemos,ɾeabastes,ɾeabastes,L
ɾeabastesemos,ɾeabastesemos,ɾeabastes,ɾeabastes,L
ɾeabastesemos,ɾeabastesemos,ɾeabastes,ɾeabastes,L
ɾeabastesemos,ɾeabastesemos,ɾeabastes,ɾeabastes,L
ɾeabastesemos,ɾeabastesemos,ɾeabastes,ɾeabastes,L
ɾeabastesen,ɾeabastestan,ɾeabastest,ɾeabastes,L
ɾeabastesen,ɾeabastestan,ɾeabastest,ɾeabastes,L
ɾeabastesen,ɾeabastestan,ɾeabastest,ɾeabastes,L
ɾeabastesen,ɾeabastesen,ɾeabastes,ɾeabastes,L
ɾeabastesen,ɾeabastesen,ɾeabastes,ɾeabastes,L
ɾeabastesen,ɾeabastesen,ɾeabastes,ɾeabastes,L
ɾeabastesen,ɾeabastesen,ɾeabastes,ɾeabastes,L
ɾeabastesen,ɾeabastesen,ɾeabastes,ɾeabastes,L
ɾeabastesen,ɾeabastesen,ɾeabastes,ɾeabastes,L
ɾeabastesen,ɾeabastesen,ɾeabastes,ɾeabastes,L
ɾeabastesen,ɾeabastestan,ɾeabastest,ɾeabastes,L
ɾeabastesen,ɾeabastestan,ɾeabastest,ɾeabastes,L
ɾeabastesen,ɾeabastesen,ɾeabastes,ɾeabastes,L
ɾeabastesen,ɾeabastesen,ɾeabastes,ɾeabastes,L
ɾeabastesen,ɾeabastesen,ɾeabastes,ɾeabastes,L
ɾeabastesen,ɾeabastesen,ɾeabastes,ɾeabastes,L
ɾeabastesen,ɾeabastesen,ɾeabastes,ɾeabastes,L
ɾeabastesen,ɾeabastesen,ɾeabastes,ɾeabastes,L
ɾeabastesen,ɾeabastesen,ɾeabastes,ɾeabastes,L
ɾeabastesen,ɾeabastesen,ɾeabastes,ɾeabastes,L
ɾeabastesen,ɾeabastesen,ɾeabastes,ɾeabastes,L
ɾeabastesen,ɾeabastesen,ɾeabastes,ɾeabastes,L
ɾeabastesen,ɾeabastesen,ɾeabastes,ɾeabastes,L
ɾeabastesen,ɾeabastesen,ɾeabastes,ɾeabastes,L
ɾeabastesen,ɾeabastesen,ɾeabastes,ɾeabastes,L
ɾeabastesen,ɾeabastesen,ɾeabastes,ɾeabastes,L
ɾeabastesen,ɾeabastesen,ɾeabastes,ɾeabastes,L
ɾeabastesen,ɾeabastesen,ɾeabastes,ɾeabastes,L
ɾeabastesen,ɾeabastesen,ɾeabastes,ɾeabastes,L
ɾeabastesen,ɾeabastesen,ɾeabastes,ɾeabastes,L
ɾeabastesen,ɾeabastesen,ɾeabastes,ɾeabastes,L
ɾeabastesen,ɾeabastesen,ɾeabastes,ɾeabastes,L
ɾeabastesen,ɾeabastesen,ɾeabastes,ɾeabastes,L
ɾeabastesen,ɾeabastesen,ɾeabastes,ɾeabastes,L
ɾeabastesen,ɾeabastesen,ɾeabastes,ɾeabastes,L
ɾeabastesen,ɾeabastesen,ɾeabastes,ɾeabastes,L
ɾeabastesen,ɾeabastesen,ɾeabastes,ɾeabastes,L
ɾeabastesen,ɾeabastesen,ɾeabastes,ɾeabastes,L
ɾeabastesen,ɾeabastesen,ɾeabastes,ɾeabastes,L
ɾeabastesen,ɾeabastesen,ɾeabastes,ɾeabastes,L
ɾeabastesen,ɾeabastesen,ɾeabastes,ɾeabastes,L
ɾeabastesen,ɾeabastesen,ɾeabastes,ɾeabastes,L
ɾeabastesen,ɾeabastesen,ɾeabastes,ɾeabastes,L
ɾeabastesen,ɾeabastesen,ɾeabastes,ɾeabastes,L
ɾeabastesen,ɾeabastesen,ɾeabastes,ɾeabastes,L
ɾeabastesen,ɾeabastesen,ɾeabastes,ɾeabastes,L
ɾeabastesen,ɾeabastesen,ɾeabastes,ɾeabastes,L
ɾeabastesen,ɾeabastesen,ɾeabastes,ɾeabastes,L
ɾeabastesen,ɾeabastesen,ɾeabastes,ɾeabastes,L
ɾeabastesen,ɾeabastesen,ɾeabastes,ɾeabastes,L
ɾeabastesen,ɾeabastesen,ɾeabastes,ɾeabastes,L
ɾeabastesen,ɾeabastesen,ɾeabastes,ɾeabastes,L
ɾeabastesen,ɾeabastesen,ɾeabastes,ɾeabastes,L
ɾeabastesen,ɾeabastesen,ɾeabastes,ɾeabastes,L
ɾeabastesen,ɾeabastesen,ɾeabastes,ɾeabastes,L
ɾeabasteses,ɾeabasteses,ɾeabastes,ɾeabastes,L
ɾeabasteses,ɾeabasteses,ɾeabastes,ɾeabastes,L
ɾeabasteses,ɾeabastestas,ɾeabastest,ɾeabastes,L
ɾeabasteses,ɾeabasteses,ɾeabastes,ɾeabastes,L
ɾeabasteses,ɾeabasteses,ɾeabastes,ɾeabastes,L
ɾeabasteses,ɾeabasteses,ɾeabastes,ɾeabastes,L
ɾeabasteses,ɾeabasteses,ɾeabastes,ɾeabastes,L
ɾeabasteses,ɾeabasteses,ɾeabastes,ɾeabastes,L
ɾeabasteses,ɾeabasteses,ɾeabastes,ɾeabastes,L
ɾeabasteses,ɾeabasteses,ɾeabastes,ɾeabastes,L
ɾeabasteses,ɾeabasteses,ɾeabastes,ɾeabastes,L
ɾeabasteses,ɾeabastestas,ɾeabastest,ɾeabastes,L
ɾeabasteses,ɾeabasteses,ɾeabastes,ɾeabastes,L
ɾeabasteses,ɾeabasteses,ɾeabastes,ɾeabastes,L
ɾeabasteses,ɾeabasteses,ɾeabastes,ɾeabastes,L
ɾeabasteses,ɾeabasteses,ɾeabastes,ɾeabastes,L
ɾeabasteses,ɾeabasteses,ɾeabastes,ɾeabastes,L
ɾeabasteses,ɾeabasteses,ɾeabastes,ɾeabastes,L
ɾeabasteses,ɾeabasteses,ɾeabastes,ɾeabastes,L
ɾeabasteses,ɾeabastes,ɾeabast,ɾeabastes,L
ɾeabasteses,ɾeabasteses,ɾeabastes,ɾeabastes,L
ɾeabasteses,ɾeabasteses,ɾeabastes,ɾeabastes,L
ɾeabasteses,ɾeabasteses,ɾeabastes,ɾeabastes,L
ɾeabasteses,ɾeabasteses,ɾeabastes,ɾeabastes,L
ɾeabasteses,ɾeabasteses,ɾeabastes,ɾeabastes,L
ɾeabasteses,ɾeabasteses,ɾeabastes,ɾeabastes,L
ɾeabasteses,ɾeabasteses,ɾeabastes,ɾeabastes,L
ɾeabasteses,ɾeabasteses,ɾeabastes,ɾeabastes,L
ɾeabasteses,ɾeabasteses,ɾeabastes,ɾeabastes,L
ɾeabasteses,ɾeabasteses,ɾeabastes,ɾeabastes,L
ɾeabasteses,ɾeabasteses,ɾeabastes,ɾeabastes,L
ɾeabasteses,ɾeabasteses,ɾeabastes,ɾeabastes,L
ɾeabasteses,ɾeabasteses,ɾeabastes,ɾeabastes,L
ɾeabasteses,ɾeabasteses,ɾeabastes,ɾeabastes,L
ɾeabasteses,ɾeabasteses,ɾeabastes,ɾeabastes,L
ɾeabasteses,ɾeabasteses,ɾeabastes,ɾeabastes,L
ɾeabasteses,ɾeabasteses,ɾeabastes,ɾeabastes,L
ɾeabasteses,ɾeabasteses,ɾeabastes,ɾeabastes,L
ɾeabasteses,ɾeabasteses,ɾeabastes,ɾeabastes,L
ɾeabasteses,ɾeabasteses,ɾeabastes,ɾeabastes,L
ɾeabasteses,ɾeabasteses,ɾeabastes,ɾeabastes,L
ɾeabasteses,ɾeabasteses,ɾeabastes,ɾeabastes,L
ɾeabasteses,ɾeabasteses,ɾeabastes,ɾeabastes,L
ɾeabasteses,ɾeabasteses,ɾeabastes,ɾeabastes,L
ɾeabasteses,ɾeabasteses,ɾeabastes,ɾeabastes,L
ɾeabasteses,ɾeabasteses,ɾeabastes,ɾeabastes,L
ɾeabasteses,ɾeabasteses,ɾeabastes,ɾeabastes,L
ɾeabasteses,ɾeabasteses,ɾeabastes,ɾeabastes,L
ɾeabasteses,ɾeabasteses,ɾeabastes,ɾeabastes,L
ɾeabasteses,ɾeabasteses,ɾeabastes,ɾeabastes,L
ɾeabasteses,ɾeabasteses,ɾeabastes,ɾeabastes,L
ɾeabasteses,ɾeabasteses,ɾeabastes,ɾeabastes,L
ɾeabasteses,ɾeabasteses,ɾeabastes,ɾeabastes,L
ɾeabasteses,ɾeabasteses,ɾeabastes,ɾeabastes,L
ɾeabasteses,ɾeabasteses,ɾeabastes,ɾeabastes,L
ɾeabastese,ɾeabastese,ɾeabastes,ɾeabastes,L
ɾeabastese,ɾeabastese,ɾeabastes,ɾeabastes,L
ɾeabastese,ɾeabastese,ɾeabastes,ɾeabastes,L
ɾeabastese,ɾeabastese,ɾeabastes,ɾeabastes,L
ɾeabastese,ɾeabastese,ɾeabastes,ɾeabastes,L
ɾeabastese,ɾeabastese,ɾeabastes,ɾeabastes,L
ɾeabastese,ɾeabastese,ɾeabastes,ɾeabastes,L
ɾeabastese,ɾeabastese,ɾeabastes,ɾeabastes,L
ɾeabastese,ɾeabastese,ɾeabastes,ɾeabastes,L
ɾeabastese,ɾeabastese,ɾeabastes,ɾeabastes,L
ɾeabastese,ɾeabastese,ɾeabastes,ɾeabastes,L
ɾeabastese,ɾeabastese,ɾeabastes,ɾeabastes,L
ɾeabastese,ɾeabastese,ɾeabastes,ɾeabastes,L
ɾeabastese,ɾeabastese,ɾeabastes,ɾeabastes,L
ɾeabastese,ɾeabastese,ɾeabastes,ɾeabastes,L
ɾeabastese,ɾeabastese,ɾeabastes,ɾeabastes,L
ɾeabastese,ɾeabastese,ɾeabastes,ɾeabastes,L
ɾeabastese,ɾeabastese,ɾeabastes,ɾeabastes,L
ɾeabastese,ɾeabastese,ɾeabastes,ɾeabastes,L
ɾeabastese,ɾeabastese,ɾeabastes,ɾeabastes,L
ɾeabastese,ɾeabastese,ɾeabastes,ɾeabastes,L
ɾeabastese,ɾeabastese,ɾeabastes,ɾeabastes,L
ɾeabastese,ɾeabastese,ɾeabastes,ɾeabastes,L
ɾeabastese,ɾeabastese,ɾeabastes,ɾeabastes,L
ɾeabastese,ɾeabastese,ɾeabastes,ɾeabastes,L
ɾeabastese,ɾeabastese,ɾeabastes,ɾeabastes,L
ɾeabastese,ɾeabastese,ɾeabastes,ɾeabastes,L
ɾeabastese,ɾeabastese,ɾeabastes,ɾeabastes,L
ɾeabastese,ɾeabastese,ɾeabastes,ɾeabastes,L
ɾeabastese,ɾeabastese,ɾeabastes,ɾeabastes,L
ɾeabastese,ɾeabastese,ɾeabastes,ɾeabastes,L
ɾeabastese,ɾeabastese,ɾeabastes,ɾeabastes,L
ɾeabastese,ɾeabastese,ɾeabastes,ɾeabastes,L
ɾeabastese,ɾeabastese,ɾeabastes,ɾeabastes,L
ɾeabastese,ɾeabastese,ɾeabastes,ɾeabastes,L
ɾeabastese,ɾeabastese,ɾeabastes,ɾeabastes,L
ɾeabastese,ɾeabastese,ɾeabastes,ɾeabastes,L
ɾeabastese,ɾeabastese,ɾeabastes,ɾeabastes,L
ɾeabastese,ɾeabastese,ɾeabastes,ɾeabastes,L
ɾeabastese,ɾeabastese,ɾeabastes,ɾeabastes,L
ɾeabastese,ɾeabastese,ɾeabastes,ɾeabastes,L
ɾeabastese,ɾeabastese,ɾeabastes,ɾeabastes,L
ɾeabastese,ɾeabastese,ɾeabastes,ɾeabastes,L
ɾeabastese,ɾeabastese,ɾeabastes,ɾeabastes,L
ɾeabastese,ɾeabastese,ɾeabastes,ɾeabastes,L
ɾeabastese,ɾeabastese,ɾeabastes,ɾeabastes,L
ɾeabastese,ɾeabastese,ɾeabastes,ɾeabastes,L
ɾeabastese,ɾeabastese,ɾeabastes,ɾeabastes,L
ɾeabastese,ɾeabastese,ɾeabastes,ɾeabastes,L
ɾeabastese,ɾeabastese,ɾeabastes,ɾeabastes,L
ɾeabastese,ɾeabastese,ɾeabastes,ɾeabastes,L
ɾeabastese,ɾeabastese,ɾeabastes,ɾeabastes,L
ɾeabastese,ɾeabastese,ɾeabastes,ɾeabastes,L
ɾeabastese,ɾeabastese,ɾeabastes,ɾeabastes,L
ɾeabastese,ɾeabastese,ɾeabastes,ɾeabastes,L
ɾeabasteskajs,ɾeabastesejs,ɾeabastes,ɾeabastesk,L
ɾeabasteskajs,ɾeabastesejs,ɾeabastes,ɾeabastesk,L
ɾeabasteskajs,ɾeabastesejs,ɾeabastes,ɾeabastesk,L
ɾeabasteskajs,ɾeabastesejs,ɾeabastes,ɾeabastesk,L
ɾeabasteskajs,ɾeabasteskajs,ɾeabastesk,ɾeabastesk,L
ɾeabasteskajs,ɾeabasteskajs,ɾeabastesk,ɾeabastesk,L
ɾeabasteskajs,ɾeabasteskajs,ɾeabastesk,ɾeabastesk,L
ɾeabasteskajs,ɾeabasteskajs,ɾeabastesk,ɾeabastesk,L
ɾeabasteskajs,ɾeabasteskajs,ɾeabastesk,ɾeabastesk,L
ɾeabasteskajs,ɾeabasteskajs,ɾeabastesk,ɾeabastesk,L
ɾeabasteskajs,ɾeabastesejs,ɾeabastes,ɾeabastesk,L
ɾeabasteskajs,ɾeabastesejs,ɾeabastes,ɾeabastesk,L
ɾeabasteskajs,ɾeabastesejs,ɾeabastes,ɾeabastesk,L
ɾeabasteskajs,ɾeabasteskajs,ɾeabastesk,ɾeabastesk,L
ɾeabasteskajs,ɾeabasteskajs,ɾeabastesk,ɾeabastesk,L
ɾeabasteskajs,ɾeabasteskajs,ɾeabastesk,ɾeabastesk,L
ɾeabasteskajs,ɾeabasteskajs,ɾeabastesk,ɾeabastesk,L
ɾeabasteskajs,ɾeabasteskajs,ɾeabastesk,ɾeabastesk,L
ɾeabasteskajs,ɾeabasteskajs,ɾeabastesk,ɾeabastesk,L
ɾeabasteskajs,ɾeabasteskajs,ɾeabastesk,ɾeabastesk,L
ɾeabasteskajs,ɾeabasteskajs,ɾeabastesk,ɾeabastesk,L
ɾeabasteskajs,ɾeabasteskajs,ɾeabastesk,ɾeabastesk,L
ɾeabasteskajs,ɾeabasteskajs,ɾeabastesk,ɾeabastesk,L
ɾeabasteskajs,ɾeabasteskajs,ɾeabastesk,ɾeabastesk,L
ɾeabasteskajs,ɾeabasteskajs,ɾeabastesk,ɾeabastesk,L
ɾeabasteskajs,ɾeabasteskajs,ɾeabastesk,ɾeabastesk,L
ɾeabasteskajs,ɾeabasteskajs,ɾeabastesk,ɾeabastesk,L
ɾeabasteskajs,ɾeabasteskajs,ɾeabastesk,ɾeabastesk,L
ɾeabasteskajs,ɾeabasteskajs,ɾeabastesk,ɾeabastesk,L
ɾeabasteskajs,ɾeabasteskajs,ɾeabastesk,ɾeabastesk,L
ɾeabasteskajs,ɾeabasteskajs,ɾeabastesk,ɾeabastesk,L
ɾeabasteskajs,ɾeabasteskajs,ɾeabastesk,ɾeabastesk,L
ɾeabasteskajs,ɾeabasteskajs,ɾeabastesk,ɾeabastesk,L
ɾeabasteskajs,ɾeabasteskajs,ɾeabastesk,ɾeabastesk,L
ɾeabasteskajs,ɾeabasteskajs,ɾeabastesk,ɾeabastesk,L
ɾeabasteskajs,ɾeabasteskajs,ɾeabastesk,ɾeabastesk,L
ɾeabasteskajs,ɾeabasteskajs,ɾeabastesk,ɾeabastesk,L
ɾeabasteskajs,ɾeabasteskajs,ɾeabastesk,ɾeabastesk,L
ɾeabasteskajs,ɾeabasteskajs,ɾeabastesk,ɾeabastesk,L
ɾeabasteskajs,ɾeabasteskajs,ɾeabastesk,ɾeabastesk,L
ɾeabasteskajs,ɾeabasteskajs,ɾeabastesk,ɾeabastesk,L
ɾeabasteskajs,ɾeabasteskajs,ɾeabastesk,ɾeabastesk,L
ɾeabasteskajs,ɾeabasteskajs,ɾeabastesk,ɾeabastesk,L
ɾeabasteskajs,ɾeabasteskajs,ɾeabastesk,ɾeabastesk,L
ɾeabasteskajs,ɾeabasteskajs,ɾeabastesk,ɾeabastesk,L
ɾeabasteskajs,ɾeabasteskajs,ɾeabastesk,ɾeabastesk,L
ɾeabasteskajs,ɾeabasteskajs,ɾeabastesk,ɾeabastesk,L
ɾeabasteskajs,ɾeabasteskajs,ɾeabastesk,ɾeabastesk,L
ɾeabasteskajs,ɾeabasteskajs,ɾeabastesk,ɾeabastesk,L
ɾeabasteskajs,ɾeabasteskajs,ɾeabastesk,ɾeabastesk,L
ɾeabasteskajs,ɾeabasteskajs,ɾeabastesk,ɾeabastesk,L
ɾeabasteskajs,ɾeabasteskajs,ɾeabastesk,ɾeabastesk,L
ɾeabasteskajs,ɾeabasteskajs,ɾeabastesk,ɾeabastesk,L
ɾeabasteskajs,ɾeabasteskajs,ɾeabastesk,ɾeabastesk,L
ɾeabasteskajs,ɾeabasteskajs,ɾeabastesk,ɾeabastesk,L
ɾeabasteskamos,ɾeabastesemos,ɾeabastes,ɾeabastesk,L
ɾeabasteskamos,ɾeabastesemos,ɾeabastes,ɾeabastesk,L
ɾeabasteskamos,ɾeabastesemos,ɾeabastes,ɾeabastesk,L
ɾeabasteskamos,ɾeabastesemos,ɾeabastes,ɾeabastesk,L
ɾeabasteskamos,ɾeabasteskamos,ɾeabastesk,ɾeabastesk,L
ɾeabasteskamos,ɾeabasteskamos,ɾeabastesk,ɾeabastesk,L
ɾeabasteskamos,ɾeabasteskamos,ɾeabastesk,ɾeabastesk,L
ɾeabasteskamos,ɾeabasteskamos,ɾeabastesk,ɾeabastesk,L
ɾeabasteskamos,ɾeabasteskamos,ɾeabastesk,ɾeabastesk,L
ɾeabasteskamos,ɾeabasteskamos,ɾeabastesk,ɾeabastesk,L
ɾeabasteskamos,ɾeabastesemos,ɾeabastes,ɾeabastesk,L
ɾeabasteskamos,ɾeabastesemos,ɾeabastes,ɾeabastesk,L
ɾeabasteskamos,ɾeabastesemos,ɾeabastes,ɾeabastesk,L
ɾeabasteskamos,ɾeabasteskamos,ɾeabastesk,ɾeabastesk,L
ɾeabasteskamos,ɾeabasteskamos,ɾeabastesk,ɾeabastesk,L
ɾeabasteskamos,ɾeabasteskamos,ɾeabastesk,ɾeabastesk,L
ɾeabasteskamos,ɾeabasteskamos,ɾeabastesk,ɾeabastesk,L
ɾeabasteskamos,ɾeabasteskamos,ɾeabastesk,ɾeabastesk,L
ɾeabasteskamos,ɾeabasteskamos,ɾeabastesk,ɾeabastesk,L
ɾeabasteskamos,ɾeabasteskamos,ɾeabastesk,ɾeabastesk,L
ɾeabasteskamos,ɾeabasteskamos,ɾeabastesk,ɾeabastesk,L
ɾeabasteskamos,ɾeabasteskamos,ɾeabastesk,ɾeabastesk,L
ɾeabasteskamos,ɾeabasteskamos,ɾeabastesk,ɾeabastesk,L
ɾeabasteskamos,ɾeabasteskamos,ɾeabastesk,ɾeabastesk,L
ɾeabasteskamos,ɾeabasteskamos,ɾeabastesk,ɾeabastesk,L
ɾeabasteskamos,ɾeabasteskamos,ɾeabastesk,ɾeabastesk,L
ɾeabasteskamos,ɾeabasteskamos,ɾeabastesk,ɾeabastesk,L
ɾeabasteskamos,ɾeabasteskamos,ɾeabastesk,ɾeabastesk,L
ɾeabasteskamos,ɾeabasteskamos,ɾeabastesk,ɾeabastesk,L
ɾeabasteskamos,ɾeabasteskamos,ɾeabastesk,ɾeabastesk,L
ɾeabasteskamos,ɾeabasteskamos,ɾeabastesk,ɾeabastesk,L
ɾeabasteskamos,ɾeabasteskamos,ɾeabastesk,ɾeabastesk,L
ɾeabasteskamos,ɾeabasteskamos,ɾeabastesk,ɾeabastesk,L
ɾeabasteskamos,ɾeabasteskamos,ɾeabastesk,ɾeabastesk,L
ɾeabasteskamos,ɾeabasteskamos,ɾeabastesk,ɾeabastesk,L
ɾeabasteskamos,ɾeabasteskamos,ɾeabastesk,ɾeabastesk,L
ɾeabasteskamos,ɾeabasteskamos,ɾeabastesk,ɾeabastesk,L
ɾeabasteskamos,ɾeabasteskamos,ɾeabastesk,ɾeabastesk,L
ɾeabasteskamos,ɾeabasteskamos,ɾeabastesk,ɾeabastesk,L
ɾeabasteskamos,ɾeabasteskamos,ɾeabastesk,ɾeabastesk,L
ɾeabasteskamos,ɾeabasteskamos,ɾeabastesk,ɾeabastesk,L
ɾeabasteskamos,ɾeabasteskamos,ɾeabastesk,ɾeabastesk,L
ɾeabasteskamos,ɾeabasteskamos,ɾeabastesk,ɾeabastesk,L
ɾeabasteskamos,ɾeabasteskamos,ɾeabastesk,ɾeabastesk,L
ɾeabasteskamos,ɾeabasteskamos,ɾeabastesk,ɾeabastesk,L
ɾeabasteskamos,ɾeabasteskamos,ɾeabastesk,ɾeabastesk,L
ɾeabasteskamos,ɾeabasteskamos,ɾeabastesk,ɾeabastesk,L
ɾeabasteskamos,ɾeabasteskamos,ɾeabastesk,ɾeabastesk,L
ɾeabasteskamos,ɾeabasteskamos,ɾeabastesk,ɾeabastesk,L
ɾeabasteskamos,ɾeabasteskamos,ɾeabastesk,ɾeabastesk,L
ɾeabasteskamos,ɾeabasteskamos,ɾeabastesk,ɾeabastesk,L
ɾeabasteskamos,ɾeabasteskamos,ɾeabastesk,ɾeabastesk,L
ɾeabasteskamos,ɾeabasteskamos,ɾeabastesk,ɾeabastesk,L
ɾeabasteskamos,ɾeabasteskamos,ɾeabastesk,ɾeabastesk,L
ɾeabasteskamos,ɾeabasteskamos,ɾeabastesk,ɾeabastesk,L
ɾeabasteskan,ɾeabastesen,ɾeabastes,ɾeabastesk,L
ɾeabasteskan,ɾeabastesen,ɾeabastes,ɾeabastesk,L
ɾeabasteskan,ɾeabastesten,ɾeabastest,ɾeabastesk,L
ɾeabasteskan,ɾeabastesten,ɾeabastest,ɾeabastesk,L
ɾeabasteskan,ɾeabasteskan,ɾeabastesk,ɾeabastesk,L
ɾeabasteskan,ɾeabasteskan,ɾeabastesk,ɾeabastesk,L
ɾeabasteskan,ɾeabasteskan,ɾeabastesk,ɾeabastesk,L
ɾeabasteskan,ɾeabasteskan,ɾeabastesk,ɾeabastesk,L
ɾeabasteskan,ɾeabasteskan,ɾeabastesk,ɾeabastesk,L
ɾeabasteskan,ɾeabasteskan,ɾeabastesk,ɾeabastesk,L
ɾeabasteskan,ɾeabastesen,ɾeabastes,ɾeabastesk,L
ɾeabasteskan,ɾeabasteskan,ɾeabastesk,ɾeabastesk,L
ɾeabasteskan,ɾeabasteskan,ɾeabastesk,ɾeabastesk,L
ɾeabasteskan,ɾeabasteskan,ɾeabastesk,ɾeabastesk,L
ɾeabasteskan,ɾeabasteskan,ɾeabastesk,ɾeabastesk,L
ɾeabasteskan,ɾeabasteskan,ɾeabastesk,ɾeabastesk,L
ɾeabasteskan,ɾeabasteskan,ɾeabastesk,ɾeabastesk,L
ɾeabasteskan,ɾeabasteskan,ɾeabastesk,ɾeabastesk,L
ɾeabasteskan,ɾeabasteskan,ɾeabastesk,ɾeabastesk,L
ɾeabasteskan,ɾeabasteskan,ɾeabastesk,ɾeabastesk,L
ɾeabasteskan,ɾeabasteskan,ɾeabastesk,ɾeabastesk,L
ɾeabasteskan,ɾeabasteskan,ɾeabastesk,ɾeabastesk,L
ɾeabasteskan,ɾeabasteskan,ɾeabastesk,ɾeabastesk,L
ɾeabasteskan,ɾeabasteskan,ɾeabastesk,ɾeabastesk,L
ɾeabasteskan,ɾeabasteskan,ɾeabastesk,ɾeabastesk,L
ɾeabasteskan,ɾeabasteskan,ɾeabastesk,ɾeabastesk,L
ɾeabasteskan,ɾeabasteskan,ɾeabastesk,ɾeabastesk,L
ɾeabasteskan,ɾeabasteskan,ɾeabastesk,ɾeabastesk,L
ɾeabasteskan,ɾeabasteskan,ɾeabastesk,ɾeabastesk,L
ɾeabasteskan,ɾeabasteskan,ɾeabastesk,ɾeabastesk,L
ɾeabasteskan,ɾeabasteskan,ɾeabastesk,ɾeabastesk,L
ɾeabasteskan,ɾeabasteskan,ɾeabastesk,ɾeabastesk,L
ɾeabasteskan,ɾeabasteskan,ɾeabastesk,ɾeabastesk,L
ɾeabasteskan,ɾeabasteskan,ɾeabastesk,ɾeabastesk,L
ɾeabasteskan,ɾeabasteskan,ɾeabastesk,ɾeabastesk,L
ɾeabasteskan,ɾeabasteskan,ɾeabastesk,ɾeabastesk,L
ɾeabasteskan,ɾeabasteskan,ɾeabastesk,ɾeabastesk,L
ɾeabasteskan,ɾeabasteskan,ɾeabastesk,ɾeabastesk,L
ɾeabasteskan,ɾeabasteskan,ɾeabastesk,ɾeabastesk,L
ɾeabasteskan,ɾeabasteskan,ɾeabastesk,ɾeabastesk,L
ɾeabasteskan,ɾeabasteskan,ɾeabastesk,ɾeabastesk,L
ɾeabasteskan,ɾeabasteskan,ɾeabastesk,ɾeabastesk,L
ɾeabasteskan,ɾeabasteskan,ɾeabastesk,ɾeabastesk,L
ɾeabasteskan,ɾeabasteskan,ɾeabastesk,ɾeabastesk,L
ɾeabasteskan,ɾeabasteskan,ɾeabastesk,ɾeabastesk,L
ɾeabasteskan,ɾeabasteskan,ɾeabastesk,ɾeabastesk,L
ɾeabasteskan,ɾeabasteskan,ɾeabastesk,ɾeabastesk,L
ɾeabasteskan,ɾeabasteskan,ɾeabastesk,ɾeabastesk,L
ɾeabasteskan,ɾeabasteskan,ɾeabastesk,ɾeabastesk,L
ɾeabasteskan,ɾeabasteskan,ɾeabastesk,ɾeabastesk,L
ɾeabasteskan,ɾeabasteskan,ɾeabastesk,ɾeabastesk,L
ɾeabasteskan,ɾeabasteskan,ɾeabastesk,ɾeabastesk,L
ɾeabasteskan,ɾeabasteskan,ɾeabastesk,ɾeabastesk,L
ɾeabasteskan,ɾeabasteskan,ɾeabastesk,ɾeabastesk,L
ɾeabasteskan,ɾeabasteskan,ɾeabastesk,ɾeabastesk,L
ɾeabasteskas,ɾeabasteses,ɾeabastes,ɾeabastesk,L
ɾeabasteskas,ɾeabasteses,ɾeabastes,ɾeabastesk,L
ɾeabasteskas,ɾeabasteses,ɾeabastes,ɾeabastesk,L
ɾeabasteskas,ɾeabastestes,ɾeabastest,ɾeabastesk,L
ɾeabasteskas,ɾeabasteskas,ɾeabastesk,ɾeabastesk,L
ɾeabasteskas,ɾeabasteskas,ɾeabastesk,ɾeabastesk,L
ɾeabasteskas,ɾeabasteskas,ɾeabastesk,ɾeabastesk,L
ɾeabasteskas,ɾeabasteskas,ɾeabastesk,ɾeabastesk,L
ɾeabasteskas,ɾeabasteskas,ɾeabastesk,ɾeabastesk,L
ɾeabasteskas,ɾeabasteskas,ɾeabastesk,ɾeabastesk,L
ɾeabasteskas,ɾeabasteses,ɾeabastes,ɾeabastesk,L
ɾeabasteskas,ɾeabasteses,ɾeabastes,ɾeabastesk,L
ɾeabasteskas,ɾeabasteses,ɾeabastes,ɾeabastesk,L
ɾeabasteskas,ɾeabasteskas,ɾeabastesk,ɾeabastesk,L
ɾeabasteskas,ɾeabasteskas,ɾeabastesk,ɾeabastesk,L
ɾeabasteskas,ɾeabasteskas,ɾeabastesk,ɾeabastesk,L
ɾeabasteskas,ɾeabasteskas,ɾeabastesk,ɾeabastesk,L
ɾeabasteskas,ɾeabasteskas,ɾeabastesk,ɾeabastesk,L
ɾeabasteskas,ɾeabasteskas,ɾeabastesk,ɾeabastesk,L
ɾeabasteskas,ɾeabasteskas,ɾeabastesk,ɾeabastesk,L
ɾeabasteskas,ɾeabasteskas,ɾeabastesk,ɾeabastesk,L
ɾeabasteskas,ɾeabasteskas,ɾeabastesk,ɾeabastesk,L
ɾeabasteskas,ɾeabasteskas,ɾeabastesk,ɾeabastesk,L
ɾeabasteskas,ɾeabasteskas,ɾeabastesk,ɾeabastesk,L
ɾeabasteskas,ɾeabasteskas,ɾeabastesk,ɾeabastesk,L
ɾeabasteskas,ɾeabasteskas,ɾeabastesk,ɾeabastesk,L
ɾeabasteskas,ɾeabasteskas,ɾeabastesk,ɾeabastesk,L
ɾeabasteskas,ɾeabasteskas,ɾeabastesk,ɾeabastesk,L
ɾeabasteskas,ɾeabasteskas,ɾeabastesk,ɾeabastesk,L
ɾeabasteskas,ɾeabasteskas,ɾeabastesk,ɾeabastesk,L
ɾeabasteskas,ɾeabasteskas,ɾeabastesk,ɾeabastesk,L
ɾeabasteskas,ɾeabasteskas,ɾeabastesk,ɾeabastesk,L
ɾeabasteskas,ɾeabasteskas,ɾeabastesk,ɾeabastesk,L
ɾeabasteskas,ɾeabasteskas,ɾeabastesk,ɾeabastesk,L
ɾeabasteskas,ɾeabasteskas,ɾeabastesk,ɾeabastesk,L
ɾeabasteskas,ɾeabasteskas,ɾeabastesk,ɾeabastesk,L
ɾeabasteskas,ɾeabasteskas,ɾeabastesk,ɾeabastesk,L
ɾeabasteskas,ɾeabasteskas,ɾeabastesk,ɾeabastesk,L
ɾeabasteskas,ɾeabasteskas,ɾeabastesk,ɾeabastesk,L
ɾeabasteskas,ɾeabasteskas,ɾeabastesk,ɾeabastesk,L
ɾeabasteskas,ɾeabasteskas,ɾeabastesk,ɾeabastesk,L
ɾeabasteskas,ɾeabasteskas,ɾeabastesk,ɾeabastesk,L
ɾeabasteskas,ɾeabasteskas,ɾeabastesk,ɾeabastesk,L
ɾeabasteskas,ɾeabasteskas,ɾeabastesk,ɾeabastesk,L
ɾeabasteskas,ɾeabasteskas,ɾeabastesk,ɾeabastesk,L
ɾeabasteskas,ɾeabasteskas,ɾeabastesk,ɾeabastesk,L
ɾeabasteskas,ɾeabasteskas,ɾeabastesk,ɾeabastesk,L
ɾeabasteskas,ɾeabasteskas,ɾeabastesk,ɾeabastesk,L
ɾeabasteskas,ɾeabasteskas,ɾeabastesk,ɾeabastesk,L
ɾeabasteskas,ɾeabasteskas,ɾeabastesk,ɾeabastesk,L
ɾeabasteskas,ɾeabasteskas,ɾeabastesk,ɾeabastesk,L
ɾeabasteskas,ɾeabasteskas,ɾeabastesk,ɾeabastesk,L
ɾeabasteskas,ɾeabasteskas,ɾeabastesk,ɾeabastesk,L
ɾeabasteskas,ɾeabasteskas,ɾeabastesk,ɾeabastesk,L
ɾeabasteskas,ɾeabasteskas,ɾeabastesk,ɾeabastesk,L
ɾeabasteska,ɾeabastese,ɾeabastes,ɾeabastesk,L
ɾeabasteska,ɾeabasteste,ɾeabastest,ɾeabastesk,L
ɾeabasteska,ɾeabasteste,ɾeabastest,ɾeabastesk,L
ɾeabasteska,ɾeabasteste,ɾeabastest,ɾeabastesk,L
ɾeabasteska,ɾeabasteska,ɾeabastesk,ɾeabastesk,L
ɾeabasteska,ɾeabasteska,ɾeabastesk,ɾeabastesk,L
ɾeabasteska,ɾeabasteska,ɾeabastesk,ɾeabastesk,L
ɾeabasteska,ɾeabasteska,ɾeabastesk,ɾeabastesk,L
ɾeabasteska,ɾeabasteska,ɾeabastesk,ɾeabastesk,L
ɾeabasteska,ɾeabasteska,ɾeabastesk,ɾeabastesk,L
ɾeabasteska,ɾeabastese,ɾeabastes,ɾeabastesk,L
ɾeabasteska,ɾeabastese,ɾeabastes,ɾeabastesk,L
ɾeabasteska,ɾeabasteste,ɾeabastest,ɾeabastesk,L
ɾeabasteska,ɾeabasteska,ɾeabastesk,ɾeabastesk,L
ɾeabasteska,ɾeabasteska,ɾeabastesk,ɾeabastesk,L
ɾeabasteska,ɾeabasteska,ɾeabastesk,ɾeabastesk,L
ɾeabasteska,ɾeabasteska,ɾeabastesk,ɾeabastesk,L
ɾeabasteska,ɾeabasteska,ɾeabastesk,ɾeabastesk,L
ɾeabasteska,ɾeabasteska,ɾeabastesk,ɾeabastesk,L
ɾeabasteska,ɾeabasteska,ɾeabastesk,ɾeabastesk,L
ɾeabasteska,ɾeabasteska,ɾeabastesk,ɾeabastesk,L
ɾeabasteska,ɾeabasteska,ɾeabastesk,ɾeabastesk,L
ɾeabasteska,ɾeabasteska,ɾeabastesk,ɾeabastesk,L
ɾeabasteska,ɾeabasteska,ɾeabastesk,ɾeabastesk,L
ɾeabasteska,ɾeabasteska,ɾeabastesk,ɾeabastesk,L
ɾeabasteska,ɾeabasteska,ɾeabastesk,ɾeabastesk,L
ɾeabasteska,ɾeabasteska,ɾeabastesk,ɾeabastesk,L
ɾeabasteska,ɾeabasteska,ɾeabastesk,ɾeabastesk,L
ɾeabasteska,ɾeabasteska,ɾeabastesk,ɾeabastesk,L
ɾeabasteska,ɾeabasteska,ɾeabastesk,ɾeabastesk,L
ɾeabasteska,ɾeabasteska,ɾeabastesk,ɾeabastesk,L
ɾeabasteska,ɾeabasteska,ɾeabastesk,ɾeabastesk,L
ɾeabasteska,ɾeabasteska,ɾeabastesk,ɾeabastesk,L
ɾeabasteska,ɾeabasteska,ɾeabastesk,ɾeabastesk,L
ɾeabasteska,ɾeabasteska,ɾeabastesk,ɾeabastesk,L
ɾeabasteska,ɾeabasteska,ɾeabastesk,ɾeabastesk,L
ɾeabasteska,ɾeabasteska,ɾeabastesk,ɾeabastesk,L
ɾeabasteska,ɾeabasteska,ɾeabastesk,ɾeabastesk,L
ɾeabasteska,ɾeabasteska,ɾeabastesk,ɾeabastesk,L
ɾeabasteska,ɾeabasteska,ɾeabastesk,ɾeabastesk,L
ɾeabasteska,ɾeabasteska,ɾeabastesk,ɾeabastesk,L
ɾeabasteska,ɾeabasteska,ɾeabastesk,ɾeabastesk,L
ɾeabasteska,ɾeabasteska,ɾeabastesk,ɾeabastesk,L
ɾeabasteska,ɾeabasteska,ɾeabastesk,ɾeabastesk,L
ɾeabasteska,ɾeabasteska,ɾeabastesk,ɾeabastesk,L
ɾeabasteska,ɾeabasteska,ɾeabastesk,ɾeabastesk,L
ɾeabasteska,ɾeabasteska,ɾeabastesk,ɾeabastesk,L
ɾeabasteska,ɾeabasteska,ɾeabastesk,ɾeabastesk,L
ɾeabasteska,ɾeabasteska,ɾeabastesk,ɾeabastesk,L
ɾeabasteska,ɾeabasteska,ɾeabastesk,ɾeabastesk,L
ɾeabasteska,ɾeabasteska,ɾeabastesk,ɾeabastesk,L
ɾeabasteska,ɾeabasteska,ɾeabastesk,ɾeabastesk,L
ɾeabasteska,ɾeabasteska,ɾeabastesk,ɾeabastesk,L
ɾeabasteska,ɾeabasteska,ɾeabastesk,ɾeabastesk,L
ɾeabasteska,ɾeabasteska,ɾeabastesk,ɾeabastesk,L
ɾeabasteska,ɾeabastese,ɾeabastes,ɾeabastesk,L
ɾeabasteska,ɾeabasteste,ɾeabastest,ɾeabastesk,L
ɾeabasteska,ɾeabasteste,ɾeabastest,ɾeabastesk,L
ɾeabasteska,ɾeabasteste,ɾeabastest,ɾeabastesk,L
ɾeabasteska,ɾeabasteska,ɾeabastesk,ɾeabastesk,L
ɾeabasteska,ɾeabasteska,ɾeabastesk,ɾeabastesk,L
ɾeabasteska,ɾeabasteska,ɾeabastesk,ɾeabastesk,L
ɾeabasteska,ɾeabasteska,ɾeabastesk,ɾeabastesk,L
ɾeabasteska,ɾeabasteska,ɾeabastesk,ɾeabastesk,L
ɾeabasteska,ɾeabasteska,ɾeabastesk,ɾeabastesk,L
ɾeabasteska,ɾeabasteste,ɾeabastest,ɾeabastesk,L
ɾeabasteska,ɾeabasteste,ɾeabastest,ɾeabastesk,L
ɾeabasteska,ɾeabasteste,ɾeabastest,ɾeabastesk,L
ɾeabasteska,ɾeabasteska,ɾeabastesk,ɾeabastesk,L
ɾeabasteska,ɾeabasteska,ɾeabastesk,ɾeabastesk,L
ɾeabasteska,ɾeabasteska,ɾeabastesk,ɾeabastesk,L
ɾeabasteska,ɾeabasteska,ɾeabastesk,ɾeabastesk,L
ɾeabasteska,ɾeabasteska,ɾeabastesk,ɾeabastesk,L
ɾeabasteska,ɾeabasteska,ɾeabastesk,ɾeabastesk,L
ɾeabasteska,ɾeabasteska,ɾeabastesk,ɾeabastesk,L
ɾeabasteska,ɾeabasteste,ɾeabastest,ɾeabastesk,L
ɾeabasteska,ɾeabasteska,ɾeabastesk,ɾeabastesk,L
ɾeabasteska,ɾeabasteska,ɾeabastesk,ɾeabastesk,L
ɾeabasteska,ɾeabasteska,ɾeabastesk,ɾeabastesk,L
ɾeabasteska,ɾeabasteska,ɾeabastesk,ɾeabastesk,L
ɾeabasteska,ɾeabasteska,ɾeabastesk,ɾeabastesk,L
ɾeabasteska,ɾeabasteska,ɾeabastesk,ɾeabastesk,L
ɾeabasteska,ɾeabasteste,ɾeabastest,ɾeabastesk,L
ɾeabasteska,ɾeabasteska,ɾeabastesk,ɾeabastesk,L
ɾeabasteska,ɾeabasteska,ɾeabastesk,ɾeabastesk,L
ɾeabasteska,ɾeabasteska,ɾeabastesk,ɾeabastesk,L
ɾeabasteska,ɾeabasteska,ɾeabastesk,ɾeabastesk,L
ɾeabasteska,ɾeabasteska,ɾeabastesk,ɾeabastesk,L
ɾeabasteska,ɾeabasteska,ɾeabastesk,ɾeabastesk,L
ɾeabasteska,ɾeabasteska,ɾeabastesk,ɾeabastesk,L
ɾeabasteska,ɾeabasteska,ɾeabastesk,ɾeabastesk,L
ɾeabasteska,ɾeabasteska,ɾeabastesk,ɾeabastesk,L
ɾeabasteska,ɾeabasteska,ɾeabastesk,ɾeabastesk,L
ɾeabasteska,ɾeabasteska,ɾeabastesk,ɾeabastesk,L
ɾeabasteska,ɾeabasteska,ɾeabastesk,ɾeabastesk,L
ɾeabasteska,ɾeabasteska,ɾeabastesk,ɾeabastesk,L
ɾeabasteska,ɾeabasteska,ɾeabastesk,ɾeabastesk,L
ɾeabasteska,ɾeabasteska,ɾeabastesk,ɾeabastesk,L
ɾeabasteska,ɾeabasteska,ɾeabastesk,ɾeabastesk,L
ɾeabasteska,ɾeabasteska,ɾeabastesk,ɾeabastesk,L
ɾeabasteska,ɾeabasteska,ɾeabastesk,ɾeabastesk,L
ɾeabasteska,ɾeabasteska,ɾeabastesk,ɾeabastesk,L
ɾeabasteska,ɾeabasteska,ɾeabastesk,ɾeabastesk,L
ɾeabasteska,ɾeabasteska,ɾeabastesk,ɾeabastesk,L
ɾeabasteska,ɾeabasteska,ɾeabastesk,ɾeabastesk,L
ɾeabasteska,ɾeabasteska,ɾeabastesk,ɾeabastesk,L
ɾeabasteska,ɾeabasteska,ɾeabastesk,ɾeabastesk,L
ɾeabasteska,ɾeabasteska,ɾeabastesk,ɾeabastesk,L
ɾeabasteska,ɾeabasteska,ɾeabastesk,ɾeabastesk,L
ɾeabasteska,ɾeabasteska,ɾeabastesk,ɾeabastesk,L
ɾeabastesko,ɾeabastesko,ɾeabastesk,ɾeabastesk,L
ɾeabastesko,ɾeabastesko,ɾeabastesk,ɾeabastesk,L
ɾeabastesko,ɾeabastesko,ɾeabastesk,ɾeabastesk,L
ɾeabastesko,ɾeabastesko,ɾeabastesk,ɾeabastesk,L
ɾeabastesko,ɾeabastesko,ɾeabastesk,ɾeabastesk,L
ɾeabastesko,ɾeabastesko,ɾeabastesk,ɾeabastesk,L
ɾeabastesko,ɾeabastesko,ɾeabastesk,ɾeabastesk,L
ɾeabastesko,ɾeabastesko,ɾeabastesk,ɾeabastesk,L
ɾeabastesko,ɾeabastesko,ɾeabastesk,ɾeabastesk,L
ɾeabastesko,ɾeabastesko,ɾeabastesk,ɾeabastesk,L
ɾeabastesko,ɾeabastesko,ɾeabastesk,ɾeabastesk,L
ɾeabastesko,ɾeabastesko,ɾeabastesk,ɾeabastesk,L
ɾeabastesko,ɾeabastesko,ɾeabastesk,ɾeabastesk,L
ɾeabastesko,ɾeabastesko,ɾeabastesk,ɾeabastesk,L
ɾeabastesko,ɾeabastesko,ɾeabastesk,ɾeabastesk,L
ɾeabastesko,ɾeabastesko,ɾeabastesk,ɾeabastesk,L
ɾeabastesko,ɾeabastesko,ɾeabastesk,ɾeabastesk,L
ɾeabastesko,ɾeabastesko,ɾeabastesk,ɾeabastesk,L
ɾeabastesko,ɾeabastesko,ɾeabastesk,ɾeabastesk,L
ɾeabastesko,ɾeabastesko,ɾeabastesk,ɾeabastesk,L
ɾeabastesko,ɾeabastesko,ɾeabastesk,ɾeabastesk,L
ɾeabastesko,ɾeabastesko,ɾeabastesk,ɾeabastesk,L
ɾeabastesko,ɾeabastesko,ɾeabastesk,ɾeabastesk,L
ɾeabastesko,ɾeabastesko,ɾeabastesk,ɾeabastesk,L
ɾeabastesko,ɾeabastesko,ɾeabastesk,ɾeabastesk,L
ɾeabastesko,ɾeabastesko,ɾeabastesk,ɾeabastesk,L
ɾeabastesko,ɾeabastesko,ɾeabastesk,ɾeabastesk,L
ɾeabastesko,ɾeabastesko,ɾeabastesk,ɾeabastesk,L
ɾeabastesko,ɾeabastesko,ɾeabastesk,ɾeabastesk,L
ɾeabastesko,ɾeabastesko,ɾeabastesk,ɾeabastesk,L
ɾeabastesko,ɾeabastesko,ɾeabastesk,ɾeabastesk,L
ɾeabastesko,ɾeabastesko,ɾeabastesk,ɾeabastesk,L
ɾeabastesko,ɾeabastesko,ɾeabastesk,ɾeabastesk,L
ɾeabastesko,ɾeabastesko,ɾeabastesk,ɾeabastesk,L
ɾeabastesko,ɾeabastesko,ɾeabastesk,ɾeabastesk,L
ɾeabastesko,ɾeabastesko,ɾeabastesk,ɾeabastesk,L
ɾeabastesko,ɾeabastesko,ɾeabastesk,ɾeabastesk,L
ɾeabastesko,ɾeabastesko,ɾeabastesk,ɾeabastesk,L
ɾeabastesko,ɾeabastesko,ɾeabastesk,ɾeabastesk,L
ɾeabastesko,ɾeabastesko,ɾeabastesk,ɾeabastesk,L
ɾeabastesko,ɾeabastesko,ɾeabastesk,ɾeabastesk,L
ɾeabastesko,ɾeabastesko,ɾeabastesk,ɾeabastesk,L
ɾeabastesko,ɾeabastesko,ɾeabastesk,ɾeabastesk,L
ɾeabastesko,ɾeabastesko,ɾeabastesk,ɾeabastesk,L
ɾeabastesko,ɾeabastesko,ɾeabastesk,ɾeabastesk,L
ɾeabastesko,ɾeabastesko,ɾeabastesk,ɾeabastesk,L
ɾeabastesko,ɾeabastesko,ɾeabastesk,ɾeabastesk,L
ɾeabastesko,ɾeabastesko,ɾeabastesk,ɾeabastesk,L
ɾeabastesko,ɾeabastesko,ɾeabastesk,ɾeabastesk,L
ɾeabastesko,ɾeabastesko,ɾeabastesk,ɾeabastesk,L
ɾeabastesko,ɾeabastesko,ɾeabastesk,ɾeabastesk,L
ɾeabastesko,ɾeabastesko,ɾeabastesk,ɾeabastesk,L
ɾeabastesko,ɾeabastesko,ɾeabastesk,ɾeabastesk,L
ɾeabastesko,ɾeabastesko,ɾeabastesk,ɾeabastesk,L
ɾeabastesko,ɾeabastesko,ɾeabastesk,ɾeabastesk,L
antedesimos,antedesemos,antedes,antedes,L
antedesimos,antedesemos,antedes,antedes,L
antedesimos,antedesemos,antedes,antedes,L
antedesimos,antedesemos,antedes,antedes,L
antedesimos,antedesemos,antedes,antedes,L
antedesimos,antedesemos,antedes,antedes,L
antedesimos,antedesemos,antedes,antedes,L
antedesimos,antedesemos,antedes,antedes,L
antedesimos,antedesemos,antedes,antedes,L
antedesimos,antedesemos,antedes,antedes,L
antedesimos,antedisamos,antedis,antedes,L
antedesimos,antedisamos,antedis,antedes,L
antedesimos,antedisamos,antedis,antedes,L
antedesimos,antedisamos,antedis,antedes,L
antedesimos,antedisamos,antedis,antedes,L
antedesimos,antedisamos,antedis,antedes,L
antedesimos,antedisamos,antedis,antedes,L
antedesimos,antedisamos,antedis,antedes,L
antedesimos,antedisamos,antedis,antedes,L
antedesimos,antedisamos,antedis,antedes,L
antedesimos,antedisamos,antedis,antedes,L
antedesimos,antedisamos,antedis,antedes,L
antedesimos,antedisamos,antedis,antedes,L
antedesimos,antedisamos,antedis,antedes,L
antedesimos,antedisamos,antedis,antedes,L
antedesimos,antedisamos,antedis,antedes,L
antedesimos,antedisamos,antedis,antedes,L
antedesimos,antedisamos,antedis,antedes,L
antedesimos,antedisamos,antedis,antedes,L
antedesimos,antedisamos,antedis,antedes,L
antedesimos,antedisamos,antedis,antedes,L
antedesimos,antedisamos,antedis,antedes,L
antedesimos,antedisamos,antedis,antedes,L
antedesimos,antedisamos,antedis,antedes,L
antedesimos,antediɡamos,antediɡ,antedes,L
antedesimos,antediɡamos,antediɡ,antedes,L
antedesimos,antediɡamos,antediɡ,antedes,L
antedesimos,antediɡamos,antediɡ,antedes,L
antedesimos,antediɡamos,antediɡ,antedes,L
antedesimos,antediɡamos,antediɡ,antedes,L
antedesimos,antediɡamos,antediɡ,antedes,L
antedesimos,antediɡamos,antediɡ,antedes,L
antedesimos,antediɡamos,antediɡ,antedes,L
antedesimos,antediɡamos,antediɡ,antedes,L
antedesimos,antediɡamos,antediɡ,antedes,L
antedesimos,antediɡamos,antediɡ,antedes,L
antedesimos,antediɡamos,antediɡ,antedes,L
antedesimos,antediɡamos,antediɡ,antedes,L
antedesimos,antediɡamos,antediɡ,antedes,L
antedesimos,antediɡamos,antediɡ,antedes,L
antedesimos,antediɡamos,antediɡ,antedes,L
antedesimos,antediɡamos,antediɡ,antedes,L
antedesimos,antediɡamos,antediɡ,antedes,L
antedesimos,antediɡamos,antediɡ,antedes,L
antedesimos,antediɡamos,antediɡ,antedes,L
antedesis,antedesejs,antedes,antedes,L
antedesis,antedesejs,antedes,antedes,L
antedesis,antedesejs,antedes,antedes,L
antedesis,antedesejs,antedes,antedes,L
antedesis,antedesejs,antedes,antedes,L
antedesis,antedesejs,antedes,antedes,L
antedesis,antedesejs,antedes,antedes,L
antedesis,antedesejs,antedes,antedes,L
antedesis,antedesejs,antedes,antedes,L
antedesis,antedesejs,antedes,antedes,L
antedesis,antedisajs,antedis,antedes,L
antedesis,antedisajs,antedis,antedes,L
antedesis,antedisajs,antedis,antedes,L
antedesis,antedisajs,antedis,antedes,L
antedesis,antedisajs,antedis,antedes,L
antedesis,antedisajs,antedis,antedes,L
antedesis,antedisajs,antedis,antedes,L
antedesis,antedisajs,antedis,antedes,L
antedesis,antedisajs,antedis,antedes,L
antedesis,antedisajs,antedis,antedes,L
antedesis,antedisajs,antedis,antedes,L
antedesis,antedisajs,antedis,antedes,L
antedesis,antedisajs,antedis,antedes,L
antedesis,antedisajs,antedis,antedes,L
antedesis,antedisajs,antedis,antedes,L
antedesis,antedisajs,antedis,antedes,L
antedesis,antedisajs,antedis,antedes,L
antedesis,antedisajs,antedis,antedes,L
antedesis,antedisajs,antedis,antedes,L
antedesis,antedisajs,antedis,antedes,L
antedesis,antedisajs,antedis,antedes,L
antedesis,antedisajs,antedis,antedes,L
antedesis,antedisajs,antedis,antedes,L
antedesis,antedisajs,antedis,antedes,L
antedesis,antediɡajs,antediɡ,antedes,L
antedesis,antediɡajs,antediɡ,antedes,L
antedesis,antediɡajs,antediɡ,antedes,L
antedesis,antediɡajs,antediɡ,antedes,L
antedesis,antediɡajs,antediɡ,antedes,L
antedesis,antediɡajs,antediɡ,antedes,L
antedesis,antediɡajs,antediɡ,antedes,L
antedesis,antediɡajs,antediɡ,antedes,L
antedesis,antediɡajs,antediɡ,antedes,L
antedesis,antediɡajs,antediɡ,antedes,L
antedesis,antediɡajs,antediɡ,antedes,L
antedesis,antediɡajs,antediɡ,antedes,L
antedesis,antediɡajs,antediɡ,antedes,L
antedesis,antediɡajs,antediɡ,antedes,L
antedesis,antediɡajs,antediɡ,antedes,L
antedesis,antediɡajs,antediɡ,antedes,L
antedesis,antediɡajs,antediɡ,antedes,L
antedesis,antediɡajs,antediɡ,antedes,L
antedesis,antediɡajs,antediɡ,antedes,L
antedesis,antediɡajs,antediɡ,antedes,L
antedesis,antediɡajs,antediɡ,antedes,L
antedisen,antjeden,antjed,antedis,L
antedisen,antedesen,antedes,antedis,L
antedisen,antedesen,antedes,antedis,L
antedisen,antedesen,antedes,antedis,L
antedisen,antedesen,antedes,antedis,L
antedisen,antjeden,antjed,antedis,L
antedisen,antjeden,antjed,antedis,L
antedisen,antjeden,antjed,antedis,L
antedisen,antjeden,antjed,antedis,L
antedisen,antjeden,antjed,antedis,L
antedisen,antjeden,antjed,antedis,L
antedisen,antjeden,antjed,antedis,L
antedisen,antjeden,antjed,antedis,L
antedisen,antjeden,antjed,antedis,L
antedisen,antjeden,antjed,antedis,L
antedisen,antjeden,antjed,antedis,L
antedisen,antjeden,antjed,antedis,L
antedisen,antjeden,antjed,antedis,L
antedisen,antjeden,antjed,antedis,L
antedisen,antedisan,antedis,antedis,L
antedisen,antedisan,antedis,antedis,L
antedisen,antedisan,antedis,antedis,L
antedisen,antedisan,antedis,antedis,L
antedisen,antedisan,antedis,antedis,L
antedisen,antedisan,antedis,antedis,L
antedisen,antedisan,antedis,antedis,L
antedisen,antedisan,antedis,antedis,L
antedisen,antedisan,antedis,antedis,L
antedisen,antedisan,antedis,antedis,L
antedisen,antedisan,antedis,antedis,L
antedisen,antedisan,antedis,antedis,L
antedisen,antedisan,antedis,antedis,L
antedisen,antedisan,antedis,antedis,L
antedisen,antedisan,antedis,antedis,L
antedisen,antediɡan,antediɡ,antedis,L
antedisen,antediɡan,antediɡ,antedis,L
antedisen,antediɡan,antediɡ,antedis,L
antedisen,antediɡan,antediɡ,antedis,L
antedisen,antediɡan,antediɡ,antedis,L
antedisen,antediɡan,antediɡ,antedis,L
antedisen,antediɡan,antediɡ,antedis,L
antedisen,antediɡan,antediɡ,antedis,L
antedisen,antediɡan,antediɡ,antedis,L
antedisen,antediɡan,antediɡ,antedis,L
antedisen,antediɡan,antediɡ,antedis,L
antedisen,antediɡan,antediɡ,antedis,L
antedisen,antediɡan,antediɡ,antedis,L
antedisen,antediɡan,antediɡ,antedis,L
antedisen,antediɡan,antediɡ,antedis,L
antedisen,antediɡan,antediɡ,antedis,L
antedisen,antediɡan,antediɡ,antedis,L
antedisen,antediɡan,antediɡ,antedis,L
antedisen,antediɡan,antediɡ,antedis,L
antedisen,antediɡan,antediɡ,antedis,L
antedisen,antediɡan,antediɡ,antedis,L
antedises,antjedes,antjed,antedis,L
antedises,antedeses,antedes,antedis,L
antedises,antedeses,antedes,antedis,L
antedises,antedeses,antedes,antedis,L
antedises,antedeses,antedes,antedis,L
antedises,antjedes,antjed,antedis,L
antedises,antjedes,antjed,antedis,L
antedises,antjedes,antjed,antedis,L
antedises,antjedes,antjed,antedis,L
antedises,antjedes,antjed,antedis,L
antedises,antjedes,antjed,antedis,L
antedises,antjedes,antjed,antedis,L
antedises,antjedes,antjed,antedis,L
antedises,antjedes,antjed,antedis,L
antedises,antjedes,antjed,antedis,L
antedises,antjedes,antjed,antedis,L
antedises,antjedes,antjed,antedis,L
antedises,antjedes,antjed,antedis,L
antedises,antjedes,antjed,antedis,L
antedises,antedisas,antedis,antedis,L
antedises,antedisas,antedis,antedis,L
antedises,antedisas,antedis,antedis,L
antedises,antedisas,antedis,antedis,L
antedises,antedisas,antedis,antedis,L
antedises,antedisas,antedis,antedis,L
antedises,antedisas,antedis,antedis,L
antedises,antedisas,antedis,antedis,L
antedises,antedisas,antedis,antedis,L
antedises,antedisas,antedis,antedis,L
antedises,antedisas,antedis,antedis,L
antedises,antedisas,antedis,antedis,L
antedises,antedisas,antedis,antedis,L
antedises,antedisas,antedis,antedis,L
antedises,antedisas,antedis,antedis,L
antedises,antediɡas,antediɡ,antedis,L
antedises,antediɡas,antediɡ,antedis,L
antedises,antediɡas,antediɡ,antedis,L
antedises,antediɡas,antediɡ,antedis,L
antedises,antediɡas,antediɡ,antedis,L
antedises,antediɡas,antediɡ,antedis,L
antedises,antediɡas,antediɡ,antedis,L
antedises,antediɡas,antediɡ,antedis,L
antedises,antediɡas,antediɡ,antedis,L
antedises,antediɡas,antediɡ,antedis,L
antedises,antediɡas,antediɡ,antedis,L
antedises,antediɡas,antediɡ,antedis,L
antedises,antediɡas,antediɡ,antedis,L
antedises,antediɡas,antediɡ,antedis,L
antedises,antediɡas,antediɡ,antedis,L
antedises,antediɡas,antediɡ,antedis,L
antedises,antediɡas,antediɡ,antedis,L
antedises,antediɡas,antediɡ,antedis,L
antedises,antediɡas,antediɡ,antedis,L
antedises,antediɡas,antediɡ,antedis,L
antedises,antediɡas,antediɡ,antedis,L
antedise,antjede,antjed,antedis,L
antedise,antedese,antedes,antedis,L
antedise,antedese,antedes,antedis,L
antedise,antedese,antedes,antedis,L
antedise,antedese,antedes,antedis,L
antedise,antjede,antjed,antedis,L
antedise,antjede,antjed,antedis,L
antedise,antjede,antjed,antedis,L
antedise,antedese,antedes,antedis,L
antedise,antjede,antjed,antedis,L
antedise,antjede,antjed,antedis,L
antedise,antjede,antjed,antedis,L
antedise,antjede,antjed,antedis,L
antedise,antjede,antjed,antedis,L
antedise,antjede,antjed,antedis,L
antedise,antjede,antjed,antedis,L
antedise,antjede,antjed,antedis,L
antedise,antjede,antjed,antedis,L
antedise,antjede,antjed,antedis,L
antedise,antedisa,antedis,antedis,L
antedise,antedisa,antedis,antedis,L
antedise,antedisa,antedis,antedis,L
antedise,antedisa,antedis,antedis,L
antedise,antedisa,antedis,antedis,L
antedise,antedisa,antedis,antedis,L
antedise,antedisa,antedis,antedis,L
antedise,antedisa,antedis,antedis,L
antedise,antedisa,antedis,antedis,L
antedise,antedisa,antedis,antedis,L
antedise,antedisa,antedis,antedis,L
antedise,antedisa,antedis,antedis,L
antedise,antedisa,antedis,antedis,L
antedise,antedisa,antedis,antedis,L
antedise,antedisa,antedis,antedis,L
antedise,antediɡa,antediɡ,antedis,L
antedise,antediɡa,antediɡ,antedis,L
antedise,antediɡa,antediɡ,antedis,L
antedise,antediɡa,antediɡ,antedis,L
antedise,antediɡa,antediɡ,antedis,L
antedise,antediɡa,antediɡ,antedis,L
antedise,antediɡa,antediɡ,antedis,L
antedise,antediɡa,antediɡ,antedis,L
antedise,antediɡa,antediɡ,antedis,L
antedise,antediɡa,antediɡ,antedis,L
antedise,antediɡa,antediɡ,antedis,L
antedise,antediɡa,antediɡ,antedis,L
antedise,antediɡa,antediɡ,antedis,L
antedise,antediɡa,antediɡ,antedis,L
antedise,antediɡa,antediɡ,antedis,L
antedise,antediɡa,antediɡ,antedis,L
antedise,antediɡa,antediɡ,antedis,L
antedise,antediɡa,antediɡ,antedis,L
antedise,antediɡa,antediɡ,antedis,L
antedise,antediɡa,antediɡ,antedis,L
antedise,antediɡa,antediɡ,antedis,L
antediɡajs,antedeskajs,antedesk,antediɡ,L
antediɡajs,antedeskajs,antedesk,antediɡ,L
antediɡajs,antedeskajs,antedesk,antediɡ,L
antediɡajs,antedeskajs,antedesk,antediɡ,L
antediɡajs,antedeskajs,antedesk,antediɡ,L
antediɡajs,antedeskajs,antedesk,antediɡ,L
antediɡajs,antedeskajs,antedesk,antediɡ,L
antediɡajs,antedeskajs,antedesk,antediɡ,L
antediɡajs,antedeskajs,antedesk,antediɡ,L
antediɡajs,antedeskajs,antedesk,antediɡ,L
antediɡajs,antedeskajs,antedesk,antediɡ,L
antediɡajs,antedeskajs,antedesk,antediɡ,L
antediɡajs,antedeskajs,antedesk,antediɡ,L
antediɡajs,antedeskajs,antedesk,antediɡ,L
antediɡajs,antedeskajs,antedesk,antediɡ,L
antediɡajs,antedeskajs,antedesk,antediɡ,L
antediɡajs,antedeskajs,antedesk,antediɡ,L
antediɡajs,antedeskajs,antedesk,antediɡ,L
antediɡajs,antedeskajs,antedesk,antediɡ,L
antediɡajs,antedisejs,antedis,antediɡ,L
antediɡajs,antedisejs,antedis,antediɡ,L
antediɡajs,antedisejs,antedis,antediɡ,L
antediɡajs,antedisejs,antedis,antediɡ,L
antediɡajs,antedisejs,antedis,antediɡ,L
antediɡajs,antedisejs,antedis,antediɡ,L
antediɡajs,antedisejs,antedis,antediɡ,L
antediɡajs,antedisejs,antedis,antediɡ,L
antediɡajs,antedisejs,antedis,antediɡ,L
antediɡajs,antedisejs,antedis,antediɡ,L
antediɡajs,antedisejs,antedis,antediɡ,L
antediɡajs,antedisejs,antedis,antediɡ,L
antediɡajs,antedisejs,antedis,antediɡ,L
antediɡajs,antedisejs,antedis,antediɡ,L
antediɡajs,antedisejs,antedis,antediɡ,L
antediɡajs,antedisejs,antedis,antediɡ,L
antediɡajs,antedisejs,antedis,antediɡ,L
antediɡajs,antedisejs,antedis,antediɡ,L
antediɡajs,antedisejs,antedis,antediɡ,L
antediɡajs,antedisejs,antedis,antediɡ,L
antediɡajs,antedisejs,antedis,antediɡ,L
antediɡajs,antediɡeis,antediɡe,antediɡ,L
antediɡajs,antediɡeis,antediɡe,antediɡ,L
antediɡajs,antediɡeis,antediɡe,antediɡ,L
antediɡajs,antediɡeis,antediɡe,antediɡ,L
antediɡajs,antediɡeis,antediɡe,antediɡ,L
antediɡajs,antediɡeis,antediɡe,antediɡ,L
antediɡajs,antediɡeis,antediɡe,antediɡ,L
antediɡajs,antediɡeis,antediɡe,antediɡ,L
antediɡajs,antediɡeis,antediɡe,antediɡ,L
antediɡajs,antediɡeis,antediɡe,antediɡ,L
antediɡajs,antediɡeis,antediɡe,antediɡ,L
antediɡajs,antediɡeis,antediɡe,antediɡ,L
antediɡajs,antediɡeis,antediɡe,antediɡ,L
antediɡajs,antediɡeis,antediɡe,antediɡ,L
antediɡajs,antediɡeis,antediɡe,antediɡ,L
antediɡamos,antedeskamos,antedesk,antediɡ,L
antediɡamos,antedeskamos,antedesk,antediɡ,L
antediɡamos,antedeskamos,antedesk,antediɡ,L
antediɡamos,antedeskamos,antedesk,antediɡ,L
antediɡamos,antedeskamos,antedesk,antediɡ,L
antediɡamos,antedeskamos,antedesk,antediɡ,L
antediɡamos,antedeskamos,antedesk,antediɡ,L
antediɡamos,antedeskamos,antedesk,antediɡ,L
antediɡamos,antedeskamos,antedesk,antediɡ,L
antediɡamos,antedeskamos,antedesk,antediɡ,L
antediɡamos,antedeskamos,antedesk,antediɡ,L
antediɡamos,antedeskamos,antedesk,antediɡ,L
antediɡamos,antedeskamos,antedesk,antediɡ,L
antediɡamos,antedeskamos,antedesk,antediɡ,L
antediɡamos,antedeskamos,antedesk,antediɡ,L
antediɡamos,antedeskamos,antedesk,antediɡ,L
antediɡamos,antedeskamos,antedesk,antediɡ,L
antediɡamos,antedeskamos,antedesk,antediɡ,L
antediɡamos,antedeskamos,antedesk,antediɡ,L
antediɡamos,antedisemos,antedis,antediɡ,L
antediɡamos,antedisemos,antedis,antediɡ,L
antediɡamos,antedisemos,antedis,antediɡ,L
antediɡamos,antedisemos,antedis,antediɡ,L
antediɡamos,antedisemos,antedis,antediɡ,L
antediɡamos,antedisemos,antedis,antediɡ,L
antediɡamos,antedisemos,antedis,antediɡ,L
antediɡamos,antedisemos,antedis,antediɡ,L
antediɡamos,antedisemos,antedis,antediɡ,L
antediɡamos,antedisemos,antedis,antediɡ,L
antediɡamos,antedisemos,antedis,antediɡ,L
antediɡamos,antedisemos,antedis,antediɡ,L
antediɡamos,antedisemos,antedis,antediɡ,L
antediɡamos,antedisemos,antedis,antediɡ,L
antediɡamos,antedisemos,antedis,antediɡ,L
antediɡamos,antedisemos,antedis,antediɡ,L
antediɡamos,antedisemos,antedis,antediɡ,L
antediɡamos,antedisemos,antedis,antediɡ,L
antediɡamos,antedisemos,antedis,antediɡ,L
antediɡamos,antedisemos,antedis,antediɡ,L
antediɡamos,antedisemos,antedis,antediɡ,L
antediɡamos,antediɡemos,antediɡ,antediɡ,L
antediɡamos,antediɡemos,antediɡ,antediɡ,L
antediɡamos,antediɡemos,antediɡ,antediɡ,L
antediɡamos,antediɡemos,antediɡ,antediɡ,L
antediɡamos,antediɡemos,antediɡ,antediɡ,L
antediɡamos,antediɡemos,antediɡ,antediɡ,L
antediɡamos,antediɡemos,antediɡ,antediɡ,L
antediɡamos,antediɡemos,antediɡ,antediɡ,L
antediɡamos,antediɡemos,antediɡ,antediɡ,L
antediɡamos,antediɡemos,antediɡ,antediɡ,L
antediɡamos,antediɡemos,antediɡ,antediɡ,L
antediɡamos,antediɡemos,antediɡ,antediɡ,L
antediɡamos,antediɡemos,antediɡ,antediɡ,L
antediɡamos,antediɡemos,antediɡ,antediɡ,L
antediɡamos,antediɡemos,antediɡ,antediɡ,L
antediɡan,antedeskan,antedesk,antediɡ,L
antediɡan,antedeskan,antedesk,antediɡ,L
antediɡan,antedeskan,antedesk,antediɡ,L
antediɡan,antedeskan,antedesk,antediɡ,L
antediɡan,antedeskan,antedesk,antediɡ,L
antediɡan,antedeskan,antedesk,antediɡ,L
antediɡan,antedeskan,antedesk,antediɡ,L
antediɡan,antedeskan,antedesk,antediɡ,L
antediɡan,antedeskan,antedesk,antediɡ,L
antediɡan,antedeskan,antedesk,antediɡ,L
antediɡan,antjedan,antjed,antediɡ,L
antediɡan,antjedan,antjed,antediɡ,L
antediɡan,antedeskan,antedesk,antediɡ,L
antediɡan,antjedan,antjed,antediɡ,L
antediɡan,antjedan,antjed,antediɡ,L
antediɡan,antjedan,antjed,antediɡ,L
antediɡan,antjedan,antjed,antediɡ,L
antediɡan,antjedan,antjed,antediɡ,L
antediɡan,antjedan,antjed,antediɡ,L
antediɡan,antedisen,antedis,antediɡ,L
antediɡan,antedisen,antedis,antediɡ,L
antediɡan,antedisen,antedis,antediɡ,L
antediɡan,antedisen,antedis,antediɡ,L
antediɡan,antedisen,antedis,antediɡ,L
antediɡan,antedisen,antedis,antediɡ,L
antediɡan,antedisen,antedis,antediɡ,L
antediɡan,antedisen,antedis,antediɡ,L
antediɡan,antedisen,antedis,antediɡ,L
antediɡan,antedisen,antedis,antediɡ,L
antediɡan,antedisen,antedis,antediɡ,L
antediɡan,antedisen,antedis,antediɡ,L
antediɡan,antedisen,antedis,antediɡ,L
antediɡan,antedisen,antedis,antediɡ,L
antediɡan,antedisen,antedis,antediɡ,L
antediɡan,antedisen,antedis,antediɡ,L
antediɡan,antedisen,antedis,antediɡ,L
antediɡan,antedisen,antedis,antediɡ,L
antediɡan,antedisen,antedis,antediɡ,L
antediɡan,antedisen,antedis,antediɡ,L
antediɡan,antedisen,antedis,antediɡ,L
antediɡan,antediɡen,antediɡ,antediɡ,L
antediɡan,antediɡen,antediɡ,antediɡ,L
antediɡan,antediɡen,antediɡ,antediɡ,L
antediɡan,antediɡen,antediɡ,antediɡ,L
antediɡan,antediɡen,antediɡ,antediɡ,L
antediɡan,antediɡen,antediɡ,antediɡ,L
antediɡan,antediɡen,antediɡ,antediɡ,L
antediɡan,antediɡen,antediɡ,antediɡ,L
antediɡan,antediɡen,antediɡ,antediɡ,L
antediɡan,antediɡen,antediɡ,antediɡ,L
antediɡan,antediɡen,antediɡ,antediɡ,L
antediɡan,antediɡen,antediɡ,antediɡ,L
antediɡan,antediɡen,antediɡ,antediɡ,L
antediɡan,antediɡen,antediɡ,antediɡ,L
antediɡan,antediɡen,antediɡ,antediɡ,L
antediɡas,antedeskas,antedesk,antediɡ,L
antediɡas,antedeskas,antedesk,antediɡ,L
antediɡas,antedeskas,antedesk,antediɡ,L
antediɡas,antedeskas,antedesk,antediɡ,L
antediɡas,antedeskas,antedesk,antediɡ,L
antediɡas,antedeskas,antedesk,antediɡ,L
antediɡas,antedeskas,antedesk,antediɡ,L
antediɡas,antedeskas,antedesk,antediɡ,L
antediɡas,antedeskas,antedesk,antediɡ,L
antediɡas,antedeskas,antedesk,antediɡ,L
antediɡas,antjedas,antjed,antediɡ,L
antediɡas,antjedas,antjed,antediɡ,L
antediɡas,antedeskas,antedesk,antediɡ,L
antediɡas,antjedas,antjed,antediɡ,L
antediɡas,antjedas,antjed,antediɡ,L
antediɡas,antjedas,antjed,antediɡ,L
antediɡas,antjedas,antjed,antediɡ,L
antediɡas,antjedas,antjed,antediɡ,L
antediɡas,antjedas,antjed,antediɡ,L
antediɡas,antedises,antedis,antediɡ,L
antediɡas,antedises,antedis,antediɡ,L
antediɡas,antedises,antedis,antediɡ,L
antediɡas,antedises,antedis,antediɡ,L
antediɡas,antedises,antedis,antediɡ,L
antediɡas,antedises,antedis,antediɡ,L
antediɡas,antedises,antedis,antediɡ,L
antediɡas,antedises,antedis,antediɡ,L
antediɡas,antedises,antedis,antediɡ,L
antediɡas,antedises,antedis,antediɡ,L
antediɡas,antedises,antedis,antediɡ,L
antediɡas,antedises,antedis,antediɡ,L
antediɡas,antedises,antedis,antediɡ,L
antediɡas,antedises,antedis,antediɡ,L
antediɡas,antedises,antedis,antediɡ,L
antediɡas,antedises,antedis,antediɡ,L
antediɡas,antedises,antedis,antediɡ,L
antediɡas,antedises,antedis,antediɡ,L
antediɡas,antedises,antedis,antediɡ,L
antediɡas,antedises,antedis,antediɡ,L
antediɡas,antedises,antedis,antediɡ,L
antediɡas,antediɡes,antediɡ,antediɡ,L
antediɡas,antediɡes,antediɡ,antediɡ,L
antediɡas,antediɡes,antediɡ,antediɡ,L
antediɡas,antediɡes,antediɡ,antediɡ,L
antediɡas,antediɡes,antediɡ,antediɡ,L
antediɡas,antediɡes,antediɡ,antediɡ,L
antediɡas,antediɡes,antediɡ,antediɡ,L
antediɡas,antediɡes,antediɡ,antediɡ,L
antediɡas,antediɡes,antediɡ,antediɡ,L
antediɡas,antediɡes,antediɡ,antediɡ,L
antediɡas,antediɡes,antediɡ,antediɡ,L
antediɡas,antediɡes,antediɡ,antediɡ,L
antediɡas,antediɡes,antediɡ,antediɡ,L
antediɡas,antediɡes,antediɡ,antediɡ,L
antediɡas,antediɡes,antediɡ,antediɡ,L
antediɡa,antedeska,antedesk,antediɡ,L
antediɡa,antedeska,antedesk,antediɡ,L
antediɡa,antedeska,antedesk,antediɡ,L
antediɡa,antedeska,antedesk,antediɡ,L
antediɡa,antedeska,antedesk,antediɡ,L
antediɡa,antedeska,antedesk,antediɡ,L
antediɡa,antedeska,antedesk,antediɡ,L
antediɡa,antedeska,antedesk,antediɡ,L
antediɡa,antedeska,antedesk,antediɡ,L
antediɡa,antedeska,antedesk,antediɡ,L
antediɡa,antjeda,antjed,antediɡ,L
antediɡa,antedeska,antedesk,antediɡ,L
antediɡa,antedeska,antedesk,antediɡ,L
antediɡa,antjeda,antjed,antediɡ,L
antediɡa,antedeska,antedesk,antediɡ,L
antediɡa,antjeda,antjed,antediɡ,L
antediɡa,antedeska,antedesk,antediɡ,L
antediɡa,antedeska,antedesk,antediɡ,L
antediɡa,antjeda,antjed,antediɡ,L
antediɡa,antedise,antedis,antediɡ,L
antediɡa,antedise,antedis,antediɡ,L
antediɡa,antedise,antedis,antediɡ,L
antediɡa,antedise,antedis,antediɡ,L
antediɡa,antedise,antedis,antediɡ,L
antediɡa,antedise,antedis,antediɡ,L
antediɡa,antedise,antedis,antediɡ,L
antediɡa,antedise,antedis,antediɡ,L
antediɡa,antedise,antedis,antediɡ,L
antediɡa,antedise,antedis,antediɡ,L
antediɡa,antedise,antedis,antediɡ,L
antediɡa,antedise,antedis,antediɡ,L
antediɡa,antedise,antedis,antediɡ,L
antediɡa,antedise,antedis,antediɡ,L
antediɡa,antedise,antedis,antediɡ,L
antediɡa,antedise,antedis,antediɡ,L
antediɡa,antedise,antedis,antediɡ,L
antediɡa,antedise,antedis,antediɡ,L
antediɡa,antedise,antedis,antediɡ,L
antediɡa,antedise,antedis,antediɡ,L
antediɡa,antedise,antedis,antediɡ,L
antediɡa,antediɡe,antediɡ,antediɡ,L
antediɡa,antediɡe,antediɡ,antediɡ,L
antediɡa,antediɡe,antediɡ,antediɡ,L
antediɡa,antediɡe,antediɡ,antediɡ,L
antediɡa,antediɡe,antediɡ,antediɡ,L
antediɡa,antediɡe,antediɡ,antediɡ,L
antediɡa,antediɡe,antediɡ,antediɡ,L
antediɡa,antediɡe,antediɡ,antediɡ,L
antediɡa,antediɡe,antediɡ,antediɡ,L
antediɡa,antediɡe,antediɡ,antediɡ,L
antediɡa,antediɡe,antediɡ,antediɡ,L
antediɡa,antediɡe,antediɡ,antediɡ,L
antediɡa,antediɡe,antediɡ,antediɡ,L
antediɡa,antediɡe,antediɡ,antediɡ,L
antediɡa,antediɡe,antediɡ,antediɡ,L
antediɡa,antedeska,antedesk,antediɡ,L
antediɡa,antedeska,antedesk,antediɡ,L
antediɡa,antedeska,antedesk,antediɡ,L
antediɡa,antedeska,antedesk,antediɡ,L
antediɡa,antedeska,antedesk,antediɡ,L
antediɡa,antedeska,antedesk,antediɡ,L
antediɡa,antedeska,antedesk,antediɡ,L
antediɡa,antedeska,antedesk,antediɡ,L
antediɡa,antedeska,antedesk,antediɡ,L
antediɡa,antedeska,antedesk,antediɡ,L
antediɡa,antedeska,antedesk,antediɡ,L
antediɡa,antedeska,antedesk,antediɡ,L
antediɡa,antedeska,antedesk,antediɡ,L
antediɡa,antjeda,antjed,antediɡ,L
antediɡa,antedeska,antedesk,antediɡ,L
antediɡa,antjeda,antjed,antediɡ,L
antediɡa,antedeska,antedesk,antediɡ,L
antediɡa,antedeska,antedesk,antediɡ,L
antediɡa,antjeda,antjed,antediɡ,L
antediɡa,antedise,antedis,antediɡ,L
antediɡa,antedise,antedis,antediɡ,L
antediɡa,antedise,antedis,antediɡ,L
antediɡa,antedise,antedis,antediɡ,L
antediɡa,antedise,antedis,antediɡ,L
antediɡa,antedise,antedis,antediɡ,L
antediɡa,antedise,antedis,antediɡ,L
antediɡa,antedise,antedis,antediɡ,L
antediɡa,antedise,antedis,antediɡ,L
antediɡa,antedise,antedis,antediɡ,L
antediɡa,antedise,antedis,antediɡ,L
antediɡa,antedise,antedis,antediɡ,L
antediɡa,antedise,antedis,antediɡ,L
antediɡa,antedise,antedis,antediɡ,L
antediɡa,antedise,antedis,antediɡ,L
antediɡa,antedise,antedis,antediɡ,L
antediɡa,antedise,antedis,antediɡ,L
antediɡa,antedise,antedis,antediɡ,L
antediɡa,antedise,antedis,antediɡ,L
antediɡa,antedise,antedis,antediɡ,L
antediɡa,antedise,antedis,antediɡ,L
antediɡa,antediɡe,antediɡ,antediɡ,L
antediɡa,antediɡe,antediɡ,antediɡ,L
antediɡa,antediɡe,antediɡ,antediɡ,L
antediɡa,antediɡe,antediɡ,antediɡ,L
antediɡa,antediɡe,antediɡ,antediɡ,L
antediɡa,antediɡe,antediɡ,antediɡ,L
antediɡa,antediɡe,antediɡ,antediɡ,L
antediɡa,antediɡe,antediɡ,antediɡ,L
antediɡa,antediɡe,antediɡ,antediɡ,L
antediɡa,antediɡe,antediɡ,antediɡ,L
antediɡa,antediɡe,antediɡ,antediɡ,L
antediɡa,antediɡe,antediɡ,antediɡ,L
antediɡa,antediɡe,antediɡ,antediɡ,L
antediɡa,antediɡe,antediɡ,antediɡ,L
antediɡa,antediɡe,antediɡ,antediɡ,L
antediɡo,antjedo,antjed,antediɡ,L
antediɡo,antedesko,antedesk,antediɡ,L
antediɡo,antedesko,antedesk,antediɡ,L
antediɡo,antedesko,antedesk,antediɡ,L
antediɡo,antedesko,antedesk,antediɡ,L
antediɡo,antedesko,antedesk,antediɡ,L
antediɡo,antjedo,antjed,antediɡ,L
antediɡo,antjedo,antjed,antediɡ,L
antediɡo,antjedo,antjed,antediɡ,L
antediɡo,antjedo,antjed,antediɡ,L
antediɡo,antjedo,antjed,antediɡ,L
antediɡo,antjedo,antjed,antediɡ,L
antediɡo,antedesko,antedesk,antediɡ,L
antediɡo,antjedo,antjed,antediɡ,L
antediɡo,antjedo,antjed,antediɡ,L
antediɡo,antjedo,antjed,antediɡ,L
antediɡo,antjedo,antjed,antediɡ,L
antediɡo,antjedo,antjed,antediɡ,L
antediɡo,antjedo,antjed,antediɡ,L
antediɡo,antediso,antedis,antediɡ,L
antediɡo,antediso,antedis,antediɡ,L
antediɡo,antediso,antedis,antediɡ,L
antediɡo,antediso,antedis,antediɡ,L
antediɡo,antediso,antedis,antediɡ,L
antediɡo,antediso,antedis,antediɡ,L
antediɡo,antediso,antedis,antediɡ,L
antediɡo,antediso,antedis,antediɡ,L
antediɡo,antediso,antedis,antediɡ,L
antediɡo,antediso,antedis,antediɡ,L
antediɡo,antediso,antedis,antediɡ,L
antediɡo,antediso,antedis,antediɡ,L
antediɡo,antediso,antedis,antediɡ,L
antediɡo,antediso,antedis,antediɡ,L
antediɡo,antediso,antedis,antediɡ,L
antediɡo,antediso,antedis,antediɡ,L
antediɡo,antediso,antedis,antediɡ,L
antediɡo,antediso,antedis,antediɡ,L
antediɡo,antediso,antedis,antediɡ,L
antediɡo,antediso,antedis,antediɡ,L
antediɡo,antediso,antedis,antediɡ,L
antediɡo,antediɡo,antediɡ,antediɡ,L
antediɡo,antediɡo,antediɡ,antediɡ,L
antediɡo,antediɡo,antediɡ,antediɡ,L
antediɡo,antediɡo,antediɡ,antediɡ,L
antediɡo,antediɡo,antediɡ,antediɡ,L
antediɡo,antediɡo,antediɡ,antediɡ,L
antediɡo,antediɡo,antediɡ,antediɡ,L
antediɡo,antediɡo,antediɡ,antediɡ,L
antediɡo,antediɡo,antediɡ,antediɡ,L
antediɡo,antediɡo,antediɡ,antediɡ,L
antediɡo,antediɡo,antediɡ,antediɡ,L
antediɡo,antediɡo,antediɡ,antediɡ,L
antediɡo,antediɡo,antediɡ,antediɡ,L
antediɡo,antediɡo,antediɡ,antediɡ,L
antediɡo,antediɡo,antediɡ,antediɡ,L
maldesimos,maldesemos,maldes,maldes,L
maldesimos,maldesemos,maldes,maldes,L
maldesimos,maldesemos,maldes,maldes,L
maldesimos,maldesemos,maldes,maldes,L
maldesimos,maldesamos,maldes,maldes,L
maldesimos,maldesemos,maldes,maldes,L
maldesimos,maldesamos,maldes,maldes,L
maldesimos,maldesamos,maldes,maldes,L
maldesimos,maldesamos,maldes,maldes,L
maldesimos,maldamos,mald,maldes,L
maldesimos,maldisamos,maldis,maldes,L
maldesimos,maldisamos,maldis,maldes,L
maldesimos,maldisamos,maldis,maldes,L
maldesimos,maldisamos,maldis,maldes,L
maldesimos,maldisamos,maldis,maldes,L
maldesimos,maldisamos,maldis,maldes,L
maldesimos,maldisamos,maldis,maldes,L
maldesimos,maldisamos,maldis,maldes,L
maldesimos,maldisamos,maldis,maldes,L
maldesimos,maldisamos,maldis,maldes,L
maldesimos,maldisamos,maldis,maldes,L
maldesimos,maldisamos,maldis,maldes,L
maldesimos,maldisamos,maldis,maldes,L
maldesimos,maldisamos,maldis,maldes,L
maldesimos,maldisamos,maldis,maldes,L
maldesimos,maldisamos,maldis,maldes,L
maldesimos,maldisamos,maldis,maldes,L
maldesimos,maldisamos,maldis,maldes,L
maldesimos,maldisamos,maldis,maldes,L
maldesimos,maldisamos,maldis,maldes,L
maldesimos,maldisamos,maldis,maldes,L
maldesimos,maldisamos,maldis,maldes,L
maldesimos,maldisamos,maldis,maldes,L
maldesimos,maldisamos,maldis,maldes,L
maldesimos,maldiɡamos,maldiɡ,maldes,L
maldesimos,maldiɡamos,maldiɡ,maldes,L
maldesimos,maldiɡamos,maldiɡ,maldes,L
maldesimos,maldiɡamos,maldiɡ,maldes,L
maldesimos,maldiɡamos,maldiɡ,maldes,L
maldesimos,maldiɡamos,maldiɡ,maldes,L
maldesimos,maldiɡamos,maldiɡ,maldes,L
maldesimos,maldiɡamos,maldiɡ,maldes,L
maldesimos,maldiɡamos,maldiɡ,maldes,L
maldesimos,maldiɡamos,maldiɡ,maldes,L
maldesimos,maldiɡamos,maldiɡ,maldes,L
maldesimos,maldiɡamos,maldiɡ,maldes,L
maldesimos,maldiɡamos,maldiɡ,maldes,L
maldesimos,maldiɡamos,maldiɡ,maldes,L
maldesimos,maldiɡamos,maldiɡ,maldes,L
maldesimos,maldiɡamos,maldiɡ,maldes,L
maldesimos,maldiɡamos,maldiɡ,maldes,L
maldesimos,maldiɡamos,maldiɡ,maldes,L
maldesimos,maldiɡamos,maldiɡ,maldes,L
maldesimos,maldiɡamos,maldiɡ,maldes,L
maldesimos,maldiɡamos,maldiɡ,maldes,L
maldesis,maldesejs,maldes,maldes,L
maldesis,maldesejs,maldes,maldes,L
maldesis,maldesejs,maldes,maldes,L
maldesis,maldesejs,maldes,maldes,L
maldesis,maldesejs,maldes,maldes,L
maldesis,maldesejs,maldes,maldes,L
maldesis,maldesejs,maldes,maldes,L
maldesis,maldesejs,maldes,maldes,L
maldesis,maldesejs,maldes,maldes,L
maldesis,maldesejs,maldes,maldes,L
maldesis,maldisajs,maldis,maldes,L
maldesis,maldisajs,maldis,maldes,L
maldesis,maldisajs,maldis,maldes,L
maldesis,maldisajs,maldis,maldes,L
maldesis,maldisajs,maldis,maldes,L
maldesis,maldisajs,maldis,maldes,L
maldesis,maldisajs,maldis,maldes,L
maldesis,maldisajs,maldis,maldes,L
maldesis,maldisajs,maldis,maldes,L
maldesis,maldisajs,maldis,maldes,L
maldesis,maldisajs,maldis,maldes,L
maldesis,maldisajs,maldis,maldes,L
maldesis,maldisajs,maldis,maldes,L
maldesis,maldisajs,maldis,maldes,L
maldesis,maldisajs,maldis,maldes,L
maldesis,maldisajs,maldis,maldes,L
maldesis,maldisajs,maldis,maldes,L
maldesis,maldisajs,maldis,maldes,L
maldesis,maldisajs,maldis,maldes,L
maldesis,maldisajs,maldis,maldes,L
maldesis,maldisajs,maldis,maldes,L
maldesis,maldisajs,maldis,maldes,L
maldesis,maldisajs,maldis,maldes,L
maldesis,maldisajs,maldis,maldes,L
maldesis,maldiɡajs,maldiɡ,maldes,L
maldesis,maldiɡajs,maldiɡ,maldes,L
maldesis,maldiɡajs,maldiɡ,maldes,L
maldesis,maldiɡajs,maldiɡ,maldes,L
maldesis,maldiɡajs,maldiɡ,maldes,L
maldesis,maldiɡajs,maldiɡ,maldes,L
maldesis,maldiɡajs,maldiɡ,maldes,L
maldesis,maldiɡajs,maldiɡ,maldes,L
maldesis,maldiɡajs,maldiɡ,maldes,L
maldesis,maldiɡajs,maldiɡ,maldes,L
maldesis,maldiɡajs,maldiɡ,maldes,L
maldesis,maldiɡajs,maldiɡ,maldes,L
maldesis,maldiɡajs,maldiɡ,maldes,L
maldesis,maldiɡajs,maldiɡ,maldes,L
maldesis,maldiɡajs,maldiɡ,maldes,L
maldesis,maldiɡajs,maldiɡ,maldes,L
maldesis,maldiɡajs,maldiɡ,maldes,L
maldesis,maldiɡajs,maldiɡ,maldes,L
maldesis,maldiɡajs,maldiɡ,maldes,L
maldesis,maldiɡajs,maldiɡ,maldes,L
maldesis,maldiɡajs,maldiɡ,maldes,L
maldisen,maldesen,maldes,maldis,L
maldisen,maldesen,maldes,maldis,L
maldisen,maldesen,maldes,maldis,L
maldisen,maldesen,maldes,maldis,L
maldisen,maldesen,maldes,maldis,L
maldisen,maldesen,maldes,maldis,L
maldisen,maldesen,maldes,maldis,L
maldisen,maldesen,maldes,maldis,L
maldisen,maldesen,maldes,maldis,L
maldisen,maldesen,maldes,maldis,L
maldisen,maldesen,maldes,maldis,L
maldisen,maldesen,maldes,maldis,L
maldisen,maldesen,maldes,maldis,L
maldisen,maldesen,maldes,maldis,L
maldisen,maldesen,maldes,maldis,L
maldisen,maldesen,maldes,maldis,L
maldisen,maldesen,maldes,maldis,L
maldisen,maldesen,maldes,maldis,L
maldisen,maldesen,maldes,maldis,L
maldisen,maldisan,maldis,maldis,L
maldisen,maldisan,maldis,maldis,L
maldisen,maldisan,maldis,maldis,L
maldisen,maldisan,maldis,maldis,L
maldisen,maldisan,maldis,maldis,L
maldisen,maldisan,maldis,maldis,L
maldisen,maldisan,maldis,maldis,L
maldisen,maldisan,maldis,maldis,L
maldisen,maldisan,maldis,maldis,L
maldisen,maldisan,maldis,maldis,L
maldisen,maldisan,maldis,maldis,L
maldisen,maldisan,maldis,maldis,L
maldisen,maldisan,maldis,maldis,L
maldisen,maldisan,maldis,maldis,L
maldisen,maldisan,maldis,maldis,L
maldisen,maldiɡan,maldiɡ,maldis,L
maldisen,maldiɡan,maldiɡ,maldis,L
maldisen,maldiɡan,maldiɡ,maldis,L
maldisen,maldiɡan,maldiɡ,maldis,L
maldisen,maldiɡan,maldiɡ,maldis,L
maldisen,maldiɡan,maldiɡ,maldis,L
maldisen,maldiɡan,maldiɡ,maldis,L
maldisen,maldiɡan,maldiɡ,maldis,L
maldisen,maldiɡan,maldiɡ,maldis,L
maldisen,maldiɡan,maldiɡ,maldis,L
maldisen,maldiɡan,maldiɡ,maldis,L
maldisen,maldiɡan,maldiɡ,maldis,L
maldisen,maldiɡan,maldiɡ,maldis,L
maldisen,maldiɡan,maldiɡ,maldis,L
maldisen,maldiɡan,maldiɡ,maldis,L
maldisen,maldiɡan,maldiɡ,maldis,L
maldisen,maldiɡan,maldiɡ,maldis,L
maldisen,maldiɡan,maldiɡ,maldis,L
maldisen,maldiɡan,maldiɡ,maldis,L
maldisen,maldiɡan,maldiɡ,maldis,L
maldisen,maldiɡan,maldiɡ,maldis,L
maldises,maldeses,maldes,maldis,L
maldises,maldeses,maldes,maldis,L
maldises,maldeses,maldes,maldis,L
maldises,maldeses,maldes,maldis,L
maldises,maldeses,maldes,maldis,L
maldises,maldeses,maldes,maldis,L
maldises,maldeses,maldes,maldis,L
maldises,maldeses,maldes,maldis,L
maldises,maldeses,maldes,maldis,L
maldises,maldeses,maldes,maldis,L
maldises,maldeses,maldes,maldis,L
maldises,maldeses,maldes,maldis,L
maldises,maldeses,maldes,maldis,L
maldises,maldeses,maldes,maldis,L
maldises,maldeses,maldes,maldis,L
maldises,maldeses,maldes,maldis,L
maldises,maldeses,maldes,maldis,L
maldises,maldeses,maldes,maldis,L
maldises,maldeses,maldes,maldis,L
maldises,maldisas,maldis,maldis,L
maldises,maldisas,maldis,maldis,L
maldises,maldisas,maldis,maldis,L
maldises,maldisas,maldis,maldis,L
maldises,maldisas,maldis,maldis,L
maldises,maldisas,maldis,maldis,L
maldises,maldisas,maldis,maldis,L
maldises,maldisas,maldis,maldis,L
maldises,maldisas,maldis,maldis,L
maldises,maldisas,maldis,maldis,L
maldises,maldisas,maldis,maldis,L
maldises,maldisas,maldis,maldis,L
maldises,maldisas,maldis,maldis,L
maldises,maldisas,maldis,maldis,L
maldises,maldisas,maldis,maldis,L
maldises,maldiɡas,maldiɡ,maldis,L
maldises,maldiɡas,maldiɡ,maldis,L
maldises,maldiɡas,maldiɡ,maldis,L
maldises,maldiɡas,maldiɡ,maldis,L
maldises,maldiɡas,maldiɡ,maldis,L
maldises,maldiɡas,maldiɡ,maldis,L
maldises,maldiɡas,maldiɡ,maldis,L
maldises,maldiɡas,maldiɡ,maldis,L
maldises,maldiɡas,maldiɡ,maldis,L
maldises,maldiɡas,maldiɡ,maldis,L
maldises,maldiɡas,maldiɡ,maldis,L
maldises,maldiɡas,maldiɡ,maldis,L
maldises,maldiɡas,maldiɡ,maldis,L
maldises,maldiɡas,maldiɡ,maldis,L
maldises,maldiɡas,maldiɡ,maldis,L
maldises,maldiɡas,maldiɡ,maldis,L
maldises,maldiɡas,maldiɡ,maldis,L
maldises,maldiɡas,maldiɡ,maldis,L
maldises,maldiɡas,maldiɡ,maldis,L
maldises,maldiɡas,maldiɡ,maldis,L
maldises,maldiɡas,maldiɡ,maldis,L
maldise,maldese,maldes,maldis,L
maldise,maldese,maldes,maldis,L
maldise,maldese,maldes,maldis,L
maldise,maldese,maldes,maldis,L
maldise,maldese,maldes,maldis,L
maldise,maldese,maldes,maldis,L
maldise,maldese,maldes,maldis,L
maldise,maldese,maldes,maldis,L
maldise,maldese,maldes,maldis,L
maldise,maldese,maldes,maldis,L
maldise,maldese,maldes,maldis,L
maldise,maldese,maldes,maldis,L
maldise,maldese,maldes,maldis,L
maldise,maldese,maldes,maldis,L
maldise,maldese,maldes,maldis,L
maldise,maldese,maldes,maldis,L
maldise,maldese,maldes,maldis,L
maldise,maldese,maldes,maldis,L
maldise,maldese,maldes,maldis,L
maldise,maldisa,maldis,maldis,L
maldise,maldisa,maldis,maldis,L
maldise,maldisa,maldis,maldis,L
maldise,maldisa,maldis,maldis,L
maldise,maldisa,maldis,maldis,L
maldise,maldisa,maldis,maldis,L
maldise,maldisa,maldis,maldis,L
maldise,maldisa,maldis,maldis,L
maldise,maldisa,maldis,maldis,L
maldise,maldisa,maldis,maldis,L
maldise,maldisa,maldis,maldis,L
maldise,maldisa,maldis,maldis,L
maldise,maldisa,maldis,maldis,L
maldise,maldisa,maldis,maldis,L
maldise,maldisa,maldis,maldis,L
maldise,maldiɡa,maldiɡ,maldis,L
maldise,maldiɡa,maldiɡ,maldis,L
maldise,maldiɡa,maldiɡ,maldis,L
maldise,maldiɡa,maldiɡ,maldis,L
maldise,maldiɡa,maldiɡ,maldis,L
maldise,maldiɡa,maldiɡ,maldis,L
maldise,maldiɡa,maldiɡ,maldis,L
maldise,maldiɡa,maldiɡ,maldis,L
maldise,maldiɡa,maldiɡ,maldis,L
maldise,maldiɡa,maldiɡ,maldis,L
maldise,maldiɡa,maldiɡ,maldis,L
maldise,maldiɡa,maldiɡ,maldis,L
maldise,maldiɡa,maldiɡ,maldis,L
maldise,maldiɡa,maldiɡ,maldis,L
maldise,maldiɡa,maldiɡ,maldis,L
maldise,maldiɡa,maldiɡ,maldis,L
maldise,maldiɡa,maldiɡ,maldis,L
maldise,maldiɡa,maldiɡ,maldis,L
maldise,maldiɡa,maldiɡ,maldis,L
maldise,maldiɡa,maldiɡ,maldis,L
maldise,maldiɡa,maldiɡ,maldis,L
maldiɡajs,maldeskajs,maldesk,maldiɡ,L
maldiɡajs,maldeskajs,maldesk,maldiɡ,L
maldiɡajs,maldeskajs,maldesk,maldiɡ,L
maldiɡajs,maldeskajs,maldesk,maldiɡ,L
maldiɡajs,maldeskajs,maldesk,maldiɡ,L
maldiɡajs,maldeskajs,maldesk,maldiɡ,L
maldiɡajs,maldeskajs,maldesk,maldiɡ,L
maldiɡajs,maldeskajs,maldesk,maldiɡ,L
maldiɡajs,maldeskajs,maldesk,maldiɡ,L
maldiɡajs,maldeskajs,maldesk,maldiɡ,L
maldiɡajs,maldeskajs,maldesk,maldiɡ,L
maldiɡajs,maldeskajs,maldesk,maldiɡ,L
maldiɡajs,maldeskajs,maldesk,maldiɡ,L
maldiɡajs,maldeskajs,maldesk,maldiɡ,L
maldiɡajs,maldeskajs,maldesk,maldiɡ,L
maldiɡajs,maldeskajs,maldesk,maldiɡ,L
maldiɡajs,maldeskajs,maldesk,maldiɡ,L
maldiɡajs,maldeskajs,maldesk,maldiɡ,L
maldiɡajs,maldejs,mald,maldiɡ,L
maldiɡajs,maldisejs,maldis,maldiɡ,L
maldiɡajs,maldisejs,maldis,maldiɡ,L
maldiɡajs,maldisejs,maldis,maldiɡ,L
maldiɡajs,maldisejs,maldis,maldiɡ,L
maldiɡajs,maldisejs,maldis,maldiɡ,L
maldiɡajs,maldisejs,maldis,maldiɡ,L
maldiɡajs,maldisejs,maldis,maldiɡ,L
maldiɡajs,maldisejs,maldis,maldiɡ,L
maldiɡajs,maldisejs,maldis,maldiɡ,L
maldiɡajs,maldisejs,maldis,maldiɡ,L
maldiɡajs,maldisejs,maldis,maldiɡ,L
maldiɡajs,maldisejs,maldis,maldiɡ,L
maldiɡajs,maldisejs,maldis,maldiɡ,L
maldiɡajs,maldisejs,maldis,maldiɡ,L
maldiɡajs,maldisejs,maldis,maldiɡ,L
maldiɡajs,maldisejs,maldis,maldiɡ,L
maldiɡajs,maldisejs,maldis,maldiɡ,L
maldiɡajs,maldisejs,maldis,maldiɡ,L
maldiɡajs,maldisejs,maldis,maldiɡ,L
maldiɡajs,maldisejs,maldis,maldiɡ,L
maldiɡajs,maldisejs,maldis,maldiɡ,L
maldiɡajs,maldiɡeis,maldiɡe,maldiɡ,L
maldiɡajs,maldiɡeis,maldiɡe,maldiɡ,L
maldiɡajs,maldiɡeis,maldiɡe,maldiɡ,L
maldiɡajs,maldiɡeis,maldiɡe,maldiɡ,L
maldiɡajs,maldiɡeis,maldiɡe,maldiɡ,L
maldiɡajs,maldiɡeis,maldiɡe,maldiɡ,L
maldiɡajs,maldiɡeis,maldiɡe,maldiɡ,L
maldiɡajs,maldiɡeis,maldiɡe,maldiɡ,L
maldiɡajs,maldiɡeis,maldiɡe,maldiɡ,L
maldiɡajs,maldiɡeis,maldiɡe,maldiɡ,L
maldiɡajs,maldiɡeis,maldiɡe,maldiɡ,L
maldiɡajs,maldiɡeis,maldiɡe,maldiɡ,L
maldiɡajs,maldiɡeis,maldiɡe,maldiɡ,L
maldiɡajs,maldiɡeis,maldiɡe,maldiɡ,L
maldiɡajs,maldiɡeis,maldiɡe,maldiɡ,L
maldiɡamos,maldeskamos,maldesk,maldiɡ,L
maldiɡamos,maldeskamos,maldesk,maldiɡ,L
maldiɡamos,maldeskamos,maldesk,maldiɡ,L
maldiɡamos,maldeskamos,maldesk,maldiɡ,L
maldiɡamos,maldeskamos,maldesk,maldiɡ,L
maldiɡamos,maldeskamos,maldesk,maldiɡ,L
maldiɡamos,maldeskamos,maldesk,maldiɡ,L
maldiɡamos,maldeskamos,maldesk,maldiɡ,L
maldiɡamos,maldeskamos,maldesk,maldiɡ,L
maldiɡamos,maldeskamos,maldesk,maldiɡ,L
maldiɡamos,maldeskamos,maldesk,maldiɡ,L
maldiɡamos,maldeskamos,maldesk,maldiɡ,L
maldiɡamos,malesemos,males,maldiɡ,L
maldiɡamos,maldeskamos,maldesk,maldiɡ,L
maldiɡamos,maldeskamos,maldesk,maldiɡ,L
maldiɡamos,malesemos,males,maldiɡ,L
maldiɡamos,malesemos,males,maldiɡ,L
maldiɡamos,maldeskamos,maldesk,maldiɡ,L
maldiɡamos,maldemos,mald,maldiɡ,L
maldiɡamos,maldisemos,maldis,maldiɡ,L
maldiɡamos,maldisemos,maldis,maldiɡ,L
maldiɡamos,maldisemos,maldis,maldiɡ,L
maldiɡamos,maldisemos,maldis,maldiɡ,L
maldiɡamos,maldisemos,maldis,maldiɡ,L
maldiɡamos,maldisemos,maldis,maldiɡ,L
maldiɡamos,maldisemos,maldis,maldiɡ,L
maldiɡamos,maldisemos,maldis,maldiɡ,L
maldiɡamos,maldisemos,maldis,maldiɡ,L
maldiɡamos,maldisemos,maldis,maldiɡ,L
maldiɡamos,maldisemos,maldis,maldiɡ,L
maldiɡamos,maldisemos,maldis,maldiɡ,L
maldiɡamos,maldisemos,maldis,maldiɡ,L
maldiɡamos,maldisemos,maldis,maldiɡ,L
maldiɡamos,maldisemos,maldis,maldiɡ,L
maldiɡamos,maldisemos,maldis,maldiɡ,L
maldiɡamos,maldisemos,maldis,maldiɡ,L
maldiɡamos,maldisemos,maldis,maldiɡ,L
maldiɡamos,maldisemos,maldis,maldiɡ,L
maldiɡamos,maldisemos,maldis,maldiɡ,L
maldiɡamos,maldisemos,maldis,maldiɡ,L
maldiɡamos,maldiɡemos,maldiɡ,maldiɡ,L
maldiɡamos,maldiɡemos,maldiɡ,maldiɡ,L
maldiɡamos,maldiɡemos,maldiɡ,maldiɡ,L
maldiɡamos,maldiɡemos,maldiɡ,maldiɡ,L
maldiɡamos,maldiɡemos,maldiɡ,maldiɡ,L
maldiɡamos,maldiɡemos,maldiɡ,maldiɡ,L
maldiɡamos,maldiɡemos,maldiɡ,maldiɡ,L
maldiɡamos,maldiɡemos,maldiɡ,maldiɡ,L
maldiɡamos,maldiɡemos,maldiɡ,maldiɡ,L
maldiɡamos,maldiɡemos,maldiɡ,maldiɡ,L
maldiɡamos,maldiɡemos,maldiɡ,maldiɡ,L
maldiɡamos,maldiɡemos,maldiɡ,maldiɡ,L
maldiɡamos,maldiɡemos,maldiɡ,maldiɡ,L
maldiɡamos,maldiɡemos,maldiɡ,maldiɡ,L
maldiɡamos,maldiɡemos,maldiɡ,maldiɡ,L
maldiɡan,maldeskan,maldesk,maldiɡ,L
maldiɡan,maldeskan,maldesk,maldiɡ,L
maldiɡan,maldeskan,maldesk,maldiɡ,L
maldiɡan,maldeskan,maldesk,maldiɡ,L
maldiɡan,maldeskan,maldesk,maldiɡ,L
maldiɡan,maldeskan,maldesk,maldiɡ,L
maldiɡan,maldeskan,maldesk,maldiɡ,L
maldiɡan,maldeskan,maldesk,maldiɡ,L
maldiɡan,maldeskan,maldesk,maldiɡ,L
maldiɡan,maldeskan,maldesk,maldiɡ,L
maldiɡan,maldeskan,maldesk,maldiɡ,L
maldiɡan,maldeskan,maldesk,maldiɡ,L
maldiɡan,maldeskan,maldesk,maldiɡ,L
maldiɡan,maldeskan,maldesk,maldiɡ,L
maldiɡan,maldeskan,maldesk,maldiɡ,L
maldiɡan,maldeskan,maldesk,maldiɡ,L
maldiɡan,maldeskan,maldesk,maldiɡ,L
maldiɡan,maldeskan,maldesk,maldiɡ,L
maldiɡan,maldeskan,maldesk,maldiɡ,L
maldiɡan,maldisen,maldis,maldiɡ,L
maldiɡan,maldisen,maldis,maldiɡ,L
maldiɡan,maldisen,maldis,maldiɡ,L
maldiɡan,maldisen,maldis,maldiɡ,L
maldiɡan,maldisen,maldis,maldiɡ,L
maldiɡan,maldisen,maldis,maldiɡ,L
maldiɡan,maldisen,maldis,maldiɡ,L
maldiɡan,maldisen,maldis,maldiɡ,L
maldiɡan,maldisen,maldis,maldiɡ,L
maldiɡan,maldisen,maldis,maldiɡ,L
maldiɡan,maldisen,maldis,maldiɡ,L
maldiɡan,maldisen,maldis,maldiɡ,L
maldiɡan,maldisen,maldis,maldiɡ,L
maldiɡan,maldisen,maldis,maldiɡ,L
maldiɡan,maldisen,maldis,maldiɡ,L
maldiɡan,maldisen,maldis,maldiɡ,L
maldiɡan,maldisen,maldis,maldiɡ,L
maldiɡan,maldisen,maldis,maldiɡ,L
maldiɡan,maldisen,maldis,maldiɡ,L
maldiɡan,maldisen,maldis,maldiɡ,L
maldiɡan,maldisen,maldis,maldiɡ,L
maldiɡan,maldiɡen,maldiɡ,maldiɡ,L
maldiɡan,maldiɡen,maldiɡ,maldiɡ,L
maldiɡan,maldiɡen,maldiɡ,maldiɡ,L
maldiɡan,maldiɡen,maldiɡ,maldiɡ,L
maldiɡan,maldiɡen,maldiɡ,maldiɡ,L
maldiɡan,maldiɡen,maldiɡ,maldiɡ,L
maldiɡan,maldiɡen,maldiɡ,maldiɡ,L
maldiɡan,maldiɡen,maldiɡ,maldiɡ,L
maldiɡan,maldiɡen,maldiɡ,maldiɡ,L
maldiɡan,maldiɡen,maldiɡ,maldiɡ,L
maldiɡan,maldiɡen,maldiɡ,maldiɡ,L
maldiɡan,maldiɡen,maldiɡ,maldiɡ,L
maldiɡan,maldiɡen,maldiɡ,maldiɡ,L
maldiɡan,maldiɡen,maldiɡ,maldiɡ,L
maldiɡan,maldiɡen,maldiɡ,maldiɡ,L
maldiɡas,maldeskas,maldesk,maldiɡ,L
maldiɡas,maldeskas,maldesk,maldiɡ,L
maldiɡas,maldeskas,maldesk,maldiɡ,L
maldiɡas,maldeskas,maldesk,maldiɡ,L
maldiɡas,maldeskas,maldesk,maldiɡ,L
maldiɡas,maldeskas,maldesk,maldiɡ,L
maldiɡas,maldeskas,maldesk,maldiɡ,L
maldiɡas,maldeskas,maldesk,maldiɡ,L
maldiɡas,maldeskas,maldesk,maldiɡ,L
maldiɡas,maldeskas,maldesk,maldiɡ,L
maldiɡas,maldeskas,maldesk,maldiɡ,L
maldiɡas,maldeskas,maldesk,maldiɡ,L
maldiɡas,maldeskas,maldesk,maldiɡ,L
maldiɡas,maldeskas,maldesk,maldiɡ,L
maldiɡas,maldeskas,maldesk,maldiɡ,L
maldiɡas,maldeskas,maldesk,maldiɡ,L
maldiɡas,maldeskas,maldesk,maldiɡ,L
maldiɡas,maldeskas,maldesk,maldiɡ,L
maldiɡas,maldeskas,maldesk,maldiɡ,L
maldiɡas,maldises,maldis,maldiɡ,L
maldiɡas,maldises,maldis,maldiɡ,L
maldiɡas,maldises,maldis,maldiɡ,L
maldiɡas,maldises,maldis,maldiɡ,L
maldiɡas,maldises,maldis,maldiɡ,L
maldiɡas,maldises,maldis,maldiɡ,L
maldiɡas,maldises,maldis,maldiɡ,L
maldiɡas,maldises,maldis,maldiɡ,L
maldiɡas,maldises,maldis,maldiɡ,L
maldiɡas,maldises,maldis,maldiɡ,L
maldiɡas,maldises,maldis,maldiɡ,L
maldiɡas,maldises,maldis,maldiɡ,L
maldiɡas,maldises,maldis,maldiɡ,L
maldiɡas,maldises,maldis,maldiɡ,L
maldiɡas,maldises,maldis,maldiɡ,L
maldiɡas,maldises,maldis,maldiɡ,L
maldiɡas,maldises,maldis,maldiɡ,L
maldiɡas,maldises,maldis,maldiɡ,L
maldiɡas,maldises,maldis,maldiɡ,L
maldiɡas,maldises,maldis,maldiɡ,L
maldiɡas,maldises,maldis,maldiɡ,L
maldiɡas,maldiɡes,maldiɡ,maldiɡ,L
maldiɡas,maldiɡes,maldiɡ,maldiɡ,L
maldiɡas,maldiɡes,maldiɡ,maldiɡ,L
maldiɡas,maldiɡes,maldiɡ,maldiɡ,L
maldiɡas,maldiɡes,maldiɡ,maldiɡ,L
maldiɡas,maldiɡes,maldiɡ,maldiɡ,L
maldiɡas,maldiɡes,maldiɡ,maldiɡ,L
maldiɡas,maldiɡes,maldiɡ,maldiɡ,L
maldiɡas,maldiɡes,maldiɡ,maldiɡ,L
maldiɡas,maldiɡes,maldiɡ,maldiɡ,L
maldiɡas,maldiɡes,maldiɡ,maldiɡ,L
maldiɡas,maldiɡes,maldiɡ,maldiɡ,L
maldiɡas,maldiɡes,maldiɡ,maldiɡ,L
maldiɡas,maldiɡes,maldiɡ,maldiɡ,L
maldiɡas,maldiɡes,maldiɡ,maldiɡ,L
maldiɡa,maldeska,maldesk,maldiɡ,L
maldiɡa,maldeska,maldesk,maldiɡ,L
maldiɡa,maldeska,maldesk,maldiɡ,L
maldiɡa,maldeska,maldesk,maldiɡ,L
maldiɡa,maldeska,maldesk,maldiɡ,L
maldiɡa,maldeska,maldesk,maldiɡ,L
maldiɡa,maldeska,maldesk,maldiɡ,L
maldiɡa,maldeska,maldesk,maldiɡ,L
maldiɡa,maldeska,maldesk,maldiɡ,L
maldiɡa,maldeska,maldesk,maldiɡ,L
maldiɡa,maldeska,maldesk,maldiɡ,L
maldiɡa,maldeska,maldesk,maldiɡ,L
maldiɡa,maldeska,maldesk,maldiɡ,L
maldiɡa,maldeska,maldesk,maldiɡ,L
maldiɡa,maldeska,maldesk,maldiɡ,L
maldiɡa,maldeska,maldesk,maldiɡ,L
maldiɡa,maldeska,maldesk,maldiɡ,L
maldiɡa,maldeska,maldesk,maldiɡ,L
maldiɡa,maldeska,maldesk,maldiɡ,L
maldiɡa,maldise,maldis,maldiɡ,L
maldiɡa,maldise,maldis,maldiɡ,L
maldiɡa,maldise,maldis,maldiɡ,L
maldiɡa,maldise,maldis,maldiɡ,L
maldiɡa,maldise,maldis,maldiɡ,L
maldiɡa,maldise,maldis,maldiɡ,L
maldiɡa,maldise,maldis,maldiɡ,L
maldiɡa,maldise,maldis,maldiɡ,L
maldiɡa,maldise,maldis,maldiɡ,L
maldiɡa,maldise,maldis,maldiɡ,L
maldiɡa,maldise,maldis,maldiɡ,L
maldiɡa,maldise,maldis,maldiɡ,L
maldiɡa,maldise,maldis,maldiɡ,L
maldiɡa,maldise,maldis,maldiɡ,L
maldiɡa,maldise,maldis,maldiɡ,L
maldiɡa,maldise,maldis,maldiɡ,L
maldiɡa,maldise,maldis,maldiɡ,L
maldiɡa,maldise,maldis,maldiɡ,L
maldiɡa,maldise,maldis,maldiɡ,L
maldiɡa,maldise,maldis,maldiɡ,L
maldiɡa,maldise,maldis,maldiɡ,L
maldiɡa,maldiɡe,maldiɡ,maldiɡ,L
maldiɡa,maldiɡe,maldiɡ,maldiɡ,L
maldiɡa,maldiɡe,maldiɡ,maldiɡ,L
maldiɡa,maldiɡe,maldiɡ,maldiɡ,L
maldiɡa,maldiɡe,maldiɡ,maldiɡ,L
maldiɡa,maldiɡe,maldiɡ,maldiɡ,L
maldiɡa,maldiɡe,maldiɡ,maldiɡ,L
maldiɡa,maldiɡe,maldiɡ,maldiɡ,L
maldiɡa,maldiɡe,maldiɡ,maldiɡ,L
maldiɡa,maldiɡe,maldiɡ,maldiɡ,L
maldiɡa,maldiɡe,maldiɡ,maldiɡ,L
maldiɡa,maldiɡe,maldiɡ,maldiɡ,L
maldiɡa,maldiɡe,maldiɡ,maldiɡ,L
maldiɡa,maldiɡe,maldiɡ,maldiɡ,L
maldiɡa,maldiɡe,maldiɡ,maldiɡ,L
maldiɡa,maldeska,maldesk,maldiɡ,L
maldiɡa,maldeska,maldesk,maldiɡ,L
maldiɡa,maldeska,maldesk,maldiɡ,L
maldiɡa,maldeska,maldesk,maldiɡ,L
maldiɡa,maldeska,maldesk,maldiɡ,L
maldiɡa,maldeska,maldesk,maldiɡ,L
maldiɡa,maldeska,maldesk,maldiɡ,L
maldiɡa,maldeska,maldesk,maldiɡ,L
maldiɡa,maldeska,maldesk,maldiɡ,L
maldiɡa,maldeska,maldesk,maldiɡ,L
maldiɡa,maldeska,maldesk,maldiɡ,L
maldiɡa,maldeska,maldesk,maldiɡ,L
maldiɡa,maldeska,maldesk,maldiɡ,L
maldiɡa,maldeska,maldesk,maldiɡ,L
maldiɡa,maldeska,maldesk,maldiɡ,L
maldiɡa,maldeska,maldesk,maldiɡ,L
maldiɡa,maldeska,maldesk,maldiɡ,L
maldiɡa,maldeska,maldesk,maldiɡ,L
maldiɡa,maldeska,maldesk,maldiɡ,L
maldiɡa,maldise,maldis,maldiɡ,L
maldiɡa,maldise,maldis,maldiɡ,L
maldiɡa,maldise,maldis,maldiɡ,L
maldiɡa,maldise,maldis,maldiɡ,L
maldiɡa,maldise,maldis,maldiɡ,L
maldiɡa,maldise,maldis,maldiɡ,L
maldiɡa,maldise,maldis,maldiɡ,L
maldiɡa,maldise,maldis,maldiɡ,L
maldiɡa,maldise,maldis,maldiɡ,L
maldiɡa,maldise,maldis,maldiɡ,L
maldiɡa,maldise,maldis,maldiɡ,L
maldiɡa,maldise,maldis,maldiɡ,L
maldiɡa,maldise,maldis,maldiɡ,L
maldiɡa,maldise,maldis,maldiɡ,L
maldiɡa,maldise,maldis,maldiɡ,L
maldiɡa,maldise,maldis,maldiɡ,L
maldiɡa,maldise,maldis,maldiɡ,L
maldiɡa,maldise,maldis,maldiɡ,L
maldiɡa,maldise,maldis,maldiɡ,L
maldiɡa,maldise,maldis,maldiɡ,L
maldiɡa,maldise,maldis,maldiɡ,L
maldiɡa,maldiɡe,maldiɡ,maldiɡ,L
maldiɡa,maldiɡe,maldiɡ,maldiɡ,L
maldiɡa,maldiɡe,maldiɡ,maldiɡ,L
maldiɡa,maldiɡe,maldiɡ,maldiɡ,L
maldiɡa,maldiɡe,maldiɡ,maldiɡ,L
maldiɡa,maldiɡe,maldiɡ,maldiɡ,L
maldiɡa,maldiɡe,maldiɡ,maldiɡ,L
maldiɡa,maldiɡe,maldiɡ,maldiɡ,L
maldiɡa,maldiɡe,maldiɡ,maldiɡ,L
maldiɡa,maldiɡe,maldiɡ,maldiɡ,L
maldiɡa,maldiɡe,maldiɡ,maldiɡ,L
maldiɡa,maldiɡe,maldiɡ,maldiɡ,L
maldiɡa,maldiɡe,maldiɡ,maldiɡ,L
maldiɡa,maldiɡe,maldiɡ,maldiɡ,L
maldiɡa,maldiɡe,maldiɡ,maldiɡ,L
maldiɡo,maldesko,maldesk,maldiɡ,L
maldiɡo,maldesko,maldesk,maldiɡ,L
maldiɡo,maldesko,maldesk,maldiɡ,L
maldiɡo,maldesko,maldesk,maldiɡ,L
maldiɡo,maldesko,maldesk,maldiɡ,L
maldiɡo,maldesko,maldesk,maldiɡ,L
maldiɡo,maldesko,maldesk,maldiɡ,L
maldiɡo,maldesko,maldesk,maldiɡ,L
maldiɡo,maldesko,maldesk,maldiɡ,L
maldiɡo,maldesko,maldesk,maldiɡ,L
maldiɡo,maldesko,maldesk,maldiɡ,L
maldiɡo,maldesko,maldesk,maldiɡ,L
maldiɡo,maldesko,maldesk,maldiɡ,L
maldiɡo,maldesko,maldesk,maldiɡ,L
maldiɡo,maldesko,maldesk,maldiɡ,L
maldiɡo,maldesko,maldesk,maldiɡ,L
maldiɡo,maldesko,maldesk,maldiɡ,L
maldiɡo,maldesko,maldesk,maldiɡ,L
maldiɡo,maldesko,maldesk,maldiɡ,L
maldiɡo,maldiso,maldis,maldiɡ,L
maldiɡo,maldiso,maldis,maldiɡ,L
maldiɡo,maldiso,maldis,maldiɡ,L
maldiɡo,maldiso,maldis,maldiɡ,L
maldiɡo,maldiso,maldis,maldiɡ,L
maldiɡo,maldiso,maldis,maldiɡ,L
maldiɡo,maldiso,maldis,maldiɡ,L
maldiɡo,maldiso,maldis,maldiɡ,L
maldiɡo,maldiso,maldis,maldiɡ,L
maldiɡo,maldiso,maldis,maldiɡ,L
maldiɡo,maldiso,maldis,maldiɡ,L
maldiɡo,maldiso,maldis,maldiɡ,L
maldiɡo,maldiso,maldis,maldiɡ,L
maldiɡo,maldiso,maldis,maldiɡ,L
maldiɡo,maldiso,maldis,maldiɡ,L
maldiɡo,maldiso,maldis,maldiɡ,L
maldiɡo,maldiso,maldis,maldiɡ,L
maldiɡo,maldiso,maldis,maldiɡ,L
maldiɡo,maldiso,maldis,maldiɡ,L
maldiɡo,maldiso,maldis,maldiɡ,L
maldiɡo,maldiso,maldis,maldiɡ,L
maldiɡo,maldiɡo,maldiɡ,maldiɡ,L
maldiɡo,maldiɡo,maldiɡ,maldiɡ,L
maldiɡo,maldiɡo,maldiɡ,maldiɡ,L
maldiɡo,maldiɡo,maldiɡ,maldiɡ,L
maldiɡo,maldiɡo,maldiɡ,maldiɡ,L
maldiɡo,maldiɡo,maldiɡ,maldiɡ,L
maldiɡo,maldiɡo,maldiɡ,maldiɡ,L
maldiɡo,maldiɡo,maldiɡ,maldiɡ,L
maldiɡo,maldiɡo,maldiɡ,maldiɡ,L
maldiɡo,maldiɡo,maldiɡ,maldiɡ,L
maldiɡo,maldiɡo,maldiɡ,maldiɡ,L
maldiɡo,maldiɡo,maldiɡ,maldiɡ,L
maldiɡo,maldiɡo,maldiɡ,maldiɡ,L
maldiɡo,maldiɡo,maldiɡ,maldiɡ,L
maldiɡo,maldiɡo,maldiɡ,maldiɡ,L
palidesejs,palidesejs,palides,palides,L
palidesejs,palidesejs,palides,palides,L
palidesejs,palidesejs,palides,palides,L
palidesejs,palidesejs,palides,palides,L
palidesejs,palidesejs,palides,palides,L
palidesejs,palidesejs,palides,palides,L
palidesejs,palidesejs,palides,palides,L
palidesejs,palidesejs,palides,palides,L
palidesejs,palidesejs,palides,palides,L
palidesejs,palidesejs,palides,palides,L
palidesejs,palidesejs,palides,palides,L
palidesejs,palidesejs,palides,palides,L
palidesejs,palidesejs,palides,palides,L
palidesejs,palidesejs,palides,palides,L
palidesejs,palidesejs,palides,palides,L
palidesejs,palidesejs,palides,palides,L
palidesejs,palidesejs,palides,palides,L
palidesejs,palidesejs,palides,palides,L
palidesejs,palidesejs,palides,palides,L
palidesejs,palidesejs,palides,palides,L
palidesejs,palidesejs,palides,palides,L
palidesejs,palidesejs,palides,palides,L
palidesejs,palidesejs,palides,palides,L
palidesejs,palidesejs,palides,palides,L
palidesejs,palidesejs,palides,palides,L
palidesejs,palidesejs,palides,palides,L
palidesejs,palidesejs,palides,palides,L
palidesejs,palidesejs,palides,palides,L
palidesejs,palidesejs,palides,palides,L
palidesejs,palidesejs,palides,palides,L
palidesejs,palidesejs,palides,palides,L
palidesejs,palidesejs,palides,palides,L
palidesejs,palidesejs,palides,palides,L
palidesejs,palidesejs,palides,palides,L
palidesejs,palidesejs,palides,palides,L
palidesejs,palidesejs,palides,palides,L
palidesejs,palidesejs,palides,palides,L
palidesejs,palidesejs,palides,palides,L
palidesejs,palidesejs,palides,palides,L
palidesejs,palidesejs,palides,palides,L
palidesejs,palidesejs,palides,palides,L
palidesejs,palidesejs,palides,palides,L
palidesejs,palidesejs,palides,palides,L
palidesejs,palidesejs,palides,palides,L
palidesejs,palidesejs,palides,palides,L
palidesejs,palidesejs,palides,palides,L
palidesejs,palidesejs,palides,palides,L
palidesejs,palidesejs,palides,palides,L
palidesejs,palidesejs,palides,palides,L
palidesejs,palidesejs,palides,palides,L
palidesejs,palidesejs,palides,palides,L
palidesejs,palidesejs,palides,palides,L
palidesejs,palidesejs,palides,palides,L
palidesejs,palidesejs,palides,palides,L
palidesejs,palidesejs,palides,palides,L
palidesemos,palidesemos,palides,palides,L
palidesemos,palidesemos,palides,palides,L
palidesemos,palidesemos,palides,palides,L
palidesemos,palidesemos,palides,palides,L
palidesemos,palidesemos,palides,palides,L
palidesemos,palidesemos,palides,palides,L
palidesemos,palidesemos,palides,palides,L
palidesemos,palidesemos,palides,palides,L
palidesemos,palidesemos,palides,palides,L
palidesemos,palidesemos,palides,palides,L
palidesemos,palidesemos,palides,palides,L
palidesemos,palidesemos,palides,palides,L
palidesemos,palidesemos,palides,palides,L
palidesemos,palidesemos,palides,palides,L
palidesemos,palidesemos,palides,palides,L
palidesemos,palidesemos,palides,palides,L
palidesemos,palidesemos,palides,palides,L
palidesemos,palidesemos,palides,palides,L
palidesemos,palidesemos,palides,palides,L
palidesemos,palidesemos,palides,palides,L
palidesemos,palidesemos,palides,palides,L
palidesemos,palidesemos,palides,palides,L
palidesemos,palidesemos,palides,palides,L
palidesemos,palidesemos,palides,palides,L
palidesemos,palidesemos,palides,palides,L
palidesemos,palidesemos,palides,palides,L
palidesemos,palidesemos,palides,palides,L
palidesemos,palidesemos,palides,palides,L
palidesemos,palidesemos,palides,palides,L
palidesemos,palidesemos,palides,palides,L
palidesemos,palidesemos,palides,palides,L
palidesemos,palidesemos,palides,palides,L
palidesemos,palidesemos,palides,palides,L
palidesemos,palidesemos,palides,palides,L
palidesemos,palidesemos,palides,palides,L
palidesemos,palidesemos,palides,palides,L
palidesemos,palidesemos,palides,palides,L
palidesemos,palidesemos,palides,palides,L
palidesemos,palidesemos,palides,palides,L
palidesemos,palidesemos,palides,palides,L
palidesemos,palidesemos,palides,palides,L
palidesemos,palidesemos,palides,palides,L
palidesemos,palidesemos,palides,palides,L
palidesemos,palidesemos,palides,palides,L
palidesemos,palidesemos,palides,palides,L
palidesemos,palidesemos,palides,palides,L
palidesemos,palidesemos,palides,palides,L
palidesemos,palidesemos,palides,palides,L
palidesemos,palidesemos,palides,palides,L
palidesemos,palidesemos,palides,palides,L
palidesemos,palidesemos,palides,palides,L
palidesemos,palidesemos,palides,palides,L
palidesemos,palidesemos,palides,palides,L
palidesemos,palidesemos,palides,palides,L
palidesemos,palidesemos,palides,palides,L
palidesen,palidesen,palides,palides,L
palidesen,palidesen,palides,palides,L
palidesen,palidesen,palides,palides,L
palidesen,palidesen,palides,palides,L
palidesen,palidesen,palides,palides,L
palidesen,palidesen,palides,palides,L
palidesen,palidesen,palides,palides,L
palidesen,palidesen,palides,palides,L
palidesen,palidesen,palides,palides,L
palidesen,palidesen,palides,palides,L
palidesen,palidesen,palides,palides,L
palidesen,palidesen,palides,palides,L
palidesen,palidesen,palides,palides,L
palidesen,palidesen,palides,palides,L
palidesen,palidesen,palides,palides,L
palidesen,palidesen,palides,palides,L
palidesen,palidesen,palides,palides,L
palidesen,palidesen,palides,palides,L
palidesen,palidesen,palides,palides,L
palidesen,palidesen,palides,palides,L
palidesen,palidesen,palides,palides,L
palidesen,palidesen,palides,palides,L
palidesen,palidesen,palides,palides,L
palidesen,palidesen,palides,palides,L
palidesen,palidesen,palides,palides,L
palidesen,palidesen,palides,palides,L
palidesen,palidesen,palides,palides,L
palidesen,palidesen,palides,palides,L
palidesen,palidesen,palides,palides,L
palidesen,palidesen,palides,palides,L
palidesen,palidesen,palides,palides,L
palidesen,palidesen,palides,palides,L
palidesen,palidesen,palides,palides,L
palidesen,palidesen,palides,palides,L
palidesen,palidesen,palides,palides,L
palidesen,palidesen,palides,palides,L
palidesen,palidesen,palides,palides,L
palidesen,palidesen,palides,palides,L
palidesen,palidesen,palides,palides,L
palidesen,palidesen,palides,palides,L
palidesen,palidesen,palides,palides,L
palidesen,palidesen,palides,palides,L
palidesen,palidesen,palides,palides,L
palidesen,palidesen,palides,palides,L
palidesen,palidesen,palides,palides,L
palidesen,palidesen,palides,palides,L
palidesen,palidesen,palides,palides,L
palidesen,palidesen,palides,palides,L
palidesen,palidesen,palides,palides,L
palidesen,palidesen,palides,palides,L
palidesen,palidesen,palides,palides,L
palidesen,palidesen,palides,palides,L
palidesen,palidesen,palides,palides,L
palidesen,palidesen,palides,palides,L
palidesen,palidesen,palides,palides,L
palideses,palideses,palides,palides,L
palideses,palideses,palides,palides,L
palideses,palideses,palides,palides,L
palideses,palideses,palides,palides,L
palideses,palideses,palides,palides,L
palideses,palideses,palides,palides,L
palideses,palideses,palides,palides,L
palideses,palideses,palides,palides,L
palideses,palideses,palides,palides,L
palideses,palideses,palides,palides,L
palideses,palideses,palides,palides,L
palideses,palideses,palides,palides,L
palideses,palideses,palides,palides,L
palideses,palideses,palides,palides,L
palideses,palideses,palides,palides,L
palideses,palideses,palides,palides,L
palideses,palideses,palides,palides,L
palideses,palideses,palides,palides,L
palideses,palideses,palides,palides,L
palideses,palideses,palides,palides,L
palideses,palideses,palides,palides,L
palideses,palideses,palides,palides,L
palideses,palideses,palides,palides,L
palideses,palideses,palides,palides,L
palideses,palideses,palides,palides,L
palideses,palideses,palides,palides,L
palideses,palideses,palides,palides,L
palideses,palideses,palides,palides,L
palideses,palideses,palides,palides,L
palideses,palideses,palides,palides,L
palideses,palideses,palides,palides,L
palideses,palideses,palides,palides,L
palideses,palideses,palides,palides,L
palideses,palideses,palides,palides,L
palideses,palideses,palides,palides,L
palideses,palideses,palides,palides,L
palideses,palideses,palides,palides,L
palideses,palideses,palides,palides,L
palideses,palideses,palides,palides,L
palideses,palideses,palides,palides,L
palideses,palideses,palides,palides,L
palideses,palideses,palides,palides,L
palideses,palideses,palides,palides,L
palideses,palideses,palides,palides,L
palideses,palideses,palides,palides,L
palideses,palideses,palides,palides,L
palideses,palideses,palides,palides,L
palideses,palideses,palides,palides,L
palideses,palideses,palides,palides,L
palideses,palideses,palides,palides,L
palideses,palideses,palides,palides,L
palideses,palideses,palides,palides,L
palideses,palideses,palides,palides,L
palideses,palideses,palides,palides,L
palideses,palideses,palides,palides,L
palidese,palidese,palides,palides,L
palidese,palidese,palides,palides,L
palidese,palidese,palides,palides,L
palidese,palidese,palides,palides,L
palidese,palidese,palides,palides,L
palidese,palidese,palides,palides,L
palidese,palidese,palides,palides,L
palidese,palidese,palides,palides,L
palidese,palidese,palides,palides,L
palidese,palidese,palides,palides,L
palidese,palidese,palides,palides,L
palidese,palidese,palides,palides,L
palidese,palidese,palides,palides,L
palidese,palidese,palides,palides,L
palidese,palidese,palides,palides,L
palidese,palidese,palides,palides,L
palidese,palidese,palides,palides,L
palidese,palidese,palides,palides,L
palidese,palidese,palides,palides,L
palidese,palidese,palides,palides,L
palidese,palidese,palides,palides,L
palidese,palidese,palides,palides,L
palidese,palidese,palides,palides,L
palidese,palidese,palides,palides,L
palidese,palidese,palides,palides,L
palidese,palidese,palides,palides,L
palidese,palidese,palides,palides,L
palidese,palidese,palides,palides,L
palidese,palidese,palides,palides,L
palidese,palidese,palides,palides,L
palidese,palidese,palides,palides,L
palidese,palidese,palides,palides,L
palidese,palidese,palides,palides,L
palidese,palidese,palides,palides,L
palidese,palidese,palides,palides,L
palidese,palidese,palides,palides,L
palidese,palidese,palides,palides,L
palidese,palidese,palides,palides,L
palidese,palidese,palides,palides,L
palidese,palidese,palides,palides,L
palidese,palidese,palides,palides,L
palidese,palidese,palides,palides,L
palidese,palidese,palides,palides,L
palidese,palidese,palides,palides,L
palidese,palidese,palides,palides,L
palidese,palidese,palides,palides,L
palidese,palidese,palides,palides,L
palidese,palidese,palides,palides,L
palidese,palidese,palides,palides,L
palidese,palidese,palides,palides,L
palidese,palidese,palides,palides,L
palidese,palidese,palides,palides,L
palidese,palidese,palides,palides,L
palidese,palidese,palides,palides,L
palidese,palidese,palides,palides,L
palideskajs,palideskajs,palidesk,palidesk,L
palideskajs,palideskajs,palidesk,palidesk,L
palideskajs,palideskajs,palidesk,palidesk,L
palideskajs,palideskajs,palidesk,palidesk,L
palideskajs,palideskajs,palidesk,palidesk,L
palideskajs,palideskajs,palidesk,palidesk,L
palideskajs,palideskajs,palidesk,palidesk,L
palideskajs,palideskajs,palidesk,palidesk,L
palideskajs,palideskajs,palidesk,palidesk,L
palideskajs,palideskajs,palidesk,palidesk,L
palideskajs,palideskajs,palidesk,palidesk,L
palideskajs,palideskajs,palidesk,palidesk,L
palideskajs,palideskajs,palidesk,palidesk,L
palideskajs,palideskajs,palidesk,palidesk,L
palideskajs,palideskajs,palidesk,palidesk,L
palideskajs,palideskajs,palidesk,palidesk,L
palideskajs,palideskajs,palidesk,palidesk,L
palideskajs,palideskajs,palidesk,palidesk,L
palideskajs,palideskajs,palidesk,palidesk,L
palideskajs,palideskajs,palidesk,palidesk,L
palideskajs,palideskajs,palidesk,palidesk,L
palideskajs,palideskajs,palidesk,palidesk,L
palideskajs,palideskajs,palidesk,palidesk,L
palideskajs,palideskajs,palidesk,palidesk,L
palideskajs,palideskajs,palidesk,palidesk,L
palideskajs,palideskajs,palidesk,palidesk,L
palideskajs,palideskajs,palidesk,palidesk,L
palideskajs,palideskajs,palidesk,palidesk,L
palideskajs,palideskajs,palidesk,palidesk,L
palideskajs,palideskajs,palidesk,palidesk,L
palideskajs,palideskajs,palidesk,palidesk,L
palideskajs,palideskajs,palidesk,palidesk,L
palideskajs,palideskajs,palidesk,palidesk,L
palideskajs,palideskajs,palidesk,palidesk,L
palideskajs,palideskajs,palidesk,palidesk,L
palideskajs,palideskajs,palidesk,palidesk,L
palideskajs,palideskajs,palidesk,palidesk,L
palideskajs,palideskajs,palidesk,palidesk,L
palideskajs,palideskajs,palidesk,palidesk,L
palideskajs,palideskajs,palidesk,palidesk,L
palideskajs,palideskajs,palidesk,palidesk,L
palideskajs,palideskajs,palidesk,palidesk,L
palideskajs,palideskajs,palidesk,palidesk,L
palideskajs,palideskajs,palidesk,palidesk,L
palideskajs,palideskajs,palidesk,palidesk,L
palideskajs,palideskajs,palidesk,palidesk,L
palideskajs,palideskajs,palidesk,palidesk,L
palideskajs,palideskajs,palidesk,palidesk,L
palideskajs,palideskajs,palidesk,palidesk,L
palideskajs,palideskajs,palidesk,palidesk,L
palideskajs,palideskajs,palidesk,palidesk,L
palideskajs,palideskajs,palidesk,palidesk,L
palideskajs,palideskajs,palidesk,palidesk,L
palideskajs,palideskajs,palidesk,palidesk,L
palideskajs,palideskajs,palidesk,palidesk,L
palideskamos,palideskamos,palidesk,palidesk,L
palideskamos,palideskamos,palidesk,palidesk,L
palideskamos,palideskamos,palidesk,palidesk,L
palideskamos,palideskamos,palidesk,palidesk,L
palideskamos,palideskamos,palidesk,palidesk,L
palideskamos,palideskamos,palidesk,palidesk,L
palideskamos,palideskamos,palidesk,palidesk,L
palideskamos,palideskamos,palidesk,palidesk,L
palideskamos,palideskamos,palidesk,palidesk,L
palideskamos,palideskamos,palidesk,palidesk,L
palideskamos,palideskamos,palidesk,palidesk,L
palideskamos,palideskamos,palidesk,palidesk,L
palideskamos,palideskamos,palidesk,palidesk,L
palideskamos,palideskamos,palidesk,palidesk,L
palideskamos,palideskamos,palidesk,palidesk,L
palideskamos,palideskamos,palidesk,palidesk,L
palideskamos,palideskamos,palidesk,palidesk,L
palideskamos,palideskamos,palidesk,palidesk,L
palideskamos,palideskamos,palidesk,palidesk,L
palideskamos,palideskamos,palidesk,palidesk,L
palideskamos,palideskamos,palidesk,palidesk,L
palideskamos,palideskamos,palidesk,palidesk,L
palideskamos,palideskamos,palidesk,palidesk,L
palideskamos,palideskamos,palidesk,palidesk,L
palideskamos,palideskamos,palidesk,palidesk,L
palideskamos,palideskamos,palidesk,palidesk,L
palideskamos,palideskamos,palidesk,palidesk,L
palideskamos,palideskamos,palidesk,palidesk,L
palideskamos,palideskamos,palidesk,palidesk,L
palideskamos,palideskamos,palidesk,palidesk,L
palideskamos,palideskamos,palidesk,palidesk,L
palideskamos,palideskamos,palidesk,palidesk,L
palideskamos,palideskamos,palidesk,palidesk,L
palideskamos,palideskamos,palidesk,palidesk,L
palideskamos,palideskamos,palidesk,palidesk,L
palideskamos,palideskamos,palidesk,palidesk,L
palideskamos,palideskamos,palidesk,palidesk,L
palideskamos,palideskamos,palidesk,palidesk,L
palideskamos,palideskamos,palidesk,palidesk,L
palideskamos,palideskamos,palidesk,palidesk,L
palideskamos,palideskamos,palidesk,palidesk,L
palideskamos,palideskamos,palidesk,palidesk,L
palideskamos,palideskamos,palidesk,palidesk,L
palideskamos,palideskamos,palidesk,palidesk,L
palideskamos,palideskamos,palidesk,palidesk,L
palideskamos,palideskamos,palidesk,palidesk,L
palideskamos,palideskamos,palidesk,palidesk,L
palideskamos,palideskamos,palidesk,palidesk,L
palideskamos,palideskamos,palidesk,palidesk,L
palideskamos,palideskamos,palidesk,palidesk,L
palideskamos,palideskamos,palidesk,palidesk,L
palideskamos,palideskamos,palidesk,palidesk,L
palideskamos,palideskamos,palidesk,palidesk,L
palideskamos,palideskamos,palidesk,palidesk,L
palideskamos,palideskamos,palidesk,palidesk,L
palideskan,palideskan,palidesk,palidesk,L
palideskan,palideskan,palidesk,palidesk,L
palideskan,palideskan,palidesk,palidesk,L
palideskan,palideskan,palidesk,palidesk,L
palideskan,palideskan,palidesk,palidesk,L
palideskan,palideskan,palidesk,palidesk,L
palideskan,palideskan,palidesk,palidesk,L
palideskan,palideskan,palidesk,palidesk,L
palideskan,palideskan,palidesk,palidesk,L
palideskan,palideskan,palidesk,palidesk,L
palideskan,palideskan,palidesk,palidesk,L
palideskan,palideskan,palidesk,palidesk,L
palideskan,palideskan,palidesk,palidesk,L
palideskan,palideskan,palidesk,palidesk,L
palideskan,palideskan,palidesk,palidesk,L
palideskan,palideskan,palidesk,palidesk,L
palideskan,palideskan,palidesk,palidesk,L
palideskan,palideskan,palidesk,palidesk,L
palideskan,palideskan,palidesk,palidesk,L
palideskan,palideskan,palidesk,palidesk,L
palideskan,palideskan,palidesk,palidesk,L
palideskan,palideskan,palidesk,palidesk,L
palideskan,palideskan,palidesk,palidesk,L
palideskan,palideskan,palidesk,palidesk,L
palideskan,palideskan,palidesk,palidesk,L
palideskan,palideskan,palidesk,palidesk,L
palideskan,palideskan,palidesk,palidesk,L
palideskan,palideskan,palidesk,palidesk,L
palideskan,palideskan,palidesk,palidesk,L
palideskan,palideskan,palidesk,palidesk,L
palideskan,palideskan,palidesk,palidesk,L
palideskan,palideskan,palidesk,palidesk,L
palideskan,palideskan,palidesk,palidesk,L
palideskan,palideskan,palidesk,palidesk,L
palideskan,palideskan,palidesk,palidesk,L
palideskan,palideskan,palidesk,palidesk,L
palideskan,palideskan,palidesk,palidesk,L
palideskan,palideskan,palidesk,palidesk,L
palideskan,palideskan,palidesk,palidesk,L
palideskan,palideskan,palidesk,palidesk,L
palideskan,palideskan,palidesk,palidesk,L
palideskan,palideskan,palidesk,palidesk,L
palideskan,palideskan,palidesk,palidesk,L
palideskan,palideskan,palidesk,palidesk,L
palideskan,palideskan,palidesk,palidesk,L
palideskan,palideskan,palidesk,palidesk,L
palideskan,palideskan,palidesk,palidesk,L
palideskan,palideskan,palidesk,palidesk,L
palideskan,palideskan,palidesk,palidesk,L
palideskan,palideskan,palidesk,palidesk,L
palideskan,palideskan,palidesk,palidesk,L
palideskan,palideskan,palidesk,palidesk,L
palideskan,palideskan,palidesk,palidesk,L
palideskan,palideskan,palidesk,palidesk,L
palideskan,palideskan,palidesk,palidesk,L
palideskas,palideskas,palidesk,palidesk,L
palideskas,palideskas,palidesk,palidesk,L
palideskas,palideskas,palidesk,palidesk,L
palideskas,palideskas,palidesk,palidesk,L
palideskas,palideskas,palidesk,palidesk,L
palideskas,palideskas,palidesk,palidesk,L
palideskas,palideskas,palidesk,palidesk,L
palideskas,palideskas,palidesk,palidesk,L
palideskas,palideskas,palidesk,palidesk,L
palideskas,palideskas,palidesk,palidesk,L
palideskas,palideskas,palidesk,palidesk,L
palideskas,palideskas,palidesk,palidesk,L
palideskas,palideskas,palidesk,palidesk,L
palideskas,palideskas,palidesk,palidesk,L
palideskas,palideskas,palidesk,palidesk,L
palideskas,palideskas,palidesk,palidesk,L
palideskas,palideskas,palidesk,palidesk,L
palideskas,palideskas,palidesk,palidesk,L
palideskas,palideskas,palidesk,palidesk,L
palideskas,palideskas,palidesk,palidesk,L
palideskas,palideskas,palidesk,palidesk,L
palideskas,palideskas,palidesk,palidesk,L
palideskas,palideskas,palidesk,palidesk,L
palideskas,palideskas,palidesk,palidesk,L
palideskas,palideskas,palidesk,palidesk,L
palideskas,palideskas,palidesk,palidesk,L
palideskas,palideskas,palidesk,palidesk,L
palideskas,palideskas,palidesk,palidesk,L
palideskas,palideskas,palidesk,palidesk,L
palideskas,palideskas,palidesk,palidesk,L
palideskas,palideskas,palidesk,palidesk,L
palideskas,palideskas,palidesk,palidesk,L
palideskas,palideskas,palidesk,palidesk,L
palideskas,palideskas,palidesk,palidesk,L
palideskas,palideskas,palidesk,palidesk,L
palideskas,palideskas,palidesk,palidesk,L
palideskas,palideskas,palidesk,palidesk,L
palideskas,palideskas,palidesk,palidesk,L
palideskas,palideskas,palidesk,palidesk,L
palideskas,palideskas,palidesk,palidesk,L
palideskas,palideskas,palidesk,palidesk,L
palideskas,palideskas,palidesk,palidesk,L
palideskas,palideskas,palidesk,palidesk,L
palideskas,palideskas,palidesk,palidesk,L
palideskas,palideskas,palidesk,palidesk,L
palideskas,palideskas,palidesk,palidesk,L
palideskas,palideskas,palidesk,palidesk,L
palideskas,palideskas,palidesk,palidesk,L
palideskas,palideskas,palidesk,palidesk,L
palideskas,palideskas,palidesk,palidesk,L
palideskas,palideskas,palidesk,palidesk,L
palideskas,palideskas,palidesk,palidesk,L
palideskas,palideskas,palidesk,palidesk,L
palideskas,palideskas,palidesk,palidesk,L
palideskas,palideskas,palidesk,palidesk,L
palideska,palideska,palidesk,palidesk,L
palideska,palideska,palidesk,palidesk,L
palideska,palideska,palidesk,palidesk,L
palideska,palideska,palidesk,palidesk,L
palideska,palideska,palidesk,palidesk,L
palideska,palideska,palidesk,palidesk,L
palideska,palideska,palidesk,palidesk,L
palideska,palideska,palidesk,palidesk,L
palideska,palideska,palidesk,palidesk,L
palideska,palideska,palidesk,palidesk,L
palideska,palideska,palidesk,palidesk,L
palideska,palideska,palidesk,palidesk,L
palideska,palideska,palidesk,palidesk,L
palideska,palideska,palidesk,palidesk,L
palideska,palideska,palidesk,palidesk,L
palideska,palideska,palidesk,palidesk,L
palideska,palideska,palidesk,palidesk,L
palideska,palideska,palidesk,palidesk,L
palideska,palideska,palidesk,palidesk,L
palideska,palideska,palidesk,palidesk,L
palideska,palideska,palidesk,palidesk,L
palideska,palideska,palidesk,palidesk,L
palideska,palideska,palidesk,palidesk,L
palideska,palideska,palidesk,palidesk,L
palideska,palideska,palidesk,palidesk,L
palideska,palideska,palidesk,palidesk,L
palideska,palideska,palidesk,palidesk,L
palideska,palideska,palidesk,palidesk,L
palideska,palideska,palidesk,palidesk,L
palideska,palideska,palidesk,palidesk,L
palideska,palideska,palidesk,palidesk,L
palideska,palideska,palidesk,palidesk,L
palideska,palideska,palidesk,palidesk,L
palideska,palideska,palidesk,palidesk,L
palideska,palideska,palidesk,palidesk,L
palideska,palideska,palidesk,palidesk,L
palideska,palideska,palidesk,palidesk,L
palideska,palideska,palidesk,palidesk,L
palideska,palideska,palidesk,palidesk,L
palideska,palideska,palidesk,palidesk,L
palideska,palideska,palidesk,palidesk,L
palideska,palideska,palidesk,palidesk,L
palideska,palideska,palidesk,palidesk,L
palideska,palideska,palidesk,palidesk,L
palideska,palideska,palidesk,palidesk,L
palideska,palideska,palidesk,palidesk,L
palideska,palideska,palidesk,palidesk,L
palideska,palideska,palidesk,palidesk,L
palideska,palideska,palidesk,palidesk,L
palideska,palideska,palidesk,palidesk,L
palideska,palideska,palidesk,palidesk,L
palideska,palideska,palidesk,palidesk,L
palideska,palideska,palidesk,palidesk,L
palideska,palideska,palidesk,palidesk,L
palideska,palideska,palidesk,palidesk,L
palideska,palideska,palidesk,palidesk,L
palideska,palideska,palidesk,palidesk,L
palideska,palideska,palidesk,palidesk,L
palideska,palideska,palidesk,palidesk,L
palideska,palideska,palidesk,palidesk,L
palideska,palideska,palidesk,palidesk,L
palideska,palideska,palidesk,palidesk,L
palideska,palideska,palidesk,palidesk,L
palideska,palideska,palidesk,palidesk,L
palideska,palideska,palidesk,palidesk,L
palideska,palideska,palidesk,palidesk,L
palideska,palideska,palidesk,palidesk,L
palideska,palideska,palidesk,palidesk,L
palideska,palideska,palidesk,palidesk,L
palideska,palideska,palidesk,palidesk,L
palideska,palideska,palidesk,palidesk,L
palideska,palideska,palidesk,palidesk,L
palideska,palideska,palidesk,palidesk,L
palideska,palideska,palidesk,palidesk,L
palideska,palideska,palidesk,palidesk,L
palideska,palideska,palidesk,palidesk,L
palideska,palideska,palidesk,palidesk,L
palideska,palideska,palidesk,palidesk,L
palideska,palideska,palidesk,palidesk,L
palideska,palideska,palidesk,palidesk,L
palideska,palideska,palidesk,palidesk,L
palideska,palideska,palidesk,palidesk,L
palideska,palideska,palidesk,palidesk,L
palideska,palideska,palidesk,palidesk,L
palideska,palideska,palidesk,palidesk,L
palideska,palideska,palidesk,palidesk,L
palideska,palideska,palidesk,palidesk,L
palideska,palideska,palidesk,palidesk,L
palideska,palideska,palidesk,palidesk,L
palideska,palideska,palidesk,palidesk,L
palideska,palideska,palidesk,palidesk,L
palideska,palideska,palidesk,palidesk,L
palideska,palideska,palidesk,palidesk,L
palideska,palideska,palidesk,palidesk,L
palideska,palideska,palidesk,palidesk,L
palideska,palideska,palidesk,palidesk,L
palideska,palideska,palidesk,palidesk,L
palideska,palideska,palidesk,palidesk,L
palideska,palideska,palidesk,palidesk,L
palideska,palideska,palidesk,palidesk,L
palideska,palideska,palidesk,palidesk,L
palideska,palideska,palidesk,palidesk,L
palideska,palideska,palidesk,palidesk,L
palideska,palideska,palidesk,palidesk,L
palideska,palideska,palidesk,palidesk,L
palideska,palideska,palidesk,palidesk,L
palideska,palideska,palidesk,palidesk,L
palideska,palideska,palidesk,palidesk,L
palideska,palideska,palidesk,palidesk,L
palideska,palideska,palidesk,palidesk,L
palidesko,palidesko,palidesk,palidesk,L
palidesko,palidesko,palidesk,palidesk,L
palidesko,palidesko,palidesk,palidesk,L
palidesko,palidesko,palidesk,palidesk,L
palidesko,palidesko,palidesk,palidesk,L
palidesko,palidesko,palidesk,palidesk,L
palidesko,palidesko,palidesk,palidesk,L
palidesko,palidesko,palidesk,palidesk,L
palidesko,palidesko,palidesk,palidesk,L
palidesko,palidesko,palidesk,palidesk,L
palidesko,palidesko,palidesk,palidesk,L
palidesko,palidesko,palidesk,palidesk,L
palidesko,palidesko,palidesk,palidesk,L
palidesko,palidesko,palidesk,palidesk,L
palidesko,palidesko,palidesk,palidesk,L
palidesko,palidesko,palidesk,palidesk,L
palidesko,palidesko,palidesk,palidesk,L
palidesko,palidesko,palidesk,palidesk,L
palidesko,palidesko,palidesk,palidesk,L
palidesko,palidesko,palidesk,palidesk,L
palidesko,palidesko,palidesk,palidesk,L
palidesko,palidesko,palidesk,palidesk,L
palidesko,palidesko,palidesk,palidesk,L
palidesko,palidesko,palidesk,palidesk,L
palidesko,palidesko,palidesk,palidesk,L
palidesko,palidesko,palidesk,palidesk,L
palidesko,palidesko,palidesk,palidesk,L
palidesko,palidesko,palidesk,palidesk,L
palidesko,palidesko,palidesk,palidesk,L
palidesko,palidesko,palidesk,palidesk,L
palidesko,palidesko,palidesk,palidesk,L
palidesko,palidesko,palidesk,palidesk,L
palidesko,palidesko,palidesk,palidesk,L
palidesko,palidesko,palidesk,palidesk,L
palidesko,palidesko,palidesk,palidesk,L
palidesko,palidesko,palidesk,palidesk,L
palidesko,palidesko,palidesk,palidesk,L
palidesko,palidesko,palidesk,palidesk,L
palidesko,palidesko,palidesk,palidesk,L
palidesko,palidesko,palidesk,palidesk,L
palidesko,palidesko,palidesk,palidesk,L
palidesko,palidesko,palidesk,palidesk,L
palidesko,palidesko,palidesk,palidesk,L
palidesko,palidesko,palidesk,palidesk,L
palidesko,palidesko,palidesk,palidesk,L
palidesko,palidesko,palidesk,palidesk,L
palidesko,palidesko,palidesk,palidesk,L
palidesko,palidesko,palidesk,palidesk,L
palidesko,palidesko,palidesk,palidesk,L
palidesko,palidesko,palidesk,palidesk,L
palidesko,palidesko,palidesk,palidesk,L
palidesko,palidesko,palidesk,palidesk,L
palidesko,palidesko,palidesk,palidesk,L
palidesko,palidesko,palidesk,palidesk,L
palidesko,palidesko,palidesk,palidesk,L
enaltesejs,enaltesejs,enaltes,enaltes,L
enaltesejs,enaltesejs,enaltes,enaltes,L
enaltesejs,enaltesejs,enaltes,enaltes,L
enaltesejs,enaltesejs,enaltes,enaltes,L
enaltesejs,enaltesejs,enaltes,enaltes,L
enaltesejs,enaltesejs,enaltes,enaltes,L
enaltesejs,enaltesejs,enaltes,enaltes,L
enaltesejs,enaltesejs,enaltes,enaltes,L
enaltesejs,enaltesejs,enaltes,enaltes,L
enaltesejs,enaltesejs,enaltes,enaltes,L
enaltesejs,enaltesejs,enaltes,enaltes,L
enaltesejs,enaltesejs,enaltes,enaltes,L
enaltesejs,enaltesejs,enaltes,enaltes,L
enaltesejs,enaltesejs,enaltes,enaltes,L
enaltesejs,enaltesejs,enaltes,enaltes,L
enaltesejs,enaltesejs,enaltes,enaltes,L
enaltesejs,enaltesejs,enaltes,enaltes,L
enaltesejs,enaltesejs,enaltes,enaltes,L
enaltesejs,enaltesejs,enaltes,enaltes,L
enaltesejs,enaltesejs,enaltes,enaltes,L
enaltesejs,enaltesejs,enaltes,enaltes,L
enaltesejs,enaltesejs,enaltes,enaltes,L
enaltesejs,enaltesejs,enaltes,enaltes,L
enaltesejs,enaltesejs,enaltes,enaltes,L
enaltesejs,enaltesejs,enaltes,enaltes,L
enaltesejs,enaltesejs,enaltes,enaltes,L
enaltesejs,enaltesejs,enaltes,enaltes,L
enaltesejs,enaltesejs,enaltes,enaltes,L
enaltesejs,enaltesejs,enaltes,enaltes,L
enaltesejs,enaltesejs,enaltes,enaltes,L
enaltesejs,enaltesejs,enaltes,enaltes,L
enaltesejs,enaltesejs,enaltes,enaltes,L
enaltesejs,enaltesejs,enaltes,enaltes,L
enaltesejs,enaltesejs,enaltes,enaltes,L
enaltesejs,enaltesejs,enaltes,enaltes,L
enaltesejs,enaltesejs,enaltes,enaltes,L
enaltesejs,enaltesejs,enaltes,enaltes,L
enaltesejs,enaltesejs,enaltes,enaltes,L
enaltesejs,enaltesejs,enaltes,enaltes,L
enaltesejs,enaltesejs,enaltes,enaltes,L
enaltesejs,enaltesejs,enaltes,enaltes,L
enaltesejs,enaltesejs,enaltes,enaltes,L
enaltesejs,enaltesejs,enaltes,enaltes,L
enaltesejs,enaltesejs,enaltes,enaltes,L
enaltesejs,enaltesejs,enaltes,enaltes,L
enaltesejs,enaltesejs,enaltes,enaltes,L
enaltesejs,enaltesejs,enaltes,enaltes,L
enaltesejs,enaltesejs,enaltes,enaltes,L
enaltesejs,enaltesejs,enaltes,enaltes,L
enaltesejs,enaltesejs,enaltes,enaltes,L
enaltesejs,enaltesejs,enaltes,enaltes,L
enaltesejs,enaltesejs,enaltes,enaltes,L
enaltesejs,enaltesejs,enaltes,enaltes,L
enaltesejs,enaltesejs,enaltes,enaltes,L
enaltesejs,enaltesejs,enaltes,enaltes,L
enaltesemos,enaltesemos,enaltes,enaltes,L
enaltesemos,enaltesemos,enaltes,enaltes,L
enaltesemos,enaltesemos,enaltes,enaltes,L
enaltesemos,enaltesemos,enaltes,enaltes,L
enaltesemos,enaltesemos,enaltes,enaltes,L
enaltesemos,enaltesemos,enaltes,enaltes,L
enaltesemos,enaltesemos,enaltes,enaltes,L
enaltesemos,enaltesemos,enaltes,enaltes,L
enaltesemos,enaltesemos,enaltes,enaltes,L
enaltesemos,enaltesemos,enaltes,enaltes,L
enaltesemos,enaltesemos,enaltes,enaltes,L
enaltesemos,enaltesemos,enaltes,enaltes,L
enaltesemos,enaltesemos,enaltes,enaltes,L
enaltesemos,enaltesemos,enaltes,enaltes,L
enaltesemos,enaltesemos,enaltes,enaltes,L
enaltesemos,enaltesemos,enaltes,enaltes,L
enaltesemos,enaltesemos,enaltes,enaltes,L
enaltesemos,enaltesemos,enaltes,enaltes,L
enaltesemos,enaltesemos,enaltes,enaltes,L
enaltesemos,enaltesemos,enaltes,enaltes,L
enaltesemos,enaltesemos,enaltes,enaltes,L
enaltesemos,enaltesemos,enaltes,enaltes,L
enaltesemos,enaltesemos,enaltes,enaltes,L
enaltesemos,enaltesemos,enaltes,enaltes,L
enaltesemos,enaltesemos,enaltes,enaltes,L
enaltesemos,enaltesemos,enaltes,enaltes,L
enaltesemos,enaltesemos,enaltes,enaltes,L
enaltesemos,enaltesemos,enaltes,enaltes,L
enaltesemos,enaltesemos,enaltes,enaltes,L
enaltesemos,enaltesemos,enaltes,enaltes,L
enaltesemos,enaltesemos,enaltes,enaltes,L
enaltesemos,enaltesemos,enaltes,enaltes,L
enaltesemos,enaltesemos,enaltes,enaltes,L
enaltesemos,enaltesemos,enaltes,enaltes,L
enaltesemos,enaltesemos,enaltes,enaltes,L
enaltesemos,enaltesemos,enaltes,enaltes,L
enaltesemos,enaltesemos,enaltes,enaltes,L
enaltesemos,enaltesemos,enaltes,enaltes,L
enaltesemos,enaltesemos,enaltes,enaltes,L
enaltesemos,enaltesemos,enaltes,enaltes,L
enaltesemos,enaltesemos,enaltes,enaltes,L
enaltesemos,enaltesemos,enaltes,enaltes,L
enaltesemos,enaltesemos,enaltes,enaltes,L
enaltesemos,enaltesemos,enaltes,enaltes,L
enaltesemos,enaltesemos,enaltes,enaltes,L
enaltesemos,enaltesemos,enaltes,enaltes,L
enaltesemos,enaltesemos,enaltes,enaltes,L
enaltesemos,enaltesemos,enaltes,enaltes,L
enaltesemos,enaltesemos,enaltes,enaltes,L
enaltesemos,enaltesemos,enaltes,enaltes,L
enaltesemos,enaltesemos,enaltes,enaltes,L
enaltesemos,enaltesemos,enaltes,enaltes,L
enaltesemos,enaltesemos,enaltes,enaltes,L
enaltesemos,enaltesemos,enaltes,enaltes,L
enaltesemos,enaltesemos,enaltes,enaltes,L
enaltesen,enaltesen,enaltes,enaltes,L
enaltesen,enaltesen,enaltes,enaltes,L
enaltesen,enaltesen,enaltes,enaltes,L
enaltesen,enaltesen,enaltes,enaltes,L
enaltesen,enaltesen,enaltes,enaltes,L
enaltesen,enaltesen,enaltes,enaltes,L
enaltesen,enaltesen,enaltes,enaltes,L
enaltesen,enaltesen,enaltes,enaltes,L
enaltesen,enaltesen,enaltes,enaltes,L
enaltesen,enaltesen,enaltes,enaltes,L
enaltesen,enaltesen,enaltes,enaltes,L
enaltesen,enaltesen,enaltes,enaltes,L
enaltesen,enaltesen,enaltes,enaltes,L
enaltesen,enaltesen,enaltes,enaltes,L
enaltesen,enaltesen,enaltes,enaltes,L
enaltesen,enaltesen,enaltes,enaltes,L
enaltesen,enaltesen,enaltes,enaltes,L
enaltesen,enaltesen,enaltes,enaltes,L
enaltesen,enaltesen,enaltes,enaltes,L
enaltesen,enaltesen,enaltes,enaltes,L
enaltesen,enaltesen,enaltes,enaltes,L
enaltesen,enaltesen,enaltes,enaltes,L
enaltesen,enaltesen,enaltes,enaltes,L
enaltesen,enaltesen,enaltes,enaltes,L
enaltesen,enaltesen,enaltes,enaltes,L
enaltesen,enaltesen,enaltes,enaltes,L
enaltesen,enaltesen,enaltes,enaltes,L
enaltesen,enaltesen,enaltes,enaltes,L
enaltesen,enaltesen,enaltes,enaltes,L
enaltesen,enaltesen,enaltes,enaltes,L
enaltesen,enaltesen,enaltes,enaltes,L
enaltesen,enaltesen,enaltes,enaltes,L
enaltesen,enaltesen,enaltes,enaltes,L
enaltesen,enaltesen,enaltes,enaltes,L
enaltesen,enaltesen,enaltes,enaltes,L
enaltesen,enaltesen,enaltes,enaltes,L
enaltesen,enaltesen,enaltes,enaltes,L
enaltesen,enaltesen,enaltes,enaltes,L
enaltesen,enaltesen,enaltes,enaltes,L
enaltesen,enaltesen,enaltes,enaltes,L
enaltesen,enaltesen,enaltes,enaltes,L
enaltesen,enaltesen,enaltes,enaltes,L
enaltesen,enaltesen,enaltes,enaltes,L
enaltesen,enaltesen,enaltes,enaltes,L
enaltesen,enaltesen,enaltes,enaltes,L
enaltesen,enaltesen,enaltes,enaltes,L
enaltesen,enaltesen,enaltes,enaltes,L
enaltesen,enaltesen,enaltes,enaltes,L
enaltesen,enaltesen,enaltes,enaltes,L
enaltesen,enaltesen,enaltes,enaltes,L
enaltesen,enaltesen,enaltes,enaltes,L
enaltesen,enaltesen,enaltes,enaltes,L
enaltesen,enaltesen,enaltes,enaltes,L
enaltesen,enaltesen,enaltes,enaltes,L
enaltesen,enaltesen,enaltes,enaltes,L
enalteses,enalteses,enaltes,enaltes,L
enalteses,enalteses,enaltes,enaltes,L
enalteses,enalteses,enaltes,enaltes,L
enalteses,enalteses,enaltes,enaltes,L
enalteses,enalteses,enaltes,enaltes,L
enalteses,enalteses,enaltes,enaltes,L
enalteses,enalteses,enaltes,enaltes,L
enalteses,enalteses,enaltes,enaltes,L
enalteses,enalteses,enaltes,enaltes,L
enalteses,enalteses,enaltes,enaltes,L
enalteses,enalteses,enaltes,enaltes,L
enalteses,enalteses,enaltes,enaltes,L
enalteses,enalteses,enaltes,enaltes,L
enalteses,enalteses,enaltes,enaltes,L
enalteses,enalteses,enaltes,enaltes,L
enalteses,enalteses,enaltes,enaltes,L
enalteses,enalteses,enaltes,enaltes,L
enalteses,enalteses,enaltes,enaltes,L
enalteses,enalteses,enaltes,enaltes,L
enalteses,enalteses,enaltes,enaltes,L
enalteses,enalteses,enaltes,enaltes,L
enalteses,enalteses,enaltes,enaltes,L
enalteses,enalteses,enaltes,enaltes,L
enalteses,enalteses,enaltes,enaltes,L
enalteses,enalteses,enaltes,enaltes,L
enalteses,enalteses,enaltes,enaltes,L
enalteses,enalteses,enaltes,enaltes,L
enalteses,enalteses,enaltes,enaltes,L
enalteses,enalteses,enaltes,enaltes,L
enalteses,enalteses,enaltes,enaltes,L
enalteses,enalteses,enaltes,enaltes,L
enalteses,enalteses,enaltes,enaltes,L
enalteses,enalteses,enaltes,enaltes,L
enalteses,enalteses,enaltes,enaltes,L
enalteses,enalteses,enaltes,enaltes,L
enalteses,enalteses,enaltes,enaltes,L
enalteses,enalteses,enaltes,enaltes,L
enalteses,enalteses,enaltes,enaltes,L
enalteses,enalteses,enaltes,enaltes,L
enalteses,enalteses,enaltes,enaltes,L
enalteses,enalteses,enaltes,enaltes,L
enalteses,enalteses,enaltes,enaltes,L
enalteses,enalteses,enaltes,enaltes,L
enalteses,enalteses,enaltes,enaltes,L
enalteses,enalteses,enaltes,enaltes,L
enalteses,enalteses,enaltes,enaltes,L
enalteses,enalteses,enaltes,enaltes,L
enalteses,enalteses,enaltes,enaltes,L
enalteses,enalteses,enaltes,enaltes,L
enalteses,enalteses,enaltes,enaltes,L
enalteses,enalteses,enaltes,enaltes,L
enalteses,enalteses,enaltes,enaltes,L
enalteses,enalteses,enaltes,enaltes,L
enalteses,enalteses,enaltes,enaltes,L
enalteses,enalteses,enaltes,enaltes,L
enaltese,enaltese,enaltes,enaltes,L
enaltese,enaltese,enaltes,enaltes,L
enaltese,enaltese,enaltes,enaltes,L
enaltese,enaltese,enaltes,enaltes,L
enaltese,enaltese,enaltes,enaltes,L
enaltese,enaltese,enaltes,enaltes,L
enaltese,enaltese,enaltes,enaltes,L
enaltese,enaltese,enaltes,enaltes,L
enaltese,enaltese,enaltes,enaltes,L
enaltese,enaltese,enaltes,enaltes,L
enaltese,enaltese,enaltes,enaltes,L
enaltese,enaltese,enaltes,enaltes,L
enaltese,enaltese,enaltes,enaltes,L
enaltese,enaltese,enaltes,enaltes,L
enaltese,enaltese,enaltes,enaltes,L
enaltese,enaltese,enaltes,enaltes,L
enaltese,enaltese,enaltes,enaltes,L
enaltese,enaltese,enaltes,enaltes,L
enaltese,enaltese,enaltes,enaltes,L
enaltese,enaltese,enaltes,enaltes,L
enaltese,enaltese,enaltes,enaltes,L
enaltese,enaltese,enaltes,enaltes,L
enaltese,enaltese,enaltes,enaltes,L
enaltese,enaltese,enaltes,enaltes,L
enaltese,enaltese,enaltes,enaltes,L
enaltese,enaltese,enaltes,enaltes,L
enaltese,enaltese,enaltes,enaltes,L
enaltese,enaltese,enaltes,enaltes,L
enaltese,enaltese,enaltes,enaltes,L
enaltese,enaltese,enaltes,enaltes,L
enaltese,enaltese,enaltes,enaltes,L
enaltese,enaltese,enaltes,enaltes,L
enaltese,enaltese,enaltes,enaltes,L
enaltese,enaltese,enaltes,enaltes,L
enaltese,enaltese,enaltes,enaltes,L
enaltese,enaltese,enaltes,enaltes,L
enaltese,enaltese,enaltes,enaltes,L
enaltese,enaltese,enaltes,enaltes,L
enaltese,enaltese,enaltes,enaltes,L
enaltese,enaltese,enaltes,enaltes,L
enaltese,enaltese,enaltes,enaltes,L
enaltese,enaltese,enaltes,enaltes,L
enaltese,enaltese,enaltes,enaltes,L
enaltese,enaltese,enaltes,enaltes,L
enaltese,enaltese,enaltes,enaltes,L
enaltese,enaltese,enaltes,enaltes,L
enaltese,enaltese,enaltes,enaltes,L
enaltese,enaltese,enaltes,enaltes,L
enaltese,enaltese,enaltes,enaltes,L
enaltese,enaltese,enaltes,enaltes,L
enaltese,enaltese,enaltes,enaltes,L
enaltese,enaltese,enaltes,enaltes,L
enaltese,enaltese,enaltes,enaltes,L
enaltese,enaltese,enaltes,enaltes,L
enaltese,enaltese,enaltes,enaltes,L
enalteskajs,enalteskajs,enaltesk,enaltesk,L
enalteskajs,enaltesejs,enaltes,enaltesk,L
enalteskajs,enaltesejs,enaltes,enaltesk,L
enalteskajs,enaltesejs,enaltes,enaltesk,L
enalteskajs,enalteskajs,enaltesk,enaltesk,L
enalteskajs,enalteskajs,enaltesk,enaltesk,L
enalteskajs,enalteskajs,enaltesk,enaltesk,L
enalteskajs,enalteskajs,enaltesk,enaltesk,L
enalteskajs,enalteskajs,enaltesk,enaltesk,L
enalteskajs,enalteskajs,enaltesk,enaltesk,L
enalteskajs,enalteskajs,enaltesk,enaltesk,L
enalteskajs,enalteskajs,enaltesk,enaltesk,L
enalteskajs,enaltesejs,enaltes,enaltesk,L
enalteskajs,enalteskajs,enaltesk,enaltesk,L
enalteskajs,enalteskajs,enaltesk,enaltesk,L
enalteskajs,enalteskajs,enaltesk,enaltesk,L
enalteskajs,enalteskajs,enaltesk,enaltesk,L
enalteskajs,enalteskajs,enaltesk,enaltesk,L
enalteskajs,enalteskajs,enaltesk,enaltesk,L
enalteskajs,enalteskajs,enaltesk,enaltesk,L
enalteskajs,enalteskajs,enaltesk,enaltesk,L
enalteskajs,enalteskajs,enaltesk,enaltesk,L
enalteskajs,enalteskajs,enaltesk,enaltesk,L
enalteskajs,enalteskajs,enaltesk,enaltesk,L
enalteskajs,enalteskajs,enaltesk,enaltesk,L
enalteskajs,enalteskajs,enaltesk,enaltesk,L
enalteskajs,enalteskajs,enaltesk,enaltesk,L
enalteskajs,enalteskajs,enaltesk,enaltesk,L
enalteskajs,enalteskajs,enaltesk,enaltesk,L
enalteskajs,enalteskajs,enaltesk,enaltesk,L
enalteskajs,enalteskajs,enaltesk,enaltesk,L
enalteskajs,enalteskajs,enaltesk,enaltesk,L
enalteskajs,enalteskajs,enaltesk,enaltesk,L
enalteskajs,enalteskajs,enaltesk,enaltesk,L
enalteskajs,enalteskajs,enaltesk,enaltesk,L
enalteskajs,enalteskajs,enaltesk,enaltesk,L
enalteskajs,enalteskajs,enaltesk,enaltesk,L
enalteskajs,enalteskajs,enaltesk,enaltesk,L
enalteskajs,enalteskajs,enaltesk,enaltesk,L
enalteskajs,enalteskajs,enaltesk,enaltesk,L
enalteskajs,enalteskajs,enaltesk,enaltesk,L
enalteskajs,enalteskajs,enaltesk,enaltesk,L
enalteskajs,enalteskajs,enaltesk,enaltesk,L
enalteskajs,enalteskajs,enaltesk,enaltesk,L
enalteskajs,enalteskajs,enaltesk,enaltesk,L
enalteskajs,enalteskajs,enaltesk,enaltesk,L
enalteskajs,enalteskajs,enaltesk,enaltesk,L
enalteskajs,enalteskajs,enaltesk,enaltesk,L
enalteskajs,enalteskajs,enaltesk,enaltesk,L
enalteskajs,enalteskajs,enaltesk,enaltesk,L
enalteskajs,enalteskajs,enaltesk,enaltesk,L
enalteskajs,enalteskajs,enaltesk,enaltesk,L
enalteskajs,enalteskajs,enaltesk,enaltesk,L
enalteskajs,enalteskajs,enaltesk,enaltesk,L
enalteskajs,enalteskajs,enaltesk,enaltesk,L
enalteskamos,enalteskamos,enaltesk,enaltesk,L
enalteskamos,enaltesemos,enaltes,enaltesk,L
enalteskamos,enaltesemos,enaltes,enaltesk,L
enalteskamos,enaltesemos,enaltes,enaltesk,L
enalteskamos,enalteskamos,enaltesk,enaltesk,L
enalteskamos,enalteskamos,enaltesk,enaltesk,L
enalteskamos,enalteskamos,enaltesk,enaltesk,L
enalteskamos,enalteskamos,enaltesk,enaltesk,L
enalteskamos,enalteskamos,enaltesk,enaltesk,L
enalteskamos,enalteskamos,enaltesk,enaltesk,L
enalteskamos,enalteskamos,enaltesk,enaltesk,L
enalteskamos,enalteskamos,enaltesk,enaltesk,L
enalteskamos,enalteskamos,enaltesk,enaltesk,L
enalteskamos,enalteskamos,enaltesk,enaltesk,L
enalteskamos,enalteskamos,enaltesk,enaltesk,L
enalteskamos,enalteskamos,enaltesk,enaltesk,L
enalteskamos,enalteskamos,enaltesk,enaltesk,L
enalteskamos,enalteskamos,enaltesk,enaltesk,L
enalteskamos,enalteskamos,enaltesk,enaltesk,L
enalteskamos,enalteskamos,enaltesk,enaltesk,L
enalteskamos,enalteskamos,enaltesk,enaltesk,L
enalteskamos,enalteskamos,enaltesk,enaltesk,L
enalteskamos,enalteskamos,enaltesk,enaltesk,L
enalteskamos,enalteskamos,enaltesk,enaltesk,L
enalteskamos,enalteskamos,enaltesk,enaltesk,L
enalteskamos,enalteskamos,enaltesk,enaltesk,L
enalteskamos,enalteskamos,enaltesk,enaltesk,L
enalteskamos,enalteskamos,enaltesk,enaltesk,L
enalteskamos,enalteskamos,enaltesk,enaltesk,L
enalteskamos,enalteskamos,enaltesk,enaltesk,L
enalteskamos,enalteskamos,enaltesk,enaltesk,L
enalteskamos,enalteskamos,enaltesk,enaltesk,L
enalteskamos,enalteskamos,enaltesk,enaltesk,L
enalteskamos,enalteskamos,enaltesk,enaltesk,L
enalteskamos,enalteskamos,enaltesk,enaltesk,L
enalteskamos,enalteskamos,enaltesk,enaltesk,L
enalteskamos,enalteskamos,enaltesk,enaltesk,L
enalteskamos,enalteskamos,enaltesk,enaltesk,L
enalteskamos,enalteskamos,enaltesk,enaltesk,L
enalteskamos,enalteskamos,enaltesk,enaltesk,L
enalteskamos,enalteskamos,enaltesk,enaltesk,L
enalteskamos,enalteskamos,enaltesk,enaltesk,L
enalteskamos,enalteskamos,enaltesk,enaltesk,L
enalteskamos,enalteskamos,enaltesk,enaltesk,L
enalteskamos,enalteskamos,enaltesk,enaltesk,L
enalteskamos,enalteskamos,enaltesk,enaltesk,L
enalteskamos,enalteskamos,enaltesk,enaltesk,L
enalteskamos,enalteskamos,enaltesk,enaltesk,L
enalteskamos,enalteskamos,enaltesk,enaltesk,L
enalteskamos,enalteskamos,enaltesk,enaltesk,L
enalteskamos,enalteskamos,enaltesk,enaltesk,L
enalteskamos,enalteskamos,enaltesk,enaltesk,L
enalteskamos,enalteskamos,enaltesk,enaltesk,L
enalteskamos,enalteskamos,enaltesk,enaltesk,L
enalteskamos,enalteskamos,enaltesk,enaltesk,L
enalteskan,enalteskan,enaltesk,enaltesk,L
enalteskan,enalteskan,enaltesk,enaltesk,L
enalteskan,enalteskan,enaltesk,enaltesk,L
enalteskan,enalteskan,enaltesk,enaltesk,L
enalteskan,enalteskan,enaltesk,enaltesk,L
enalteskan,enalteskan,enaltesk,enaltesk,L
enalteskan,enalteskan,enaltesk,enaltesk,L
enalteskan,enalteskan,enaltesk,enaltesk,L
enalteskan,enalteskan,enaltesk,enaltesk,L
enalteskan,enalteskan,enaltesk,enaltesk,L
enalteskan,enalteskan,enaltesk,enaltesk,L
enalteskan,enalteskan,enaltesk,enaltesk,L
enalteskan,enalteskan,enaltesk,enaltesk,L
enalteskan,enalteskan,enaltesk,enaltesk,L
enalteskan,enalteskan,enaltesk,enaltesk,L
enalteskan,enalteskan,enaltesk,enaltesk,L
enalteskan,enalteskan,enaltesk,enaltesk,L
enalteskan,enalteskan,enaltesk,enaltesk,L
enalteskan,enalteskan,enaltesk,enaltesk,L
enalteskan,enalteskan,enaltesk,enaltesk,L
enalteskan,enalteskan,enaltesk,enaltesk,L
enalteskan,enalteskan,enaltesk,enaltesk,L
enalteskan,enalteskan,enaltesk,enaltesk,L
enalteskan,enalteskan,enaltesk,enaltesk,L
enalteskan,enalteskan,enaltesk,enaltesk,L
enalteskan,enalteskan,enaltesk,enaltesk,L
enalteskan,enalteskan,enaltesk,enaltesk,L
enalteskan,enalteskan,enaltesk,enaltesk,L
enalteskan,enalteskan,enaltesk,enaltesk,L
enalteskan,enalteskan,enaltesk,enaltesk,L
enalteskan,enalteskan,enaltesk,enaltesk,L
enalteskan,enalteskan,enaltesk,enaltesk,L
enalteskan,enalteskan,enaltesk,enaltesk,L
enalteskan,enalteskan,enaltesk,enaltesk,L
enalteskan,enalteskan,enaltesk,enaltesk,L
enalteskan,enalteskan,enaltesk,enaltesk,L
enalteskan,enalteskan,enaltesk,enaltesk,L
enalteskan,enalteskan,enaltesk,enaltesk,L
enalteskan,enalteskan,enaltesk,enaltesk,L
enalteskan,enalteskan,enaltesk,enaltesk,L
enalteskan,enalteskan,enaltesk,enaltesk,L
enalteskan,enalteskan,enaltesk,enaltesk,L
enalteskan,enalteskan,enaltesk,enaltesk,L
enalteskan,enalteskan,enaltesk,enaltesk,L
enalteskan,enalteskan,enaltesk,enaltesk,L
enalteskan,enalteskan,enaltesk,enaltesk,L
enalteskan,enalteskan,enaltesk,enaltesk,L
enalteskan,enalteskan,enaltesk,enaltesk,L
enalteskan,enalteskan,enaltesk,enaltesk,L
enalteskan,enalteskan,enaltesk,enaltesk,L
enalteskan,enalteskan,enaltesk,enaltesk,L
enalteskan,enalteskan,enaltesk,enaltesk,L
enalteskan,enalteskan,enaltesk,enaltesk,L
enalteskan,enalteskan,enaltesk,enaltesk,L
enalteskan,enalteskan,enaltesk,enaltesk,L
enalteskas,enalteskas,enaltesk,enaltesk,L
enalteskas,enalteskas,enaltesk,enaltesk,L
enalteskas,enalteskas,enaltesk,enaltesk,L
enalteskas,enalteskas,enaltesk,enaltesk,L
enalteskas,enalteskas,enaltesk,enaltesk,L
enalteskas,enalteskas,enaltesk,enaltesk,L
enalteskas,enalteskas,enaltesk,enaltesk,L
enalteskas,enalteskas,enaltesk,enaltesk,L
enalteskas,enalteskas,enaltesk,enaltesk,L
enalteskas,enalteskas,enaltesk,enaltesk,L
enalteskas,enalteskas,enaltesk,enaltesk,L
enalteskas,enalteskas,enaltesk,enaltesk,L
enalteskas,enalteskas,enaltesk,enaltesk,L
enalteskas,enalteskas,enaltesk,enaltesk,L
enalteskas,enalteskas,enaltesk,enaltesk,L
enalteskas,enalteskas,enaltesk,enaltesk,L
enalteskas,enalteskas,enaltesk,enaltesk,L
enalteskas,enalteskas,enaltesk,enaltesk,L
enalteskas,enalteskas,enaltesk,enaltesk,L
enalteskas,enalteskas,enaltesk,enaltesk,L
enalteskas,enalteskas,enaltesk,enaltesk,L
enalteskas,enalteskas,enaltesk,enaltesk,L
enalteskas,enalteskas,enaltesk,enaltesk,L
enalteskas,enalteskas,enaltesk,enaltesk,L
enalteskas,enalteskas,enaltesk,enaltesk,L
enalteskas,enalteskas,enaltesk,enaltesk,L
enalteskas,enalteskas,enaltesk,enaltesk,L
enalteskas,enalteskas,enaltesk,enaltesk,L
enalteskas,enalteskas,enaltesk,enaltesk,L
enalteskas,enalteskas,enaltesk,enaltesk,L
enalteskas,enalteskas,enaltesk,enaltesk,L
enalteskas,enalteskas,enaltesk,enaltesk,L
enalteskas,enalteskas,enaltesk,enaltesk,L
enalteskas,enalteskas,enaltesk,enaltesk,L
enalteskas,enalteskas,enaltesk,enaltesk,L
enalteskas,enalteskas,enaltesk,enaltesk,L
enalteskas,enalteskas,enaltesk,enaltesk,L
enalteskas,enalteskas,enaltesk,enaltesk,L
enalteskas,enalteskas,enaltesk,enaltesk,L
enalteskas,enalteskas,enaltesk,enaltesk,L
enalteskas,enalteskas,enaltesk,enaltesk,L
enalteskas,enalteskas,enaltesk,enaltesk,L
enalteskas,enalteskas,enaltesk,enaltesk,L
enalteskas,enalteskas,enaltesk,enaltesk,L
enalteskas,enalteskas,enaltesk,enaltesk,L
enalteskas,enalteskas,enaltesk,enaltesk,L
enalteskas,enalteskas,enaltesk,enaltesk,L
enalteskas,enalteskas,enaltesk,enaltesk,L
enalteskas,enalteskas,enaltesk,enaltesk,L
enalteskas,enalteskas,enaltesk,enaltesk,L
enalteskas,enalteskas,enaltesk,enaltesk,L
enalteskas,enalteskas,enaltesk,enaltesk,L
enalteskas,enalteskas,enaltesk,enaltesk,L
enalteskas,enalteskas,enaltesk,enaltesk,L
enalteskas,enalteskas,enaltesk,enaltesk,L
enalteska,enalteska,enaltesk,enaltesk,L
enalteska,enalteska,enaltesk,enaltesk,L
enalteska,enalteska,enaltesk,enaltesk,L
enalteska,enalteska,enaltesk,enaltesk,L
enalteska,enalteska,enaltesk,enaltesk,L
enalteska,enalteska,enaltesk,enaltesk,L
enalteska,enalteska,enaltesk,enaltesk,L
enalteska,enalteska,enaltesk,enaltesk,L
enalteska,enalteska,enaltesk,enaltesk,L
enalteska,enalteska,enaltesk,enaltesk,L
enalteska,enalteska,enaltesk,enaltesk,L
enalteska,enalteska,enaltesk,enaltesk,L
enalteska,enalteska,enaltesk,enaltesk,L
enalteska,enalteska,enaltesk,enaltesk,L
enalteska,enalteska,enaltesk,enaltesk,L
enalteska,enalteska,enaltesk,enaltesk,L
enalteska,enalteska,enaltesk,enaltesk,L
enalteska,enalteska,enaltesk,enaltesk,L
enalteska,enalteska,enaltesk,enaltesk,L
enalteska,enalteska,enaltesk,enaltesk,L
enalteska,enalteska,enaltesk,enaltesk,L
enalteska,enalteska,enaltesk,enaltesk,L
enalteska,enalteska,enaltesk,enaltesk,L
enalteska,enalteska,enaltesk,enaltesk,L
enalteska,enalteska,enaltesk,enaltesk,L
enalteska,enalteska,enaltesk,enaltesk,L
enalteska,enalteska,enaltesk,enaltesk,L
enalteska,enalteska,enaltesk,enaltesk,L
enalteska,enalteska,enaltesk,enaltesk,L
enalteska,enalteska,enaltesk,enaltesk,L
enalteska,enalteska,enaltesk,enaltesk,L
enalteska,enalteska,enaltesk,enaltesk,L
enalteska,enalteska,enaltesk,enaltesk,L
enalteska,enalteska,enaltesk,enaltesk,L
enalteska,enalteska,enaltesk,enaltesk,L
enalteska,enalteska,enaltesk,enaltesk,L
enalteska,enalteska,enaltesk,enaltesk,L
enalteska,enalteska,enaltesk,enaltesk,L
enalteska,enalteska,enaltesk,enaltesk,L
enalteska,enalteska,enaltesk,enaltesk,L
enalteska,enalteska,enaltesk,enaltesk,L
enalteska,enalteska,enaltesk,enaltesk,L
enalteska,enalteska,enaltesk,enaltesk,L
enalteska,enalteska,enaltesk,enaltesk,L
enalteska,enalteska,enaltesk,enaltesk,L
enalteska,enalteska,enaltesk,enaltesk,L
enalteska,enalteska,enaltesk,enaltesk,L
enalteska,enalteska,enaltesk,enaltesk,L
enalteska,enalteska,enaltesk,enaltesk,L
enalteska,enalteska,enaltesk,enaltesk,L
enalteska,enalteska,enaltesk,enaltesk,L
enalteska,enalteska,enaltesk,enaltesk,L
enalteska,enalteska,enaltesk,enaltesk,L
enalteska,enalteska,enaltesk,enaltesk,L
enalteska,enalteska,enaltesk,enaltesk,L
enalteska,enalteska,enaltesk,enaltesk,L
enalteska,enalteska,enaltesk,enaltesk,L
enalteska,enalteska,enaltesk,enaltesk,L
enalteska,enalteska,enaltesk,enaltesk,L
enalteska,enalteska,enaltesk,enaltesk,L
enalteska,enalteska,enaltesk,enaltesk,L
enalteska,enalteska,enaltesk,enaltesk,L
enalteska,enalteska,enaltesk,enaltesk,L
enalteska,enalteska,enaltesk,enaltesk,L
enalteska,enalteska,enaltesk,enaltesk,L
enalteska,enalteska,enaltesk,enaltesk,L
enalteska,enalteska,enaltesk,enaltesk,L
enalteska,enalteska,enaltesk,enaltesk,L
enalteska,enalteska,enaltesk,enaltesk,L
enalteska,enalteska,enaltesk,enaltesk,L
enalteska,enalteska,enaltesk,enaltesk,L
enalteska,enalteska,enaltesk,enaltesk,L
enalteska,enalteska,enaltesk,enaltesk,L
enalteska,enalteska,enaltesk,enaltesk,L
enalteska,enalteska,enaltesk,enaltesk,L
enalteska,enalteska,enaltesk,enaltesk,L
enalteska,enalteska,enaltesk,enaltesk,L
enalteska,enalteska,enaltesk,enaltesk,L
enalteska,enalteska,enaltesk,enaltesk,L
enalteska,enalteska,enaltesk,enaltesk,L
enalteska,enalteska,enaltesk,enaltesk,L
enalteska,enalteska,enaltesk,enaltesk,L
enalteska,enalteska,enaltesk,enaltesk,L
enalteska,enalteska,enaltesk,enaltesk,L
enalteska,enalteska,enaltesk,enaltesk,L
enalteska,enalteska,enaltesk,enaltesk,L
enalteska,enalteska,enaltesk,enaltesk,L
enalteska,enalteska,enaltesk,enaltesk,L
enalteska,enalteska,enaltesk,enaltesk,L
enalteska,enalteska,enaltesk,enaltesk,L
enalteska,enalteska,enaltesk,enaltesk,L
enalteska,enalteska,enaltesk,enaltesk,L
enalteska,enalteska,enaltesk,enaltesk,L
enalteska,enalteska,enaltesk,enaltesk,L
enalteska,enalteska,enaltesk,enaltesk,L
enalteska,enalteska,enaltesk,enaltesk,L
enalteska,enalteska,enaltesk,enaltesk,L
enalteska,enalteska,enaltesk,enaltesk,L
enalteska,enalteska,enaltesk,enaltesk,L
enalteska,enalteska,enaltesk,enaltesk,L
enalteska,enalteska,enaltesk,enaltesk,L
enalteska,enalteska,enaltesk,enaltesk,L
enalteska,enalteska,enaltesk,enaltesk,L
enalteska,enalteska,enaltesk,enaltesk,L
enalteska,enalteska,enaltesk,enaltesk,L
enalteska,enalteska,enaltesk,enaltesk,L
enalteska,enalteska,enaltesk,enaltesk,L
enalteska,enalteska,enaltesk,enaltesk,L
enalteska,enalteska,enaltesk,enaltesk,L
enalteska,enalteska,enaltesk,enaltesk,L
enaltesko,enaltesko,enaltesk,enaltesk,L
enaltesko,enaltesko,enaltesk,enaltesk,L
enaltesko,enaltesko,enaltesk,enaltesk,L
enaltesko,enaltesko,enaltesk,enaltesk,L
enaltesko,enaltesko,enaltesk,enaltesk,L
enaltesko,enaltesko,enaltesk,enaltesk,L
enaltesko,enaltesko,enaltesk,enaltesk,L
enaltesko,enaltesko,enaltesk,enaltesk,L
enaltesko,enaltesko,enaltesk,enaltesk,L
enaltesko,enaltesko,enaltesk,enaltesk,L
enaltesko,enaltesko,enaltesk,enaltesk,L
enaltesko,enaltesko,enaltesk,enaltesk,L
enaltesko,enaltesko,enaltesk,enaltesk,L
enaltesko,enaltesko,enaltesk,enaltesk,L
enaltesko,enaltesko,enaltesk,enaltesk,L
enaltesko,enaltesko,enaltesk,enaltesk,L
enaltesko,enaltesko,enaltesk,enaltesk,L
enaltesko,enaltesko,enaltesk,enaltesk,L
enaltesko,enaltesko,enaltesk,enaltesk,L
enaltesko,enaltesko,enaltesk,enaltesk,L
enaltesko,enaltesko,enaltesk,enaltesk,L
enaltesko,enaltesko,enaltesk,enaltesk,L
enaltesko,enaltesko,enaltesk,enaltesk,L
enaltesko,enaltesko,enaltesk,enaltesk,L
enaltesko,enaltesko,enaltesk,enaltesk,L
enaltesko,enaltesko,enaltesk,enaltesk,L
enaltesko,enaltesko,enaltesk,enaltesk,L
enaltesko,enaltesko,enaltesk,enaltesk,L
enaltesko,enaltesko,enaltesk,enaltesk,L
enaltesko,enaltesko,enaltesk,enaltesk,L
enaltesko,enaltesko,enaltesk,enaltesk,L
enaltesko,enaltesko,enaltesk,enaltesk,L
enaltesko,enaltesko,enaltesk,enaltesk,L
enaltesko,enaltesko,enaltesk,enaltesk,L
enaltesko,enaltesko,enaltesk,enaltesk,L
enaltesko,enaltesko,enaltesk,enaltesk,L
enaltesko,enaltesko,enaltesk,enaltesk,L
enaltesko,enaltesko,enaltesk,enaltesk,L
enaltesko,enaltesko,enaltesk,enaltesk,L
enaltesko,enaltesko,enaltesk,enaltesk,L
enaltesko,enaltesko,enaltesk,enaltesk,L
enaltesko,enaltesko,enaltesk,enaltesk,L
enaltesko,enaltesko,enaltesk,enaltesk,L
enaltesko,enaltesko,enaltesk,enaltesk,L
enaltesko,enaltesko,enaltesk,enaltesk,L
enaltesko,enaltesko,enaltesk,enaltesk,L
enaltesko,enaltesko,enaltesk,enaltesk,L
enaltesko,enaltesko,enaltesk,enaltesk,L
enaltesko,enaltesko,enaltesk,enaltesk,L
enaltesko,enaltesko,enaltesk,enaltesk,L
enaltesko,enaltesko,enaltesk,enaltesk,L
enaltesko,enaltesko,enaltesk,enaltesk,L
enaltesko,enaltesko,enaltesk,enaltesk,L
enaltesko,enaltesko,enaltesk,enaltesk,L
enaltesko,enaltesko,enaltesk,enaltesk,L
enɾikesejs,enɾikesejs,enɾikes,enɾikes,L
enɾikesejs,enɾikesejs,enɾikes,enɾikes,L
enɾikesejs,enɾikesejs,enɾikes,enɾikes,L
enɾikesejs,enɾikesejs,enɾikes,enɾikes,L
enɾikesejs,enɾikesejs,enɾikes,enɾikes,L
enɾikesejs,enɾikesejs,enɾikes,enɾikes,L
enɾikesejs,enɾikesejs,enɾikes,enɾikes,L
enɾikesejs,enɾikesejs,enɾikes,enɾikes,L
enɾikesejs,enɾikesejs,enɾikes,enɾikes,L
enɾikesejs,enɾikesejs,enɾikes,enɾikes,L
enɾikesejs,enɾikesejs,enɾikes,enɾikes,L
enɾikesejs,enɾikesejs,enɾikes,enɾikes,L
enɾikesejs,enɾikesejs,enɾikes,enɾikes,L
enɾikesejs,enɾikesejs,enɾikes,enɾikes,L
enɾikesejs,enɾikesejs,enɾikes,enɾikes,L
enɾikesejs,enɾikesejs,enɾikes,enɾikes,L
enɾikesejs,enɾikesejs,enɾikes,enɾikes,L
enɾikesejs,enɾikesejs,enɾikes,enɾikes,L
enɾikesejs,enɾikesejs,enɾikes,enɾikes,L
enɾikesejs,enɾikesejs,enɾikes,enɾikes,L
enɾikesejs,enɾikesejs,enɾikes,enɾikes,L
enɾikesejs,enɾikesejs,enɾikes,enɾikes,L
enɾikesejs,enɾikesejs,enɾikes,enɾikes,L
enɾikesejs,enɾikesejs,enɾikes,enɾikes,L
enɾikesejs,enɾikesejs,enɾikes,enɾikes,L
enɾikesejs,enɾikesejs,enɾikes,enɾikes,L
enɾikesejs,enɾikesejs,enɾikes,enɾikes,L
enɾikesejs,enɾikesejs,enɾikes,enɾikes,L
enɾikesejs,enɾikesejs,enɾikes,enɾikes,L
enɾikesejs,enɾikesejs,enɾikes,enɾikes,L
enɾikesejs,enɾikesejs,enɾikes,enɾikes,L
enɾikesejs,enɾikesejs,enɾikes,enɾikes,L
enɾikesejs,enɾikesejs,enɾikes,enɾikes,L
enɾikesejs,enɾikesejs,enɾikes,enɾikes,L
enɾikesejs,enɾikesejs,enɾikes,enɾikes,L
enɾikesejs,enɾikesejs,enɾikes,enɾikes,L
enɾikesejs,enɾikesejs,enɾikes,enɾikes,L
enɾikesejs,enɾikesejs,enɾikes,enɾikes,L
enɾikesejs,enɾikesejs,enɾikes,enɾikes,L
enɾikesejs,enɾikesejs,enɾikes,enɾikes,L
enɾikesejs,enɾikesejs,enɾikes,enɾikes,L
enɾikesejs,enɾikesejs,enɾikes,enɾikes,L
enɾikesejs,enɾikesejs,enɾikes,enɾikes,L
enɾikesejs,enɾikesejs,enɾikes,enɾikes,L
enɾikesejs,enɾikesejs,enɾikes,enɾikes,L
enɾikesejs,enɾikesejs,enɾikes,enɾikes,L
enɾikesejs,enɾikesejs,enɾikes,enɾikes,L
enɾikesejs,enɾikesejs,enɾikes,enɾikes,L
enɾikesejs,enɾikesejs,enɾikes,enɾikes,L
enɾikesejs,enɾikesejs,enɾikes,enɾikes,L
enɾikesejs,enɾikesejs,enɾikes,enɾikes,L
enɾikesejs,enɾikesejs,enɾikes,enɾikes,L
enɾikesejs,enɾikesejs,enɾikes,enɾikes,L
enɾikesejs,enɾikesejs,enɾikes,enɾikes,L
enɾikesejs,enɾikesejs,enɾikes,enɾikes,L
enɾikesemos,enɾikesemos,enɾikes,enɾikes,L
enɾikesemos,enɾikesemos,enɾikes,enɾikes,L
enɾikesemos,enɾikesemos,enɾikes,enɾikes,L
enɾikesemos,enɾikesemos,enɾikes,enɾikes,L
enɾikesemos,enɾikesemos,enɾikes,enɾikes,L
enɾikesemos,enɾikesemos,enɾikes,enɾikes,L
enɾikesemos,enɾikesemos,enɾikes,enɾikes,L
enɾikesemos,enɾikesemos,enɾikes,enɾikes,L
enɾikesemos,enɾikesemos,enɾikes,enɾikes,L
enɾikesemos,enɾikesemos,enɾikes,enɾikes,L
enɾikesemos,enɾikesemos,enɾikes,enɾikes,L
enɾikesemos,enɾikesemos,enɾikes,enɾikes,L
enɾikesemos,enɾikesemos,enɾikes,enɾikes,L
enɾikesemos,enɾikesemos,enɾikes,enɾikes,L
enɾikesemos,enɾikesemos,enɾikes,enɾikes,L
enɾikesemos,enɾikesemos,enɾikes,enɾikes,L
enɾikesemos,enɾikesemos,enɾikes,enɾikes,L
enɾikesemos,enɾikesemos,enɾikes,enɾikes,L
enɾikesemos,enɾikesemos,enɾikes,enɾikes,L
enɾikesemos,enɾikesemos,enɾikes,enɾikes,L
enɾikesemos,enɾikesemos,enɾikes,enɾikes,L
enɾikesemos,enɾikesemos,enɾikes,enɾikes,L
enɾikesemos,enɾikesemos,enɾikes,enɾikes,L
enɾikesemos,enɾikesemos,enɾikes,enɾikes,L
enɾikesemos,enɾikesemos,enɾikes,enɾikes,L
enɾikesemos,enɾikesemos,enɾikes,enɾikes,L
enɾikesemos,enɾikesemos,enɾikes,enɾikes,L
enɾikesemos,enɾikesemos,enɾikes,enɾikes,L
enɾikesemos,enɾikesemos,enɾikes,enɾikes,L
enɾikesemos,enɾikesemos,enɾikes,enɾikes,L
enɾikesemos,enɾikesemos,enɾikes,enɾikes,L
enɾikesemos,enɾikesemos,enɾikes,enɾikes,L
enɾikesemos,enɾikesemos,enɾikes,enɾikes,L
enɾikesemos,enɾikesemos,enɾikes,enɾikes,L
enɾikesemos,enɾikesemos,enɾikes,enɾikes,L
enɾikesemos,enɾikesemos,enɾikes,enɾikes,L
enɾikesemos,enɾikesemos,enɾikes,enɾikes,L
enɾikesemos,enɾikesemos,enɾikes,enɾikes,L
enɾikesemos,enɾikesemos,enɾikes,enɾikes,L
enɾikesemos,enɾikesemos,enɾikes,enɾikes,L
enɾikesemos,enɾikesemos,enɾikes,enɾikes,L
enɾikesemos,enɾikesemos,enɾikes,enɾikes,L
enɾikesemos,enɾikesemos,enɾikes,enɾikes,L
enɾikesemos,enɾikesemos,enɾikes,enɾikes,L
enɾikesemos,enɾikesemos,enɾikes,enɾikes,L
enɾikesemos,enɾikesemos,enɾikes,enɾikes,L
enɾikesemos,enɾikesemos,enɾikes,enɾikes,L
enɾikesemos,enɾikesemos,enɾikes,enɾikes,L
enɾikesemos,enɾikesemos,enɾikes,enɾikes,L
enɾikesemos,enɾikesemos,enɾikes,enɾikes,L
enɾikesemos,enɾikesemos,enɾikes,enɾikes,L
enɾikesemos,enɾikesemos,enɾikes,enɾikes,L
enɾikesemos,enɾikesemos,enɾikes,enɾikes,L
enɾikesemos,enɾikesemos,enɾikes,enɾikes,L
enɾikesemos,enɾikesemos,enɾikes,enɾikes,L
enɾikesen,enɾikesen,enɾikes,enɾikes,L
enɾikesen,enɾikesen,enɾikes,enɾikes,L
enɾikesen,enɾikesen,enɾikes,enɾikes,L
enɾikesen,enɾikesen,enɾikes,enɾikes,L
enɾikesen,enɾikesen,enɾikes,enɾikes,L
enɾikesen,enɾikesen,enɾikes,enɾikes,L
enɾikesen,enɾikesen,enɾikes,enɾikes,L
enɾikesen,enɾikesen,enɾikes,enɾikes,L
enɾikesen,enɾikesen,enɾikes,enɾikes,L
enɾikesen,enɾikesen,enɾikes,enɾikes,L
enɾikesen,enɾikesen,enɾikes,enɾikes,L
enɾikesen,enɾikesen,enɾikes,enɾikes,L
enɾikesen,enɾikesen,enɾikes,enɾikes,L
enɾikesen,enɾikesen,enɾikes,enɾikes,L
enɾikesen,enɾikesen,enɾikes,enɾikes,L
enɾikesen,enɾikesen,enɾikes,enɾikes,L
enɾikesen,enɾikesen,enɾikes,enɾikes,L
enɾikesen,enɾikesen,enɾikes,enɾikes,L
enɾikesen,enɾikesen,enɾikes,enɾikes,L
enɾikesen,enɾikesen,enɾikes,enɾikes,L
enɾikesen,enɾikesen,enɾikes,enɾikes,L
enɾikesen,enɾikesen,enɾikes,enɾikes,L
enɾikesen,enɾikesen,enɾikes,enɾikes,L
enɾikesen,enɾikesen,enɾikes,enɾikes,L
enɾikesen,enɾikesen,enɾikes,enɾikes,L
enɾikesen,enɾikesen,enɾikes,enɾikes,L
enɾikesen,enɾikesen,enɾikes,enɾikes,L
enɾikesen,enɾikesen,enɾikes,enɾikes,L
enɾikesen,enɾikesen,enɾikes,enɾikes,L
enɾikesen,enɾikesen,enɾikes,enɾikes,L
enɾikesen,enɾikesen,enɾikes,enɾikes,L
enɾikesen,enɾikesen,enɾikes,enɾikes,L
enɾikesen,enɾikesen,enɾikes,enɾikes,L
enɾikesen,enɾikesen,enɾikes,enɾikes,L
enɾikesen,enɾikesen,enɾikes,enɾikes,L
enɾikesen,enɾikesen,enɾikes,enɾikes,L
enɾikesen,enɾikesen,enɾikes,enɾikes,L
enɾikesen,enɾikesen,enɾikes,enɾikes,L
enɾikesen,enɾikesen,enɾikes,enɾikes,L
enɾikesen,enɾikesen,enɾikes,enɾikes,L
enɾikesen,enɾikesen,enɾikes,enɾikes,L
enɾikesen,enɾikesen,enɾikes,enɾikes,L
enɾikesen,enɾikesen,enɾikes,enɾikes,L
enɾikesen,enɾikesen,enɾikes,enɾikes,L
enɾikesen,enɾikesen,enɾikes,enɾikes,L
enɾikesen,enɾikesen,enɾikes,enɾikes,L
enɾikesen,enɾikesen,enɾikes,enɾikes,L
enɾikesen,enɾikesen,enɾikes,enɾikes,L
enɾikesen,enɾikesen,enɾikes,enɾikes,L
enɾikesen,enɾikesen,enɾikes,enɾikes,L
enɾikesen,enɾikesen,enɾikes,enɾikes,L
enɾikesen,enɾikesen,enɾikes,enɾikes,L
enɾikesen,enɾikesen,enɾikes,enɾikes,L
enɾikesen,enɾikesen,enɾikes,enɾikes,L
enɾikesen,enɾikesen,enɾikes,enɾikes,L
enɾikeses,enɾikeses,enɾikes,enɾikes,L
enɾikeses,enɾikeses,enɾikes,enɾikes,L
enɾikeses,enɾikeses,enɾikes,enɾikes,L
enɾikeses,enɾikeses,enɾikes,enɾikes,L
enɾikeses,enɾikeses,enɾikes,enɾikes,L
enɾikeses,enɾikeses,enɾikes,enɾikes,L
enɾikeses,enɾikeses,enɾikes,enɾikes,L
enɾikeses,enɾikeses,enɾikes,enɾikes,L
enɾikeses,enɾikeses,enɾikes,enɾikes,L
enɾikeses,enɾikeses,enɾikes,enɾikes,L
enɾikeses,enɾikeses,enɾikes,enɾikes,L
enɾikeses,enɾikeses,enɾikes,enɾikes,L
enɾikeses,enɾikeses,enɾikes,enɾikes,L
enɾikeses,enɾikeses,enɾikes,enɾikes,L
enɾikeses,enɾikeses,enɾikes,enɾikes,L
enɾikeses,enɾikeses,enɾikes,enɾikes,L
enɾikeses,enɾikeses,enɾikes,enɾikes,L
enɾikeses,enɾikeses,enɾikes,enɾikes,L
enɾikeses,enɾikeses,enɾikes,enɾikes,L
enɾikeses,enɾikeses,enɾikes,enɾikes,L
enɾikeses,enɾikeses,enɾikes,enɾikes,L
enɾikeses,enɾikeses,enɾikes,enɾikes,L
enɾikeses,enɾikeses,enɾikes,enɾikes,L
enɾikeses,enɾikeses,enɾikes,enɾikes,L
enɾikeses,enɾikeses,enɾikes,enɾikes,L
enɾikeses,enɾikeses,enɾikes,enɾikes,L
enɾikeses,enɾikeses,enɾikes,enɾikes,L
enɾikeses,enɾikeses,enɾikes,enɾikes,L
enɾikeses,enɾikeses,enɾikes,enɾikes,L
enɾikeses,enɾikeses,enɾikes,enɾikes,L
enɾikeses,enɾikeses,enɾikes,enɾikes,L
enɾikeses,enɾikeses,enɾikes,enɾikes,L
enɾikeses,enɾikeses,enɾikes,enɾikes,L
enɾikeses,enɾikeses,enɾikes,enɾikes,L
enɾikeses,enɾikeses,enɾikes,enɾikes,L
enɾikeses,enɾikeses,enɾikes,enɾikes,L
enɾikeses,enɾikeses,enɾikes,enɾikes,L
enɾikeses,enɾikeses,enɾikes,enɾikes,L
enɾikeses,enɾikeses,enɾikes,enɾikes,L
enɾikeses,enɾikeses,enɾikes,enɾikes,L
enɾikeses,enɾikeses,enɾikes,enɾikes,L
enɾikeses,enɾikeses,enɾikes,enɾikes,L
enɾikeses,enɾikeses,enɾikes,enɾikes,L
enɾikeses,enɾikeses,enɾikes,enɾikes,L
enɾikeses,enɾikeses,enɾikes,enɾikes,L
enɾikeses,enɾikeses,enɾikes,enɾikes,L
enɾikeses,enɾikeses,enɾikes,enɾikes,L
enɾikeses,enɾikeses,enɾikes,enɾikes,L
enɾikeses,enɾikeses,enɾikes,enɾikes,L
enɾikeses,enɾikeses,enɾikes,enɾikes,L
enɾikeses,enɾikeses,enɾikes,enɾikes,L
enɾikeses,enɾikeses,enɾikes,enɾikes,L
enɾikeses,enɾikeses,enɾikes,enɾikes,L
enɾikeses,enɾikeses,enɾikes,enɾikes,L
enɾikeses,enɾikeses,enɾikes,enɾikes,L
enɾikese,enɾikese,enɾikes,enɾikes,L
enɾikese,enɾikese,enɾikes,enɾikes,L
enɾikese,enɾikese,enɾikes,enɾikes,L
enɾikese,enɾikese,enɾikes,enɾikes,L
enɾikese,enɾikese,enɾikes,enɾikes,L
enɾikese,enɾikese,enɾikes,enɾikes,L
enɾikese,enɾikese,enɾikes,enɾikes,L
enɾikese,enɾikese,enɾikes,enɾikes,L
enɾikese,enɾikese,enɾikes,enɾikes,L
enɾikese,enɾikese,enɾikes,enɾikes,L
enɾikese,enɾikese,enɾikes,enɾikes,L
enɾikese,enɾikese,enɾikes,enɾikes,L
enɾikese,enɾikese,enɾikes,enɾikes,L
enɾikese,enɾikese,enɾikes,enɾikes,L
enɾikese,enɾikese,enɾikes,enɾikes,L
enɾikese,enɾikese,enɾikes,enɾikes,L
enɾikese,enɾikese,enɾikes,enɾikes,L
enɾikese,enɾikese,enɾikes,enɾikes,L
enɾikese,enɾikese,enɾikes,enɾikes,L
enɾikese,enɾikese,enɾikes,enɾikes,L
enɾikese,enɾikese,enɾikes,enɾikes,L
enɾikese,enɾikese,enɾikes,enɾikes,L
enɾikese,enɾikese,enɾikes,enɾikes,L
enɾikese,enɾikese,enɾikes,enɾikes,L
enɾikese,enɾikese,enɾikes,enɾikes,L
enɾikese,enɾikese,enɾikes,enɾikes,L
enɾikese,enɾikese,enɾikes,enɾikes,L
enɾikese,enɾikese,enɾikes,enɾikes,L
enɾikese,enɾikese,enɾikes,enɾikes,L
enɾikese,enɾikese,enɾikes,enɾikes,L
enɾikese,enɾikese,enɾikes,enɾikes,L
enɾikese,enɾikese,enɾikes,enɾikes,L
enɾikese,enɾikese,enɾikes,enɾikes,L
enɾikese,enɾikese,enɾikes,enɾikes,L
enɾikese,enɾikese,enɾikes,enɾikes,L
enɾikese,enɾikese,enɾikes,enɾikes,L
enɾikese,enɾikese,enɾikes,enɾikes,L
enɾikese,enɾikese,enɾikes,enɾikes,L
enɾikese,enɾikese,enɾikes,enɾikes,L
enɾikese,enɾikese,enɾikes,enɾikes,L
enɾikese,enɾikese,enɾikes,enɾikes,L
enɾikese,enɾikese,enɾikes,enɾikes,L
enɾikese,enɾikese,enɾikes,enɾikes,L
enɾikese,enɾikese,enɾikes,enɾikes,L
enɾikese,enɾikese,enɾikes,enɾikes,L
enɾikese,enɾikese,enɾikes,enɾikes,L
enɾikese,enɾikese,enɾikes,enɾikes,L
enɾikese,enɾikese,enɾikes,enɾikes,L
enɾikese,enɾikese,enɾikes,enɾikes,L
enɾikese,enɾikese,enɾikes,enɾikes,L
enɾikese,enɾikese,enɾikes,enɾikes,L
enɾikese,enɾikese,enɾikes,enɾikes,L
enɾikese,enɾikese,enɾikes,enɾikes,L
enɾikese,enɾikese,enɾikes,enɾikes,L
enɾikese,enɾikese,enɾikes,enɾikes,L
enɾikeskajs,enɾikeskajs,enɾikesk,enɾikesk,L
enɾikeskajs,enɾikeskajs,enɾikesk,enɾikesk,L
enɾikeskajs,enɾikeskajs,enɾikesk,enɾikesk,L
enɾikeskajs,enɾikeskajs,enɾikesk,enɾikesk,L
enɾikeskajs,enɾikeskajs,enɾikesk,enɾikesk,L
enɾikeskajs,enɾikeskajs,enɾikesk,enɾikesk,L
enɾikeskajs,enɾikeskajs,enɾikesk,enɾikesk,L
enɾikeskajs,enɾikeskajs,enɾikesk,enɾikesk,L
enɾikeskajs,enɾikeskajs,enɾikesk,enɾikesk,L
enɾikeskajs,enɾikeskajs,enɾikesk,enɾikesk,L
enɾikeskajs,enɾikeskajs,enɾikesk,enɾikesk,L
enɾikeskajs,enɾikeskajs,enɾikesk,enɾikesk,L
enɾikeskajs,enɾikeskajs,enɾikesk,enɾikesk,L
enɾikeskajs,enɾikeskajs,enɾikesk,enɾikesk,L
enɾikeskajs,enɾikeskajs,enɾikesk,enɾikesk,L
enɾikeskajs,enɾikeskajs,enɾikesk,enɾikesk,L
enɾikeskajs,enɾikeskajs,enɾikesk,enɾikesk,L
enɾikeskajs,enɾikeskajs,enɾikesk,enɾikesk,L
enɾikeskajs,enɾikeskajs,enɾikesk,enɾikesk,L
enɾikeskajs,enɾikeskajs,enɾikesk,enɾikesk,L
enɾikeskajs,enɾikeskajs,enɾikesk,enɾikesk,L
enɾikeskajs,enɾikeskajs,enɾikesk,enɾikesk,L
enɾikeskajs,enɾikeskajs,enɾikesk,enɾikesk,L
enɾikeskajs,enɾikeskajs,enɾikesk,enɾikesk,L
enɾikeskajs,enɾikeskajs,enɾikesk,enɾikesk,L
enɾikeskajs,enɾikeskajs,enɾikesk,enɾikesk,L
enɾikeskajs,enɾikeskajs,enɾikesk,enɾikesk,L
enɾikeskajs,enɾikeskajs,enɾikesk,enɾikesk,L
enɾikeskajs,enɾikeskajs,enɾikesk,enɾikesk,L
enɾikeskajs,enɾikeskajs,enɾikesk,enɾikesk,L
enɾikeskajs,enɾikeskajs,enɾikesk,enɾikesk,L
enɾikeskajs,enɾikeskajs,enɾikesk,enɾikesk,L
enɾikeskajs,enɾikeskajs,enɾikesk,enɾikesk,L
enɾikeskajs,enɾikeskajs,enɾikesk,enɾikesk,L
enɾikeskajs,enɾikeskajs,enɾikesk,enɾikesk,L
enɾikeskajs,enɾikeskajs,enɾikesk,enɾikesk,L
enɾikeskajs,enɾikeskajs,enɾikesk,enɾikesk,L
enɾikeskajs,enɾikeskajs,enɾikesk,enɾikesk,L
enɾikeskajs,enɾikeskajs,enɾikesk,enɾikesk,L
enɾikeskajs,enɾikeskajs,enɾikesk,enɾikesk,L
enɾikeskajs,enɾikeskajs,enɾikesk,enɾikesk,L
enɾikeskajs,enɾikeskajs,enɾikesk,enɾikesk,L
enɾikeskajs,enɾikeskajs,enɾikesk,enɾikesk,L
enɾikeskajs,enɾikeskajs,enɾikesk,enɾikesk,L
enɾikeskajs,enɾikeskajs,enɾikesk,enɾikesk,L
enɾikeskajs,enɾikeskajs,enɾikesk,enɾikesk,L
enɾikeskajs,enɾikeskajs,enɾikesk,enɾikesk,L
enɾikeskajs,enɾikeskajs,enɾikesk,enɾikesk,L
enɾikeskajs,enɾikeskajs,enɾikesk,enɾikesk,L
enɾikeskajs,enɾikeskajs,enɾikesk,enɾikesk,L
enɾikeskajs,enɾikeskajs,enɾikesk,enɾikesk,L
enɾikeskajs,enɾikeskajs,enɾikesk,enɾikesk,L
enɾikeskajs,enɾikeskajs,enɾikesk,enɾikesk,L
enɾikeskajs,enɾikeskajs,enɾikesk,enɾikesk,L
enɾikeskajs,enɾikeskajs,enɾikesk,enɾikesk,L
enɾikeskamos,enɾikeskamos,enɾikesk,enɾikesk,L
enɾikeskamos,enɾikeskamos,enɾikesk,enɾikesk,L
enɾikeskamos,enɾikeskamos,enɾikesk,enɾikesk,L
enɾikeskamos,enɾikeskamos,enɾikesk,enɾikesk,L
enɾikeskamos,enɾikeskamos,enɾikesk,enɾikesk,L
enɾikeskamos,enɾikeskamos,enɾikesk,enɾikesk,L
enɾikeskamos,enɾikeskamos,enɾikesk,enɾikesk,L
enɾikeskamos,enɾikeskamos,enɾikesk,enɾikesk,L
enɾikeskamos,enɾikeskamos,enɾikesk,enɾikesk,L
enɾikeskamos,enɾikeskamos,enɾikesk,enɾikesk,L
enɾikeskamos,enɾikeskamos,enɾikesk,enɾikesk,L
enɾikeskamos,enɾikeskamos,enɾikesk,enɾikesk,L
enɾikeskamos,enɾikeskamos,enɾikesk,enɾikesk,L
enɾikeskamos,enɾikeskamos,enɾikesk,enɾikesk,L
enɾikeskamos,enɾikeskamos,enɾikesk,enɾikesk,L
enɾikeskamos,enɾikeskamos,enɾikesk,enɾikesk,L
enɾikeskamos,enɾikeskamos,enɾikesk,enɾikesk,L
enɾikeskamos,enɾikeskamos,enɾikesk,enɾikesk,L
enɾikeskamos,enɾikeskamos,enɾikesk,enɾikesk,L
enɾikeskamos,enɾikeskamos,enɾikesk,enɾikesk,L
enɾikeskamos,enɾikeskamos,enɾikesk,enɾikesk,L
enɾikeskamos,enɾikeskamos,enɾikesk,enɾikesk,L
enɾikeskamos,enɾikeskamos,enɾikesk,enɾikesk,L
enɾikeskamos,enɾikeskamos,enɾikesk,enɾikesk,L
enɾikeskamos,enɾikeskamos,enɾikesk,enɾikesk,L
enɾikeskamos,enɾikeskamos,enɾikesk,enɾikesk,L
enɾikeskamos,enɾikeskamos,enɾikesk,enɾikesk,L
enɾikeskamos,enɾikeskamos,enɾikesk,enɾikesk,L
enɾikeskamos,enɾikeskamos,enɾikesk,enɾikesk,L
enɾikeskamos,enɾikeskamos,enɾikesk,enɾikesk,L
enɾikeskamos,enɾikeskamos,enɾikesk,enɾikesk,L
enɾikeskamos,enɾikeskamos,enɾikesk,enɾikesk,L
enɾikeskamos,enɾikeskamos,enɾikesk,enɾikesk,L
enɾikeskamos,enɾikeskamos,enɾikesk,enɾikesk,L
enɾikeskamos,enɾikeskamos,enɾikesk,enɾikesk,L
enɾikeskamos,enɾikeskamos,enɾikesk,enɾikesk,L
enɾikeskamos,enɾikeskamos,enɾikesk,enɾikesk,L
enɾikeskamos,enɾikeskamos,enɾikesk,enɾikesk,L
enɾikeskamos,enɾikeskamos,enɾikesk,enɾikesk,L
enɾikeskamos,enɾikeskamos,enɾikesk,enɾikesk,L
enɾikeskamos,enɾikeskamos,enɾikesk,enɾikesk,L
enɾikeskamos,enɾikeskamos,enɾikesk,enɾikesk,L
enɾikeskamos,enɾikeskamos,enɾikesk,enɾikesk,L
enɾikeskamos,enɾikeskamos,enɾikesk,enɾikesk,L
enɾikeskamos,enɾikeskamos,enɾikesk,enɾikesk,L
enɾikeskamos,enɾikeskamos,enɾikesk,enɾikesk,L
enɾikeskamos,enɾikeskamos,enɾikesk,enɾikesk,L
enɾikeskamos,enɾikeskamos,enɾikesk,enɾikesk,L
enɾikeskamos,enɾikeskamos,enɾikesk,enɾikesk,L
enɾikeskamos,enɾikeskamos,enɾikesk,enɾikesk,L
enɾikeskamos,enɾikeskamos,enɾikesk,enɾikesk,L
enɾikeskamos,enɾikeskamos,enɾikesk,enɾikesk,L
enɾikeskamos,enɾikeskamos,enɾikesk,enɾikesk,L
enɾikeskamos,enɾikeskamos,enɾikesk,enɾikesk,L
enɾikeskamos,enɾikeskamos,enɾikesk,enɾikesk,L
enɾikeskan,enɾikeskan,enɾikesk,enɾikesk,L
enɾikeskan,enɾikeskan,enɾikesk,enɾikesk,L
enɾikeskan,enɾikeskan,enɾikesk,enɾikesk,L
enɾikeskan,enɾikeskan,enɾikesk,enɾikesk,L
enɾikeskan,enɾikeskan,enɾikesk,enɾikesk,L
enɾikeskan,enɾikeskan,enɾikesk,enɾikesk,L
enɾikeskan,enɾikeskan,enɾikesk,enɾikesk,L
enɾikeskan,enɾikeskan,enɾikesk,enɾikesk,L
enɾikeskan,enɾikeskan,enɾikesk,enɾikesk,L
enɾikeskan,enɾikeskan,enɾikesk,enɾikesk,L
enɾikeskan,enɾikeskan,enɾikesk,enɾikesk,L
enɾikeskan,enɾikeskan,enɾikesk,enɾikesk,L
enɾikeskan,enɾikeskan,enɾikesk,enɾikesk,L
enɾikeskan,enɾikeskan,enɾikesk,enɾikesk,L
enɾikeskan,enɾikeskan,enɾikesk,enɾikesk,L
enɾikeskan,enɾikeskan,enɾikesk,enɾikesk,L
enɾikeskan,enɾikeskan,enɾikesk,enɾikesk,L
enɾikeskan,enɾikeskan,enɾikesk,enɾikesk,L
enɾikeskan,enɾikeskan,enɾikesk,enɾikesk,L
enɾikeskan,enɾikeskan,enɾikesk,enɾikesk,L
enɾikeskan,enɾikeskan,enɾikesk,enɾikesk,L
enɾikeskan,enɾikeskan,enɾikesk,enɾikesk,L
enɾikeskan,enɾikeskan,enɾikesk,enɾikesk,L
enɾikeskan,enɾikeskan,enɾikesk,enɾikesk,L
enɾikeskan,enɾikeskan,enɾikesk,enɾikesk,L
enɾikeskan,enɾikeskan,enɾikesk,enɾikesk,L
enɾikeskan,enɾikeskan,enɾikesk,enɾikesk,L
enɾikeskan,enɾikeskan,enɾikesk,enɾikesk,L
enɾikeskan,enɾikeskan,enɾikesk,enɾikesk,L
enɾikeskan,enɾikeskan,enɾikesk,enɾikesk,L
enɾikeskan,enɾikeskan,enɾikesk,enɾikesk,L
enɾikeskan,enɾikeskan,enɾikesk,enɾikesk,L
enɾikeskan,enɾikeskan,enɾikesk,enɾikesk,L
enɾikeskan,enɾikeskan,enɾikesk,enɾikesk,L
enɾikeskan,enɾikeskan,enɾikesk,enɾikesk,L
enɾikeskan,enɾikeskan,enɾikesk,enɾikesk,L
enɾikeskan,enɾikeskan,enɾikesk,enɾikesk,L
enɾikeskan,enɾikeskan,enɾikesk,enɾikesk,L
enɾikeskan,enɾikeskan,enɾikesk,enɾikesk,L
enɾikeskan,enɾikeskan,enɾikesk,enɾikesk,L
enɾikeskan,enɾikeskan,enɾikesk,enɾikesk,L
enɾikeskan,enɾikeskan,enɾikesk,enɾikesk,L
enɾikeskan,enɾikeskan,enɾikesk,enɾikesk,L
enɾikeskan,enɾikeskan,enɾikesk,enɾikesk,L
enɾikeskan,enɾikeskan,enɾikesk,enɾikesk,L
enɾikeskan,enɾikeskan,enɾikesk,enɾikesk,L
enɾikeskan,enɾikeskan,enɾikesk,enɾikesk,L
enɾikeskan,enɾikeskan,enɾikesk,enɾikesk,L
enɾikeskan,enɾikeskan,enɾikesk,enɾikesk,L
enɾikeskan,enɾikeskan,enɾikesk,enɾikesk,L
enɾikeskan,enɾikeskan,enɾikesk,enɾikesk,L
enɾikeskan,enɾikeskan,enɾikesk,enɾikesk,L
enɾikeskan,enɾikeskan,enɾikesk,enɾikesk,L
enɾikeskan,enɾikeskan,enɾikesk,enɾikesk,L
enɾikeskan,enɾikeskan,enɾikesk,enɾikesk,L
enɾikeskas,enɾikeskas,enɾikesk,enɾikesk,L
enɾikeskas,enɾikeskas,enɾikesk,enɾikesk,L
enɾikeskas,enɾikeskas,enɾikesk,enɾikesk,L
enɾikeskas,enɾikeskas,enɾikesk,enɾikesk,L
enɾikeskas,enɾikeskas,enɾikesk,enɾikesk,L
enɾikeskas,enɾikeskas,enɾikesk,enɾikesk,L
enɾikeskas,enɾikeskas,enɾikesk,enɾikesk,L
enɾikeskas,enɾikeskas,enɾikesk,enɾikesk,L
enɾikeskas,enɾikeskas,enɾikesk,enɾikesk,L
enɾikeskas,enɾikeskas,enɾikesk,enɾikesk,L
enɾikeskas,enɾikeskas,enɾikesk,enɾikesk,L
enɾikeskas,enɾikeskas,enɾikesk,enɾikesk,L
enɾikeskas,enɾikeskas,enɾikesk,enɾikesk,L
enɾikeskas,enɾikeskas,enɾikesk,enɾikesk,L
enɾikeskas,enɾikeskas,enɾikesk,enɾikesk,L
enɾikeskas,enɾikeskas,enɾikesk,enɾikesk,L
enɾikeskas,enɾikeskas,enɾikesk,enɾikesk,L
enɾikeskas,enɾikeskas,enɾikesk,enɾikesk,L
enɾikeskas,enɾikeskas,enɾikesk,enɾikesk,L
enɾikeskas,enɾikeskas,enɾikesk,enɾikesk,L
enɾikeskas,enɾikeskas,enɾikesk,enɾikesk,L
enɾikeskas,enɾikeskas,enɾikesk,enɾikesk,L
enɾikeskas,enɾikeskas,enɾikesk,enɾikesk,L
enɾikeskas,enɾikeskas,enɾikesk,enɾikesk,L
enɾikeskas,enɾikeskas,enɾikesk,enɾikesk,L
enɾikeskas,enɾikeskas,enɾikesk,enɾikesk,L
enɾikeskas,enɾikeskas,enɾikesk,enɾikesk,L
enɾikeskas,enɾikeskas,enɾikesk,enɾikesk,L
enɾikeskas,enɾikeskas,enɾikesk,enɾikesk,L
enɾikeskas,enɾikeskas,enɾikesk,enɾikesk,L
enɾikeskas,enɾikeskas,enɾikesk,enɾikesk,L
enɾikeskas,enɾikeskas,enɾikesk,enɾikesk,L
enɾikeskas,enɾikeskas,enɾikesk,enɾikesk,L
enɾikeskas,enɾikeskas,enɾikesk,enɾikesk,L
enɾikeskas,enɾikeskas,enɾikesk,enɾikesk,L
enɾikeskas,enɾikeskas,enɾikesk,enɾikesk,L
enɾikeskas,enɾikeskas,enɾikesk,enɾikesk,L
enɾikeskas,enɾikeskas,enɾikesk,enɾikesk,L
enɾikeskas,enɾikeskas,enɾikesk,enɾikesk,L
enɾikeskas,enɾikeskas,enɾikesk,enɾikesk,L
enɾikeskas,enɾikeskas,enɾikesk,enɾikesk,L
enɾikeskas,enɾikeskas,enɾikesk,enɾikesk,L
enɾikeskas,enɾikeskas,enɾikesk,enɾikesk,L
enɾikeskas,enɾikeskas,enɾikesk,enɾikesk,L
enɾikeskas,enɾikeskas,enɾikesk,enɾikesk,L
enɾikeskas,enɾikeskas,enɾikesk,enɾikesk,L
enɾikeskas,enɾikeskas,enɾikesk,enɾikesk,L
enɾikeskas,enɾikeskas,enɾikesk,enɾikesk,L
enɾikeskas,enɾikeskas,enɾikesk,enɾikesk,L
enɾikeskas,enɾikeskas,enɾikesk,enɾikesk,L
enɾikeskas,enɾikeskas,enɾikesk,enɾikesk,L
enɾikeskas,enɾikeskas,enɾikesk,enɾikesk,L
enɾikeskas,enɾikeskas,enɾikesk,enɾikesk,L
enɾikeskas,enɾikeskas,enɾikesk,enɾikesk,L
enɾikeskas,enɾikeskas,enɾikesk,enɾikesk,L
enɾikeska,enɾikeska,enɾikesk,enɾikesk,L
enɾikeska,enɾikeska,enɾikesk,enɾikesk,L
enɾikeska,enɾikeska,enɾikesk,enɾikesk,L
enɾikeska,enɾikeska,enɾikesk,enɾikesk,L
enɾikeska,enɾikeska,enɾikesk,enɾikesk,L
enɾikeska,enɾikeska,enɾikesk,enɾikesk,L
enɾikeska,enɾikeska,enɾikesk,enɾikesk,L
enɾikeska,enɾikeska,enɾikesk,enɾikesk,L
enɾikeska,enɾikeska,enɾikesk,enɾikesk,L
enɾikeska,enɾikeska,enɾikesk,enɾikesk,L
enɾikeska,enɾikeska,enɾikesk,enɾikesk,L
enɾikeska,enɾikeska,enɾikesk,enɾikesk,L
enɾikeska,enɾikeska,enɾikesk,enɾikesk,L
enɾikeska,enɾikeska,enɾikesk,enɾikesk,L
enɾikeska,enɾikeska,enɾikesk,enɾikesk,L
enɾikeska,enɾikeska,enɾikesk,enɾikesk,L
enɾikeska,enɾikeska,enɾikesk,enɾikesk,L
enɾikeska,enɾikeska,enɾikesk,enɾikesk,L
enɾikeska,enɾikeska,enɾikesk,enɾikesk,L
enɾikeska,enɾikeska,enɾikesk,enɾikesk,L
enɾikeska,enɾikeska,enɾikesk,enɾikesk,L
enɾikeska,enɾikeska,enɾikesk,enɾikesk,L
enɾikeska,enɾikeska,enɾikesk,enɾikesk,L
enɾikeska,enɾikeska,enɾikesk,enɾikesk,L
enɾikeska,enɾikeska,enɾikesk,enɾikesk,L
enɾikeska,enɾikeska,enɾikesk,enɾikesk,L
enɾikeska,enɾikeska,enɾikesk,enɾikesk,L
enɾikeska,enɾikeska,enɾikesk,enɾikesk,L
enɾikeska,enɾikeska,enɾikesk,enɾikesk,L
enɾikeska,enɾikeska,enɾikesk,enɾikesk,L
enɾikeska,enɾikeska,enɾikesk,enɾikesk,L
enɾikeska,enɾikeska,enɾikesk,enɾikesk,L
enɾikeska,enɾikeska,enɾikesk,enɾikesk,L
enɾikeska,enɾikeska,enɾikesk,enɾikesk,L
enɾikeska,enɾikeska,enɾikesk,enɾikesk,L
enɾikeska,enɾikeska,enɾikesk,enɾikesk,L
enɾikeska,enɾikeska,enɾikesk,enɾikesk,L
enɾikeska,enɾikeska,enɾikesk,enɾikesk,L
enɾikeska,enɾikeska,enɾikesk,enɾikesk,L
enɾikeska,enɾikeska,enɾikesk,enɾikesk,L
enɾikeska,enɾikeska,enɾikesk,enɾikesk,L
enɾikeska,enɾikeska,enɾikesk,enɾikesk,L
enɾikeska,enɾikeska,enɾikesk,enɾikesk,L
enɾikeska,enɾikeska,enɾikesk,enɾikesk,L
enɾikeska,enɾikeska,enɾikesk,enɾikesk,L
enɾikeska,enɾikeska,enɾikesk,enɾikesk,L
enɾikeska,enɾikeska,enɾikesk,enɾikesk,L
enɾikeska,enɾikeska,enɾikesk,enɾikesk,L
enɾikeska,enɾikeska,enɾikesk,enɾikesk,L
enɾikeska,enɾikeska,enɾikesk,enɾikesk,L
enɾikeska,enɾikeska,enɾikesk,enɾikesk,L
enɾikeska,enɾikeska,enɾikesk,enɾikesk,L
enɾikeska,enɾikeska,enɾikesk,enɾikesk,L
enɾikeska,enɾikeska,enɾikesk,enɾikesk,L
enɾikeska,enɾikeska,enɾikesk,enɾikesk,L
enɾikeska,enɾikeska,enɾikesk,enɾikesk,L
enɾikeska,enɾikeska,enɾikesk,enɾikesk,L
enɾikeska,enɾikeska,enɾikesk,enɾikesk,L
enɾikeska,enɾikeska,enɾikesk,enɾikesk,L
enɾikeska,enɾikeska,enɾikesk,enɾikesk,L
enɾikeska,enɾikeska,enɾikesk,enɾikesk,L
enɾikeska,enɾikeska,enɾikesk,enɾikesk,L
enɾikeska,enɾikeska,enɾikesk,enɾikesk,L
enɾikeska,enɾikeska,enɾikesk,enɾikesk,L
enɾikeska,enɾikeska,enɾikesk,enɾikesk,L
enɾikeska,enɾikeska,enɾikesk,enɾikesk,L
enɾikeska,enɾikeska,enɾikesk,enɾikesk,L
enɾikeska,enɾikeska,enɾikesk,enɾikesk,L
enɾikeska,enɾikeska,enɾikesk,enɾikesk,L
enɾikeska,enɾikeska,enɾikesk,enɾikesk,L
enɾikeska,enɾikeska,enɾikesk,enɾikesk,L
enɾikeska,enɾikeska,enɾikesk,enɾikesk,L
enɾikeska,enɾikeska,enɾikesk,enɾikesk,L
enɾikeska,enɾikeska,enɾikesk,enɾikesk,L
enɾikeska,enɾikeska,enɾikesk,enɾikesk,L
enɾikeska,enɾikeska,enɾikesk,enɾikesk,L
enɾikeska,enɾikeska,enɾikesk,enɾikesk,L
enɾikeska,enɾikeska,enɾikesk,enɾikesk,L
enɾikeska,enɾikeska,enɾikesk,enɾikesk,L
enɾikeska,enɾikeska,enɾikesk,enɾikesk,L
enɾikeska,enɾikeska,enɾikesk,enɾikesk,L
enɾikeska,enɾikeska,enɾikesk,enɾikesk,L
enɾikeska,enɾikeska,enɾikesk,enɾikesk,L
enɾikeska,enɾikeska,enɾikesk,enɾikesk,L
enɾikeska,enɾikeska,enɾikesk,enɾikesk,L
enɾikeska,enɾikeska,enɾikesk,enɾikesk,L
enɾikeska,enɾikeska,enɾikesk,enɾikesk,L
enɾikeska,enɾikeska,enɾikesk,enɾikesk,L
enɾikeska,enɾikeska,enɾikesk,enɾikesk,L
enɾikeska,enɾikeska,enɾikesk,enɾikesk,L
enɾikeska,enɾikeska,enɾikesk,enɾikesk,L
enɾikeska,enɾikeska,enɾikesk,enɾikesk,L
enɾikeska,enɾikeska,enɾikesk,enɾikesk,L
enɾikeska,enɾikeska,enɾikesk,enɾikesk,L
enɾikeska,enɾikeska,enɾikesk,enɾikesk,L
enɾikeska,enɾikeska,enɾikesk,enɾikesk,L
enɾikeska,enɾikeska,enɾikesk,enɾikesk,L
enɾikeska,enɾikeska,enɾikesk,enɾikesk,L
enɾikeska,enɾikeska,enɾikesk,enɾikesk,L
enɾikeska,enɾikeska,enɾikesk,enɾikesk,L
enɾikeska,enɾikeska,enɾikesk,enɾikesk,L
enɾikeska,enɾikeska,enɾikesk,enɾikesk,L
enɾikeska,enɾikeska,enɾikesk,enɾikesk,L
enɾikeska,enɾikeska,enɾikesk,enɾikesk,L
enɾikeska,enɾikeska,enɾikesk,enɾikesk,L
enɾikeska,enɾikeska,enɾikesk,enɾikesk,L
enɾikeska,enɾikeska,enɾikesk,enɾikesk,L
enɾikeska,enɾikeska,enɾikesk,enɾikesk,L
enɾikeska,enɾikeska,enɾikesk,enɾikesk,L
enɾikeska,enɾikeska,enɾikesk,enɾikesk,L
enɾikesko,enɾikesko,enɾikesk,enɾikesk,L
enɾikesko,enɾikesko,enɾikesk,enɾikesk,L
enɾikesko,enɾikesko,enɾikesk,enɾikesk,L
enɾikesko,enɾikesko,enɾikesk,enɾikesk,L
enɾikesko,enɾikesko,enɾikesk,enɾikesk,L
enɾikesko,enɾikesko,enɾikesk,enɾikesk,L
enɾikesko,enɾikesko,enɾikesk,enɾikesk,L
enɾikesko,enɾikesko,enɾikesk,enɾikesk,L
enɾikesko,enɾikesko,enɾikesk,enɾikesk,L
enɾikesko,enɾikesko,enɾikesk,enɾikesk,L
enɾikesko,enɾikesko,enɾikesk,enɾikesk,L
enɾikesko,enɾikesko,enɾikesk,enɾikesk,L
enɾikesko,enɾikesko,enɾikesk,enɾikesk,L
enɾikesko,enɾikesko,enɾikesk,enɾikesk,L
enɾikesko,enɾikesko,enɾikesk,enɾikesk,L
enɾikesko,enɾikesko,enɾikesk,enɾikesk,L
enɾikesko,enɾikesko,enɾikesk,enɾikesk,L
enɾikesko,enɾikesko,enɾikesk,enɾikesk,L
enɾikesko,enɾikesko,enɾikesk,enɾikesk,L
enɾikesko,enɾikesko,enɾikesk,enɾikesk,L
enɾikesko,enɾikesko,enɾikesk,enɾikesk,L
enɾikesko,enɾikesko,enɾikesk,enɾikesk,L
enɾikesko,enɾikesko,enɾikesk,enɾikesk,L
enɾikesko,enɾikesko,enɾikesk,enɾikesk,L
enɾikesko,enɾikesko,enɾikesk,enɾikesk,L
enɾikesko,enɾikesko,enɾikesk,enɾikesk,L
enɾikesko,enɾikesko,enɾikesk,enɾikesk,L
enɾikesko,enɾikesko,enɾikesk,enɾikesk,L
enɾikesko,enɾikesko,enɾikesk,enɾikesk,L
enɾikesko,enɾikesko,enɾikesk,enɾikesk,L
enɾikesko,enɾikesko,enɾikesk,enɾikesk,L
enɾikesko,enɾikesko,enɾikesk,enɾikesk,L
enɾikesko,enɾikesko,enɾikesk,enɾikesk,L
enɾikesko,enɾikesko,enɾikesk,enɾikesk,L
enɾikesko,enɾikesko,enɾikesk,enɾikesk,L
enɾikesko,enɾikesko,enɾikesk,enɾikesk,L
enɾikesko,enɾikesko,enɾikesk,enɾikesk,L
enɾikesko,enɾikesko,enɾikesk,enɾikesk,L
enɾikesko,enɾikesko,enɾikesk,enɾikesk,L
enɾikesko,enɾikesko,enɾikesk,enɾikesk,L
enɾikesko,enɾikesko,enɾikesk,enɾikesk,L
enɾikesko,enɾikesko,enɾikesk,enɾikesk,L
enɾikesko,enɾikesko,enɾikesk,enɾikesk,L
enɾikesko,enɾikesko,enɾikesk,enɾikesk,L
enɾikesko,enɾikesko,enɾikesk,enɾikesk,L
enɾikesko,enɾikesko,enɾikesk,enɾikesk,L
enɾikesko,enɾikesko,enɾikesk,enɾikesk,L
enɾikesko,enɾikesko,enɾikesk,enɾikesk,L
enɾikesko,enɾikesko,enɾikesk,enɾikesk,L
enɾikesko,enɾikesko,enɾikesk,enɾikesk,L
enɾikesko,enɾikesko,enɾikesk,enɾikesk,L
enɾikesko,enɾikesko,enɾikesk,enɾikesk,L
enɾikesko,enɾikesko,enɾikesk,enɾikesk,L
enɾikesko,enɾikesko,enɾikesk,enɾikesk,L
enɾikesko,enɾikesko,enɾikesk,enɾikesk,L
ɾasjonalisejs,ɾasjonalisejs,ɾasjonalis,ɾasjonalis,NL
ɾasjonalisejs,ɾasjonalisejs,ɾasjonalis,ɾasjonalis,NL
ɾasjonalisejs,ɾasjonalisejs,ɾasjonalis,ɾasjonalis,NL
ɾasjonalisejs,ɾasjonalisejs,ɾasjonalis,ɾasjonalis,NL
ɾasjonalisejs,ɾasjonalisejs,ɾasjonalis,ɾasjonalis,NL
ɾasjonalisejs,ɾasjonalisejs,ɾasjonalis,ɾasjonalis,NL
ɾasjonalisejs,ɾasjonalisejs,ɾasjonalis,ɾasjonalis,NL
ɾasjonalisejs,ɾasjonalisejs,ɾasjonalis,ɾasjonalis,NL
ɾasjonalisejs,ɾasjonalisejs,ɾasjonalis,ɾasjonalis,NL
ɾasjonalisejs,ɾasjonalisejs,ɾasjonalis,ɾasjonalis,NL
ɾasjonalisejs,ɾasjonalisejs,ɾasjonalis,ɾasjonalis,NL
ɾasjonalisejs,ɾasjonalisejs,ɾasjonalis,ɾasjonalis,NL
ɾasjonalisejs,ɾasjonalisejs,ɾasjonalis,ɾasjonalis,NL
ɾasjonalisejs,ɾasjonalisejs,ɾasjonalis,ɾasjonalis,NL
ɾasjonalisejs,ɾasjonalisejs,ɾasjonalis,ɾasjonalis,NL
ɾasjonalisejs,ɾasjonalisejs,ɾasjonalis,ɾasjonalis,NL
ɾasjonalisejs,ɾasjonalisejs,ɾasjonalis,ɾasjonalis,NL
ɾasjonalisejs,ɾasjonalisejs,ɾasjonalis,ɾasjonalis,NL
ɾasjonalisejs,ɾasjonalisejs,ɾasjonalis,ɾasjonalis,NL
ɾasjonalisejs,ɾasjonalisejs,ɾasjonalis,ɾasjonalis,NL
ɾasjonalisejs,ɾasjonalisejs,ɾasjonalis,ɾasjonalis,NL
ɾasjonalisejs,ɾasjonalisejs,ɾasjonalis,ɾasjonalis,NL
ɾasjonalisejs,ɾasjonalisejs,ɾasjonalis,ɾasjonalis,NL
ɾasjonalisejs,ɾasjonalisejs,ɾasjonalis,ɾasjonalis,NL
ɾasjonalisejs,ɾasjonalisejs,ɾasjonalis,ɾasjonalis,NL
ɾasjonalisejs,ɾasjonalisejs,ɾasjonalis,ɾasjonalis,NL
ɾasjonalisejs,ɾasjonalisejs,ɾasjonalis,ɾasjonalis,NL
ɾasjonalisejs,ɾasjonalisejs,ɾasjonalis,ɾasjonalis,NL
ɾasjonalisejs,ɾasjonalisejs,ɾasjonalis,ɾasjonalis,NL
ɾasjonalisejs,ɾasjonalisejs,ɾasjonalis,ɾasjonalis,NL
ɾasjonalisejs,ɾasjonalisejs,ɾasjonalis,ɾasjonalis,NL
ɾasjonalisejs,ɾasjonalisejs,ɾasjonalis,ɾasjonalis,NL
ɾasjonalisejs,ɾasjonalisejs,ɾasjonalis,ɾasjonalis,NL
ɾasjonalisejs,ɾasjonalisejs,ɾasjonalis,ɾasjonalis,NL
ɾasjonalisejs,ɾasjonalisejs,ɾasjonalis,ɾasjonalis,NL
ɾasjonalisejs,ɾasjonalisejs,ɾasjonalis,ɾasjonalis,NL
ɾasjonalisejs,ɾasjonalisejs,ɾasjonalis,ɾasjonalis,NL
ɾasjonalisejs,ɾasjonalisejs,ɾasjonalis,ɾasjonalis,NL
ɾasjonalisejs,ɾasjonalisejs,ɾasjonalis,ɾasjonalis,NL
ɾasjonalisejs,ɾasjonalisejs,ɾasjonalis,ɾasjonalis,NL
ɾasjonalisejs,ɾasjonalisejs,ɾasjonalis,ɾasjonalis,NL
ɾasjonalisejs,ɾasjonalisejs,ɾasjonalis,ɾasjonalis,NL
ɾasjonalisejs,ɾasjonalisejs,ɾasjonalis,ɾasjonalis,NL
ɾasjonalisejs,ɾasjonalisejs,ɾasjonalis,ɾasjonalis,NL
ɾasjonalisejs,ɾasjonalisejs,ɾasjonalis,ɾasjonalis,NL
ɾasjonalisejs,ɾasjonalisejs,ɾasjonalis,ɾasjonalis,NL
ɾasjonalisejs,ɾasjonalisejs,ɾasjonalis,ɾasjonalis,NL
ɾasjonalisejs,ɾasjonalisejs,ɾasjonalis,ɾasjonalis,NL
ɾasjonalisejs,ɾasjonalisejs,ɾasjonalis,ɾasjonalis,NL
ɾasjonalisejs,ɾasjonalisejs,ɾasjonalis,ɾasjonalis,NL
ɾasjonalisejs,ɾasjonalisejs,ɾasjonalis,ɾasjonalis,NL
ɾasjonalisejs,ɾasjonalisejs,ɾasjonalis,ɾasjonalis,NL
ɾasjonalisejs,ɾasjonalisejs,ɾasjonalis,ɾasjonalis,NL
ɾasjonalisejs,ɾasjonalisejs,ɾasjonalis,ɾasjonalis,NL
ɾasjonalisejs,ɾasjonalisejs,ɾasjonalis,ɾasjonalis,NL
ɾasjonalisemos,ɾasjonalisemos,ɾasjonalis,ɾasjonalis,NL
ɾasjonalisemos,ɾasjonalisemos,ɾasjonalis,ɾasjonalis,NL
ɾasjonalisemos,ɾasjonalisemos,ɾasjonalis,ɾasjonalis,NL
ɾasjonalisemos,ɾasjonalisemos,ɾasjonalis,ɾasjonalis,NL
ɾasjonalisemos,ɾasjonalisemos,ɾasjonalis,ɾasjonalis,NL
ɾasjonalisemos,ɾasjonalisemos,ɾasjonalis,ɾasjonalis,NL
ɾasjonalisemos,ɾasjonalisemos,ɾasjonalis,ɾasjonalis,NL
ɾasjonalisemos,ɾasjonalisemos,ɾasjonalis,ɾasjonalis,NL
ɾasjonalisemos,ɾasjonalisemos,ɾasjonalis,ɾasjonalis,NL
ɾasjonalisemos,ɾasjonalisemos,ɾasjonalis,ɾasjonalis,NL
ɾasjonalisemos,ɾasjonalisemos,ɾasjonalis,ɾasjonalis,NL
ɾasjonalisemos,ɾasjonalisemos,ɾasjonalis,ɾasjonalis,NL
ɾasjonalisemos,ɾasjonalisemos,ɾasjonalis,ɾasjonalis,NL
ɾasjonalisemos,ɾasjonalisemos,ɾasjonalis,ɾasjonalis,NL
ɾasjonalisemos,ɾasjonalisemos,ɾasjonalis,ɾasjonalis,NL
ɾasjonalisemos,ɾasjonalisemos,ɾasjonalis,ɾasjonalis,NL
ɾasjonalisemos,ɾasjonalisemos,ɾasjonalis,ɾasjonalis,NL
ɾasjonalisemos,ɾasjonalisemos,ɾasjonalis,ɾasjonalis,NL
ɾasjonalisemos,ɾasjonalisemos,ɾasjonalis,ɾasjonalis,NL
ɾasjonalisemos,ɾasjonalisemos,ɾasjonalis,ɾasjonalis,NL
ɾasjonalisemos,ɾasjonalisemos,ɾasjonalis,ɾasjonalis,NL
ɾasjonalisemos,ɾasjonalisemos,ɾasjonalis,ɾasjonalis,NL
ɾasjonalisemos,ɾasjonalisemos,ɾasjonalis,ɾasjonalis,NL
ɾasjonalisemos,ɾasjonalisemos,ɾasjonalis,ɾasjonalis,NL
ɾasjonalisemos,ɾasjonalisemos,ɾasjonalis,ɾasjonalis,NL
ɾasjonalisemos,ɾasjonalisemos,ɾasjonalis,ɾasjonalis,NL
ɾasjonalisemos,ɾasjonalisemos,ɾasjonalis,ɾasjonalis,NL
ɾasjonalisemos,ɾasjonalisemos,ɾasjonalis,ɾasjonalis,NL
ɾasjonalisemos,ɾasjonalisemos,ɾasjonalis,ɾasjonalis,NL
ɾasjonalisemos,ɾasjonalisemos,ɾasjonalis,ɾasjonalis,NL
ɾasjonalisemos,ɾasjonalisemos,ɾasjonalis,ɾasjonalis,NL
ɾasjonalisemos,ɾasjonalisemos,ɾasjonalis,ɾasjonalis,NL
ɾasjonalisemos,ɾasjonalisemos,ɾasjonalis,ɾasjonalis,NL
ɾasjonalisemos,ɾasjonalisemos,ɾasjonalis,ɾasjonalis,NL
ɾasjonalisemos,ɾasjonalisemos,ɾasjonalis,ɾasjonalis,NL
ɾasjonalisemos,ɾasjonalisemos,ɾasjonalis,ɾasjonalis,NL
ɾasjonalisemos,ɾasjonalisemos,ɾasjonalis,ɾasjonalis,NL
ɾasjonalisemos,ɾasjonalisemos,ɾasjonalis,ɾasjonalis,NL
ɾasjonalisemos,ɾasjonalisemos,ɾasjonalis,ɾasjonalis,NL
ɾasjonalisemos,ɾasjonalisemos,ɾasjonalis,ɾasjonalis,NL
ɾasjonalisemos,ɾasjonalisemos,ɾasjonalis,ɾasjonalis,NL
ɾasjonalisemos,ɾasjonalisemos,ɾasjonalis,ɾasjonalis,NL
ɾasjonalisemos,ɾasjonalisemos,ɾasjonalis,ɾasjonalis,NL
ɾasjonalisemos,ɾasjonalisemos,ɾasjonalis,ɾasjonalis,NL
ɾasjonalisemos,ɾasjonalisemos,ɾasjonalis,ɾasjonalis,NL
ɾasjonalisemos,ɾasjonalisemos,ɾasjonalis,ɾasjonalis,NL
ɾasjonalisemos,ɾasjonalisemos,ɾasjonalis,ɾasjonalis,NL
ɾasjonalisemos,ɾasjonalisemos,ɾasjonalis,ɾasjonalis,NL
ɾasjonalisemos,ɾasjonalisemos,ɾasjonalis,ɾasjonalis,NL
ɾasjonalisemos,ɾasjonalisemos,ɾasjonalis,ɾasjonalis,NL
ɾasjonalisemos,ɾasjonalisemos,ɾasjonalis,ɾasjonalis,NL
ɾasjonalisemos,ɾasjonalisemos,ɾasjonalis,ɾasjonalis,NL
ɾasjonalisemos,ɾasjonalisemos,ɾasjonalis,ɾasjonalis,NL
ɾasjonalisemos,ɾasjonalisemos,ɾasjonalis,ɾasjonalis,NL
ɾasjonalisemos,ɾasjonalisemos,ɾasjonalis,ɾasjonalis,NL
ɾasjonalisen,ɾasjonalisen,ɾasjonalis,ɾasjonalis,NL
ɾasjonalisen,ɾasjonalisen,ɾasjonalis,ɾasjonalis,NL
ɾasjonalisen,ɾasjonalisen,ɾasjonalis,ɾasjonalis,NL
ɾasjonalisen,ɾasjonalisen,ɾasjonalis,ɾasjonalis,NL
ɾasjonalisen,ɾasjonalisen,ɾasjonalis,ɾasjonalis,NL
ɾasjonalisen,ɾasjonalisen,ɾasjonalis,ɾasjonalis,NL
ɾasjonalisen,ɾasjonalisen,ɾasjonalis,ɾasjonalis,NL
ɾasjonalisen,ɾasjonalisen,ɾasjonalis,ɾasjonalis,NL
ɾasjonalisen,ɾasjonalisen,ɾasjonalis,ɾasjonalis,NL
ɾasjonalisen,ɾasjonalisen,ɾasjonalis,ɾasjonalis,NL
ɾasjonalisen,ɾasjonalisen,ɾasjonalis,ɾasjonalis,NL
ɾasjonalisen,ɾasjonalisen,ɾasjonalis,ɾasjonalis,NL
ɾasjonalisen,ɾasjonalisen,ɾasjonalis,ɾasjonalis,NL
ɾasjonalisen,ɾasjonalisen,ɾasjonalis,ɾasjonalis,NL
ɾasjonalisen,ɾasjonalisen,ɾasjonalis,ɾasjonalis,NL
ɾasjonalisen,ɾasjonalisen,ɾasjonalis,ɾasjonalis,NL
ɾasjonalisen,ɾasjonalisen,ɾasjonalis,ɾasjonalis,NL
ɾasjonalisen,ɾasjonalisen,ɾasjonalis,ɾasjonalis,NL
ɾasjonalisen,ɾasjonalisen,ɾasjonalis,ɾasjonalis,NL
ɾasjonalisen,ɾasjonalisen,ɾasjonalis,ɾasjonalis,NL
ɾasjonalisen,ɾasjonalisen,ɾasjonalis,ɾasjonalis,NL
ɾasjonalisen,ɾasjonalisen,ɾasjonalis,ɾasjonalis,NL
ɾasjonalisen,ɾasjonalisen,ɾasjonalis,ɾasjonalis,NL
ɾasjonalisen,ɾasjonalisen,ɾasjonalis,ɾasjonalis,NL
ɾasjonalisen,ɾasjonalisen,ɾasjonalis,ɾasjonalis,NL
ɾasjonalisen,ɾasjonalisen,ɾasjonalis,ɾasjonalis,NL
ɾasjonalisen,ɾasjonalisen,ɾasjonalis,ɾasjonalis,NL
ɾasjonalisen,ɾasjonalisen,ɾasjonalis,ɾasjonalis,NL
ɾasjonalisen,ɾasjonalisen,ɾasjonalis,ɾasjonalis,NL
ɾasjonalisen,ɾasjonalisen,ɾasjonalis,ɾasjonalis,NL
ɾasjonalisen,ɾasjonalisen,ɾasjonalis,ɾasjonalis,NL
ɾasjonalisen,ɾasjonalisen,ɾasjonalis,ɾasjonalis,NL
ɾasjonalisen,ɾasjonalisen,ɾasjonalis,ɾasjonalis,NL
ɾasjonalisen,ɾasjonalisen,ɾasjonalis,ɾasjonalis,NL
ɾasjonalisen,ɾasjonalisen,ɾasjonalis,ɾasjonalis,NL
ɾasjonalisen,ɾasjonalisen,ɾasjonalis,ɾasjonalis,NL
ɾasjonalisen,ɾasjonalisen,ɾasjonalis,ɾasjonalis,NL
ɾasjonalisen,ɾasjonalisen,ɾasjonalis,ɾasjonalis,NL
ɾasjonalisen,ɾasjonalisen,ɾasjonalis,ɾasjonalis,NL
ɾasjonalisen,ɾasjonalisen,ɾasjonalis,ɾasjonalis,NL
ɾasjonalisen,ɾasjonalisen,ɾasjonalis,ɾasjonalis,NL
ɾasjonalisen,ɾasjonalisen,ɾasjonalis,ɾasjonalis,NL
ɾasjonalisen,ɾasjonalisen,ɾasjonalis,ɾasjonalis,NL
ɾasjonalisen,ɾasjonalisen,ɾasjonalis,ɾasjonalis,NL
ɾasjonalisen,ɾasjonalisen,ɾasjonalis,ɾasjonalis,NL
ɾasjonalisen,ɾasjonalisen,ɾasjonalis,ɾasjonalis,NL
ɾasjonalisen,ɾasjonalisen,ɾasjonalis,ɾasjonalis,NL
ɾasjonalisen,ɾasjonalisen,ɾasjonalis,ɾasjonalis,NL
ɾasjonalisen,ɾasjonalisen,ɾasjonalis,ɾasjonalis,NL
ɾasjonalisen,ɾasjonalisen,ɾasjonalis,ɾasjonalis,NL
ɾasjonalisen,ɾasjonalisen,ɾasjonalis,ɾasjonalis,NL
ɾasjonalisen,ɾasjonalisen,ɾasjonalis,ɾasjonalis,NL
ɾasjonalisen,ɾasjonalisen,ɾasjonalis,ɾasjonalis,NL
ɾasjonalisen,ɾasjonalisen,ɾasjonalis,ɾasjonalis,NL
ɾasjonalisen,ɾasjonalisen,ɾasjonalis,ɾasjonalis,NL
ɾasjonalises,ɾasjonalises,ɾasjonalis,ɾasjonalis,NL
ɾasjonalises,ɾasjonalises,ɾasjonalis,ɾasjonalis,NL
ɾasjonalises,ɾasjonalises,ɾasjonalis,ɾasjonalis,NL
ɾasjonalises,ɾasjonalises,ɾasjonalis,ɾasjonalis,NL
ɾasjonalises,ɾasjonalises,ɾasjonalis,ɾasjonalis,NL
ɾasjonalises,ɾasjonalises,ɾasjonalis,ɾasjonalis,NL
ɾasjonalises,ɾasjonalises,ɾasjonalis,ɾasjonalis,NL
ɾasjonalises,ɾasjonalises,ɾasjonalis,ɾasjonalis,NL
ɾasjonalises,ɾasjonalises,ɾasjonalis,ɾasjonalis,NL
ɾasjonalises,ɾasjonalises,ɾasjonalis,ɾasjonalis,NL
ɾasjonalises,ɾasjonalises,ɾasjonalis,ɾasjonalis,NL
ɾasjonalises,ɾasjonalises,ɾasjonalis,ɾasjonalis,NL
ɾasjonalises,ɾasjonalises,ɾasjonalis,ɾasjonalis,NL
ɾasjonalises,ɾasjonalises,ɾasjonalis,ɾasjonalis,NL
ɾasjonalises,ɾasjonalises,ɾasjonalis,ɾasjonalis,NL
ɾasjonalises,ɾasjonalises,ɾasjonalis,ɾasjonalis,NL
ɾasjonalises,ɾasjonalises,ɾasjonalis,ɾasjonalis,NL
ɾasjonalises,ɾasjonalises,ɾasjonalis,ɾasjonalis,NL
ɾasjonalises,ɾasjonalises,ɾasjonalis,ɾasjonalis,NL
ɾasjonalises,ɾasjonalises,ɾasjonalis,ɾasjonalis,NL
ɾasjonalises,ɾasjonalises,ɾasjonalis,ɾasjonalis,NL
ɾasjonalises,ɾasjonalises,ɾasjonalis,ɾasjonalis,NL
ɾasjonalises,ɾasjonalises,ɾasjonalis,ɾasjonalis,NL
ɾasjonalises,ɾasjonalises,ɾasjonalis,ɾasjonalis,NL
ɾasjonalises,ɾasjonalises,ɾasjonalis,ɾasjonalis,NL
ɾasjonalises,ɾasjonalises,ɾasjonalis,ɾasjonalis,NL
ɾasjonalises,ɾasjonalises,ɾasjonalis,ɾasjonalis,NL
ɾasjonalises,ɾasjonalises,ɾasjonalis,ɾasjonalis,NL
ɾasjonalises,ɾasjonalises,ɾasjonalis,ɾasjonalis,NL
ɾasjonalises,ɾasjonalises,ɾasjonalis,ɾasjonalis,NL
ɾasjonalises,ɾasjonalises,ɾasjonalis,ɾasjonalis,NL
ɾasjonalises,ɾasjonalises,ɾasjonalis,ɾasjonalis,NL
ɾasjonalises,ɾasjonalises,ɾasjonalis,ɾasjonalis,NL
ɾasjonalises,ɾasjonalises,ɾasjonalis,ɾasjonalis,NL
ɾasjonalises,ɾasjonalises,ɾasjonalis,ɾasjonalis,NL
ɾasjonalises,ɾasjonalises,ɾasjonalis,ɾasjonalis,NL
ɾasjonalises,ɾasjonalises,ɾasjonalis,ɾasjonalis,NL
ɾasjonalises,ɾasjonalises,ɾasjonalis,ɾasjonalis,NL
ɾasjonalises,ɾasjonalises,ɾasjonalis,ɾasjonalis,NL
ɾasjonalises,ɾasjonalises,ɾasjonalis,ɾasjonalis,NL
ɾasjonalises,ɾasjonalises,ɾasjonalis,ɾasjonalis,NL
ɾasjonalises,ɾasjonalises,ɾasjonalis,ɾasjonalis,NL
ɾasjonalises,ɾasjonalises,ɾasjonalis,ɾasjonalis,NL
ɾasjonalises,ɾasjonalises,ɾasjonalis,ɾasjonalis,NL
ɾasjonalises,ɾasjonalises,ɾasjonalis,ɾasjonalis,NL
ɾasjonalises,ɾasjonalises,ɾasjonalis,ɾasjonalis,NL
ɾasjonalises,ɾasjonalises,ɾasjonalis,ɾasjonalis,NL
ɾasjonalises,ɾasjonalises,ɾasjonalis,ɾasjonalis,NL
ɾasjonalises,ɾasjonalises,ɾasjonalis,ɾasjonalis,NL
ɾasjonalises,ɾasjonalises,ɾasjonalis,ɾasjonalis,NL
ɾasjonalises,ɾasjonalises,ɾasjonalis,ɾasjonalis,NL
ɾasjonalises,ɾasjonalises,ɾasjonalis,ɾasjonalis,NL
ɾasjonalises,ɾasjonalises,ɾasjonalis,ɾasjonalis,NL
ɾasjonalises,ɾasjonalises,ɾasjonalis,ɾasjonalis,NL
ɾasjonalises,ɾasjonalises,ɾasjonalis,ɾasjonalis,NL
ɾasjonalise,ɾasjonalise,ɾasjonalis,ɾasjonalis,NL
ɾasjonalise,ɾasjonalise,ɾasjonalis,ɾasjonalis,NL
ɾasjonalise,ɾasjonalise,ɾasjonalis,ɾasjonalis,NL
ɾasjonalise,ɾasjonalise,ɾasjonalis,ɾasjonalis,NL
ɾasjonalise,ɾasjonalise,ɾasjonalis,ɾasjonalis,NL
ɾasjonalise,ɾasjonalise,ɾasjonalis,ɾasjonalis,NL
ɾasjonalise,ɾasjonalise,ɾasjonalis,ɾasjonalis,NL
ɾasjonalise,ɾasjonalise,ɾasjonalis,ɾasjonalis,NL
ɾasjonalise,ɾasjonalise,ɾasjonalis,ɾasjonalis,NL
ɾasjonalise,ɾasjonalise,ɾasjonalis,ɾasjonalis,NL
ɾasjonalise,ɾasjonalise,ɾasjonalis,ɾasjonalis,NL
ɾasjonalise,ɾasjonalise,ɾasjonalis,ɾasjonalis,NL
ɾasjonalise,ɾasjonalise,ɾasjonalis,ɾasjonalis,NL
ɾasjonalise,ɾasjonalise,ɾasjonalis,ɾasjonalis,NL
ɾasjonalise,ɾasjonalise,ɾasjonalis,ɾasjonalis,NL
ɾasjonalise,ɾasjonalise,ɾasjonalis,ɾasjonalis,NL
ɾasjonalise,ɾasjonalise,ɾasjonalis,ɾasjonalis,NL
ɾasjonalise,ɾasjonalise,ɾasjonalis,ɾasjonalis,NL
ɾasjonalise,ɾasjonalise,ɾasjonalis,ɾasjonalis,NL
ɾasjonalise,ɾasjonalise,ɾasjonalis,ɾasjonalis,NL
ɾasjonalise,ɾasjonalise,ɾasjonalis,ɾasjonalis,NL
ɾasjonalise,ɾasjonalise,ɾasjonalis,ɾasjonalis,NL
ɾasjonalise,ɾasjonalise,ɾasjonalis,ɾasjonalis,NL
ɾasjonalise,ɾasjonalise,ɾasjonalis,ɾasjonalis,NL
ɾasjonalise,ɾasjonalise,ɾasjonalis,ɾasjonalis,NL
ɾasjonalise,ɾasjonalise,ɾasjonalis,ɾasjonalis,NL
ɾasjonalise,ɾasjonalise,ɾasjonalis,ɾasjonalis,NL
ɾasjonalise,ɾasjonalise,ɾasjonalis,ɾasjonalis,NL
ɾasjonalise,ɾasjonalise,ɾasjonalis,ɾasjonalis,NL
ɾasjonalise,ɾasjonalise,ɾasjonalis,ɾasjonalis,NL
ɾasjonalise,ɾasjonalise,ɾasjonalis,ɾasjonalis,NL
ɾasjonalise,ɾasjonalise,ɾasjonalis,ɾasjonalis,NL
ɾasjonalise,ɾasjonalise,ɾasjonalis,ɾasjonalis,NL
ɾasjonalise,ɾasjonalise,ɾasjonalis,ɾasjonalis,NL
ɾasjonalise,ɾasjonalise,ɾasjonalis,ɾasjonalis,NL
ɾasjonalise,ɾasjonalise,ɾasjonalis,ɾasjonalis,NL
ɾasjonalise,ɾasjonalise,ɾasjonalis,ɾasjonalis,NL
ɾasjonalise,ɾasjonalise,ɾasjonalis,ɾasjonalis,NL
ɾasjonalise,ɾasjonalise,ɾasjonalis,ɾasjonalis,NL
ɾasjonalise,ɾasjonalise,ɾasjonalis,ɾasjonalis,NL
ɾasjonalise,ɾasjonalise,ɾasjonalis,ɾasjonalis,NL
ɾasjonalise,ɾasjonalise,ɾasjonalis,ɾasjonalis,NL
ɾasjonalise,ɾasjonalise,ɾasjonalis,ɾasjonalis,NL
ɾasjonalise,ɾasjonalise,ɾasjonalis,ɾasjonalis,NL
ɾasjonalise,ɾasjonalise,ɾasjonalis,ɾasjonalis,NL
ɾasjonalise,ɾasjonalise,ɾasjonalis,ɾasjonalis,NL
ɾasjonalise,ɾasjonalise,ɾasjonalis,ɾasjonalis,NL
ɾasjonalise,ɾasjonalise,ɾasjonalis,ɾasjonalis,NL
ɾasjonalise,ɾasjonalise,ɾasjonalis,ɾasjonalis,NL
ɾasjonalise,ɾasjonalise,ɾasjonalis,ɾasjonalis,NL
ɾasjonalise,ɾasjonalise,ɾasjonalis,ɾasjonalis,NL
ɾasjonalise,ɾasjonalise,ɾasjonalis,ɾasjonalis,NL
ɾasjonalise,ɾasjonalise,ɾasjonalis,ɾasjonalis,NL
ɾasjonalise,ɾasjonalise,ɾasjonalis,ɾasjonalis,NL
ɾasjonalise,ɾasjonalise,ɾasjonalis,ɾasjonalis,NL
ɾasjonalise,ɾasjonalise,ɾasjonalis,ɾasjonalis,NL
ɾasjonalise,ɾasjonalise,ɾasjonalis,ɾasjonalis,NL
ɾasjonalise,ɾasjonalise,ɾasjonalis,ɾasjonalis,NL
ɾasjonalise,ɾasjonalise,ɾasjonalis,ɾasjonalis,NL
ɾasjonalise,ɾasjonalise,ɾasjonalis,ɾasjonalis,NL
ɾasjonalise,ɾasjonalise,ɾasjonalis,ɾasjonalis,NL
ɾasjonalise,ɾasjonalise,ɾasjonalis,ɾasjonalis,NL
ɾasjonalise,ɾasjonalise,ɾasjonalis,ɾasjonalis,NL
ɾasjonalise,ɾasjonalise,ɾasjonalis,ɾasjonalis,NL
ɾasjonalise,ɾasjonalise,ɾasjonalis,ɾasjonalis,NL
ɾasjonalise,ɾasjonalise,ɾasjonalis,ɾasjonalis,NL
ɾasjonalise,ɾasjonalise,ɾasjonalis,ɾasjonalis,NL
ɾasjonalise,ɾasjonalise,ɾasjonalis,ɾasjonalis,NL
ɾasjonalise,ɾasjonalise,ɾasjonalis,ɾasjonalis,NL
ɾasjonalise,ɾasjonalise,ɾasjonalis,ɾasjonalis,NL
ɾasjonalise,ɾasjonalise,ɾasjonalis,ɾasjonalis,NL
ɾasjonalise,ɾasjonalise,ɾasjonalis,ɾasjonalis,NL
ɾasjonalise,ɾasjonalise,ɾasjonalis,ɾasjonalis,NL
ɾasjonalise,ɾasjonalise,ɾasjonalis,ɾasjonalis,NL
ɾasjonalise,ɾasjonalise,ɾasjonalis,ɾasjonalis,NL
ɾasjonalise,ɾasjonalise,ɾasjonalis,ɾasjonalis,NL
ɾasjonalise,ɾasjonalise,ɾasjonalis,ɾasjonalis,NL
ɾasjonalise,ɾasjonalise,ɾasjonalis,ɾasjonalis,NL
ɾasjonalise,ɾasjonalise,ɾasjonalis,ɾasjonalis,NL
ɾasjonalise,ɾasjonalise,ɾasjonalis,ɾasjonalis,NL
ɾasjonalise,ɾasjonalise,ɾasjonalis,ɾasjonalis,NL
ɾasjonalise,ɾasjonalise,ɾasjonalis,ɾasjonalis,NL
ɾasjonalise,ɾasjonalise,ɾasjonalis,ɾasjonalis,NL
ɾasjonalise,ɾasjonalise,ɾasjonalis,ɾasjonalis,NL
ɾasjonalise,ɾasjonalise,ɾasjonalis,ɾasjonalis,NL
ɾasjonalise,ɾasjonalise,ɾasjonalis,ɾasjonalis,NL
ɾasjonalise,ɾasjonalise,ɾasjonalis,ɾasjonalis,NL
ɾasjonalise,ɾasjonalise,ɾasjonalis,ɾasjonalis,NL
ɾasjonalise,ɾasjonalise,ɾasjonalis,ɾasjonalis,NL
ɾasjonalise,ɾasjonalise,ɾasjonalis,ɾasjonalis,NL
ɾasjonalise,ɾasjonalise,ɾasjonalis,ɾasjonalis,NL
ɾasjonalise,ɾasjonalise,ɾasjonalis,ɾasjonalis,NL
ɾasjonalise,ɾasjonalise,ɾasjonalis,ɾasjonalis,NL
ɾasjonalise,ɾasjonalise,ɾasjonalis,ɾasjonalis,NL
ɾasjonalise,ɾasjonalise,ɾasjonalis,ɾasjonalis,NL
ɾasjonalise,ɾasjonalise,ɾasjonalis,ɾasjonalis,NL
ɾasjonalise,ɾasjonalise,ɾasjonalis,ɾasjonalis,NL
ɾasjonalise,ɾasjonalise,ɾasjonalis,ɾasjonalis,NL
ɾasjonalise,ɾasjonalise,ɾasjonalis,ɾasjonalis,NL
ɾasjonalise,ɾasjonalise,ɾasjonalis,ɾasjonalis,NL
ɾasjonalise,ɾasjonalise,ɾasjonalis,ɾasjonalis,NL
ɾasjonalise,ɾasjonalise,ɾasjonalis,ɾasjonalis,NL
ɾasjonalise,ɾasjonalise,ɾasjonalis,ɾasjonalis,NL
ɾasjonalise,ɾasjonalise,ɾasjonalis,ɾasjonalis,NL
ɾasjonalise,ɾasjonalise,ɾasjonalis,ɾasjonalis,NL
ɾasjonalise,ɾasjonalise,ɾasjonalis,ɾasjonalis,NL
ɾasjonalise,ɾasjonalise,ɾasjonalis,ɾasjonalis,NL
ɾasjonalise,ɾasjonalise,ɾasjonalis,ɾasjonalis,NL
ɾasjonalise,ɾasjonalise,ɾasjonalis,ɾasjonalis,NL
ɾasjonalise,ɾasjonalise,ɾasjonalis,ɾasjonalis,NL
ɾasjonalisajs,ɾasjonalisajs,ɾasjonalis,ɾasjonalis,NL
ɾasjonalisajs,ɾasjonalisajs,ɾasjonalis,ɾasjonalis,NL
ɾasjonalisajs,ɾasjonalisajs,ɾasjonalis,ɾasjonalis,NL
ɾasjonalisajs,ɾasjonalisajs,ɾasjonalis,ɾasjonalis,NL
ɾasjonalisajs,ɾasjonalisajs,ɾasjonalis,ɾasjonalis,NL
ɾasjonalisajs,ɾasjonalisajs,ɾasjonalis,ɾasjonalis,NL
ɾasjonalisajs,ɾasjonalisajs,ɾasjonalis,ɾasjonalis,NL
ɾasjonalisajs,ɾasjonalisajs,ɾasjonalis,ɾasjonalis,NL
ɾasjonalisajs,ɾasjonalisajs,ɾasjonalis,ɾasjonalis,NL
ɾasjonalisajs,ɾasjonalisajs,ɾasjonalis,ɾasjonalis,NL
ɾasjonalisajs,ɾasjonalisajs,ɾasjonalis,ɾasjonalis,NL
ɾasjonalisajs,ɾasjonalisajs,ɾasjonalis,ɾasjonalis,NL
ɾasjonalisajs,ɾasjonalisajs,ɾasjonalis,ɾasjonalis,NL
ɾasjonalisajs,ɾasjonalisajs,ɾasjonalis,ɾasjonalis,NL
ɾasjonalisajs,ɾasjonalisajs,ɾasjonalis,ɾasjonalis,NL
ɾasjonalisajs,ɾasjonalisajs,ɾasjonalis,ɾasjonalis,NL
ɾasjonalisajs,ɾasjonalisajs,ɾasjonalis,ɾasjonalis,NL
ɾasjonalisajs,ɾasjonalisajs,ɾasjonalis,ɾasjonalis,NL
ɾasjonalisajs,ɾasjonalisajs,ɾasjonalis,ɾasjonalis,NL
ɾasjonalisajs,ɾasjonalisajs,ɾasjonalis,ɾasjonalis,NL
ɾasjonalisajs,ɾasjonalisajs,ɾasjonalis,ɾasjonalis,NL
ɾasjonalisajs,ɾasjonalisajs,ɾasjonalis,ɾasjonalis,NL
ɾasjonalisajs,ɾasjonalisajs,ɾasjonalis,ɾasjonalis,NL
ɾasjonalisajs,ɾasjonalisajs,ɾasjonalis,ɾasjonalis,NL
ɾasjonalisajs,ɾasjonalisajs,ɾasjonalis,ɾasjonalis,NL
ɾasjonalisajs,ɾasjonalisajs,ɾasjonalis,ɾasjonalis,NL
ɾasjonalisajs,ɾasjonalisajs,ɾasjonalis,ɾasjonalis,NL
ɾasjonalisajs,ɾasjonalisajs,ɾasjonalis,ɾasjonalis,NL
ɾasjonalisajs,ɾasjonalisajs,ɾasjonalis,ɾasjonalis,NL
ɾasjonalisajs,ɾasjonalisajs,ɾasjonalis,ɾasjonalis,NL
ɾasjonalisajs,ɾasjonalisajs,ɾasjonalis,ɾasjonalis,NL
ɾasjonalisajs,ɾasjonalisajs,ɾasjonalis,ɾasjonalis,NL
ɾasjonalisajs,ɾasjonalisajs,ɾasjonalis,ɾasjonalis,NL
ɾasjonalisajs,ɾasjonalisajs,ɾasjonalis,ɾasjonalis,NL
ɾasjonalisajs,ɾasjonalisajs,ɾasjonalis,ɾasjonalis,NL
ɾasjonalisajs,ɾasjonalisajs,ɾasjonalis,ɾasjonalis,NL
ɾasjonalisajs,ɾasjonalisajs,ɾasjonalis,ɾasjonalis,NL
ɾasjonalisajs,ɾasjonalisajs,ɾasjonalis,ɾasjonalis,NL
ɾasjonalisajs,ɾasjonalisajs,ɾasjonalis,ɾasjonalis,NL
ɾasjonalisajs,ɾasjonalisajs,ɾasjonalis,ɾasjonalis,NL
ɾasjonalisajs,ɾasjonalisajs,ɾasjonalis,ɾasjonalis,NL
ɾasjonalisajs,ɾasjonalisajs,ɾasjonalis,ɾasjonalis,NL
ɾasjonalisajs,ɾasjonalisajs,ɾasjonalis,ɾasjonalis,NL
ɾasjonalisajs,ɾasjonalisajs,ɾasjonalis,ɾasjonalis,NL
ɾasjonalisajs,ɾasjonalisajs,ɾasjonalis,ɾasjonalis,NL
ɾasjonalisajs,ɾasjonalisajs,ɾasjonalis,ɾasjonalis,NL
ɾasjonalisajs,ɾasjonalisajs,ɾasjonalis,ɾasjonalis,NL
ɾasjonalisajs,ɾasjonalisajs,ɾasjonalis,ɾasjonalis,NL
ɾasjonalisajs,ɾasjonalisajs,ɾasjonalis,ɾasjonalis,NL
ɾasjonalisajs,ɾasjonalisajs,ɾasjonalis,ɾasjonalis,NL
ɾasjonalisajs,ɾasjonalisajs,ɾasjonalis,ɾasjonalis,NL
ɾasjonalisajs,ɾasjonalisajs,ɾasjonalis,ɾasjonalis,NL
ɾasjonalisajs,ɾasjonalisajs,ɾasjonalis,ɾasjonalis,NL
ɾasjonalisajs,ɾasjonalisajs,ɾasjonalis,ɾasjonalis,NL
ɾasjonalisajs,ɾasjonalisajs,ɾasjonalis,ɾasjonalis,NL
ɾasjonalisamos,ɾasjonalisamos,ɾasjonalis,ɾasjonalis,NL
ɾasjonalisamos,ɾasjonalisamos,ɾasjonalis,ɾasjonalis,NL
ɾasjonalisamos,ɾasjonalisamos,ɾasjonalis,ɾasjonalis,NL
ɾasjonalisamos,ɾasjonalisamos,ɾasjonalis,ɾasjonalis,NL
ɾasjonalisamos,ɾasjonalisamos,ɾasjonalis,ɾasjonalis,NL
ɾasjonalisamos,ɾasjonalisamos,ɾasjonalis,ɾasjonalis,NL
ɾasjonalisamos,ɾasjonalisamos,ɾasjonalis,ɾasjonalis,NL
ɾasjonalisamos,ɾasjonalisamos,ɾasjonalis,ɾasjonalis,NL
ɾasjonalisamos,ɾasjonalisamos,ɾasjonalis,ɾasjonalis,NL
ɾasjonalisamos,ɾasjonalisamos,ɾasjonalis,ɾasjonalis,NL
ɾasjonalisamos,ɾasjonalisamos,ɾasjonalis,ɾasjonalis,NL
ɾasjonalisamos,ɾasjonalisamos,ɾasjonalis,ɾasjonalis,NL
ɾasjonalisamos,ɾasjonalisamos,ɾasjonalis,ɾasjonalis,NL
ɾasjonalisamos,ɾasjonalisamos,ɾasjonalis,ɾasjonalis,NL
ɾasjonalisamos,ɾasjonalisamos,ɾasjonalis,ɾasjonalis,NL
ɾasjonalisamos,ɾasjonalisamos,ɾasjonalis,ɾasjonalis,NL
ɾasjonalisamos,ɾasjonalisamos,ɾasjonalis,ɾasjonalis,NL
ɾasjonalisamos,ɾasjonalisamos,ɾasjonalis,ɾasjonalis,NL
ɾasjonalisamos,ɾasjonalisamos,ɾasjonalis,ɾasjonalis,NL
ɾasjonalisamos,ɾasjonalisamos,ɾasjonalis,ɾasjonalis,NL
ɾasjonalisamos,ɾasjonalisamos,ɾasjonalis,ɾasjonalis,NL
ɾasjonalisamos,ɾasjonalisamos,ɾasjonalis,ɾasjonalis,NL
ɾasjonalisamos,ɾasjonalisamos,ɾasjonalis,ɾasjonalis,NL
ɾasjonalisamos,ɾasjonalisamos,ɾasjonalis,ɾasjonalis,NL
ɾasjonalisamos,ɾasjonalisamos,ɾasjonalis,ɾasjonalis,NL
ɾasjonalisamos,ɾasjonalisamos,ɾasjonalis,ɾasjonalis,NL
ɾasjonalisamos,ɾasjonalisamos,ɾasjonalis,ɾasjonalis,NL
ɾasjonalisamos,ɾasjonalisamos,ɾasjonalis,ɾasjonalis,NL
ɾasjonalisamos,ɾasjonalisamos,ɾasjonalis,ɾasjonalis,NL
ɾasjonalisamos,ɾasjonalisamos,ɾasjonalis,ɾasjonalis,NL
ɾasjonalisamos,ɾasjonalisamos,ɾasjonalis,ɾasjonalis,NL
ɾasjonalisamos,ɾasjonalisamos,ɾasjonalis,ɾasjonalis,NL
ɾasjonalisamos,ɾasjonalisamos,ɾasjonalis,ɾasjonalis,NL
ɾasjonalisamos,ɾasjonalisamos,ɾasjonalis,ɾasjonalis,NL
ɾasjonalisamos,ɾasjonalisamos,ɾasjonalis,ɾasjonalis,NL
ɾasjonalisamos,ɾasjonalisamos,ɾasjonalis,ɾasjonalis,NL
ɾasjonalisamos,ɾasjonalisamos,ɾasjonalis,ɾasjonalis,NL
ɾasjonalisamos,ɾasjonalisamos,ɾasjonalis,ɾasjonalis,NL
ɾasjonalisamos,ɾasjonalisamos,ɾasjonalis,ɾasjonalis,NL
ɾasjonalisamos,ɾasjonalisamos,ɾasjonalis,ɾasjonalis,NL
ɾasjonalisamos,ɾasjonalisamos,ɾasjonalis,ɾasjonalis,NL
ɾasjonalisamos,ɾasjonalisamos,ɾasjonalis,ɾasjonalis,NL
ɾasjonalisamos,ɾasjonalisamos,ɾasjonalis,ɾasjonalis,NL
ɾasjonalisamos,ɾasjonalisamos,ɾasjonalis,ɾasjonalis,NL
ɾasjonalisamos,ɾasjonalisamos,ɾasjonalis,ɾasjonalis,NL
ɾasjonalisamos,ɾasjonalisamos,ɾasjonalis,ɾasjonalis,NL
ɾasjonalisamos,ɾasjonalisamos,ɾasjonalis,ɾasjonalis,NL
ɾasjonalisamos,ɾasjonalisamos,ɾasjonalis,ɾasjonalis,NL
ɾasjonalisamos,ɾasjonalisamos,ɾasjonalis,ɾasjonalis,NL
ɾasjonalisamos,ɾasjonalisamos,ɾasjonalis,ɾasjonalis,NL
ɾasjonalisamos,ɾasjonalisamos,ɾasjonalis,ɾasjonalis,NL
ɾasjonalisamos,ɾasjonalisamos,ɾasjonalis,ɾasjonalis,NL
ɾasjonalisamos,ɾasjonalisamos,ɾasjonalis,ɾasjonalis,NL
ɾasjonalisamos,ɾasjonalisamos,ɾasjonalis,ɾasjonalis,NL
ɾasjonalisamos,ɾasjonalisamos,ɾasjonalis,ɾasjonalis,NL
ɾasjonalisan,ɾasjonalisan,ɾasjonalis,ɾasjonalis,NL
ɾasjonalisan,ɾasjonalisan,ɾasjonalis,ɾasjonalis,NL
ɾasjonalisan,ɾasjonalisan,ɾasjonalis,ɾasjonalis,NL
ɾasjonalisan,ɾasjonalisan,ɾasjonalis,ɾasjonalis,NL
ɾasjonalisan,ɾasjonalisan,ɾasjonalis,ɾasjonalis,NL
ɾasjonalisan,ɾasjonalisan,ɾasjonalis,ɾasjonalis,NL
ɾasjonalisan,ɾasjonalisan,ɾasjonalis,ɾasjonalis,NL
ɾasjonalisan,ɾasjonalisan,ɾasjonalis,ɾasjonalis,NL
ɾasjonalisan,ɾasjonalisan,ɾasjonalis,ɾasjonalis,NL
ɾasjonalisan,ɾasjonalisan,ɾasjonalis,ɾasjonalis,NL
ɾasjonalisan,ɾasjonalisan,ɾasjonalis,ɾasjonalis,NL
ɾasjonalisan,ɾasjonalisan,ɾasjonalis,ɾasjonalis,NL
ɾasjonalisan,ɾasjonalisan,ɾasjonalis,ɾasjonalis,NL
ɾasjonalisan,ɾasjonalisan,ɾasjonalis,ɾasjonalis,NL
ɾasjonalisan,ɾasjonalisan,ɾasjonalis,ɾasjonalis,NL
ɾasjonalisan,ɾasjonalisan,ɾasjonalis,ɾasjonalis,NL
ɾasjonalisan,ɾasjonalisan,ɾasjonalis,ɾasjonalis,NL
ɾasjonalisan,ɾasjonalisan,ɾasjonalis,ɾasjonalis,NL
ɾasjonalisan,ɾasjonalisan,ɾasjonalis,ɾasjonalis,NL
ɾasjonalisan,ɾasjonalisan,ɾasjonalis,ɾasjonalis,NL
ɾasjonalisan,ɾasjonalisan,ɾasjonalis,ɾasjonalis,NL
ɾasjonalisan,ɾasjonalisan,ɾasjonalis,ɾasjonalis,NL
ɾasjonalisan,ɾasjonalisan,ɾasjonalis,ɾasjonalis,NL
ɾasjonalisan,ɾasjonalisan,ɾasjonalis,ɾasjonalis,NL
ɾasjonalisan,ɾasjonalisan,ɾasjonalis,ɾasjonalis,NL
ɾasjonalisan,ɾasjonalisan,ɾasjonalis,ɾasjonalis,NL
ɾasjonalisan,ɾasjonalisan,ɾasjonalis,ɾasjonalis,NL
ɾasjonalisan,ɾasjonalisan,ɾasjonalis,ɾasjonalis,NL
ɾasjonalisan,ɾasjonalisan,ɾasjonalis,ɾasjonalis,NL
ɾasjonalisan,ɾasjonalisan,ɾasjonalis,ɾasjonalis,NL
ɾasjonalisan,ɾasjonalisan,ɾasjonalis,ɾasjonalis,NL
ɾasjonalisan,ɾasjonalisan,ɾasjonalis,ɾasjonalis,NL
ɾasjonalisan,ɾasjonalisan,ɾasjonalis,ɾasjonalis,NL
ɾasjonalisan,ɾasjonalisan,ɾasjonalis,ɾasjonalis,NL
ɾasjonalisan,ɾasjonalisan,ɾasjonalis,ɾasjonalis,NL
ɾasjonalisan,ɾasjonalisan,ɾasjonalis,ɾasjonalis,NL
ɾasjonalisan,ɾasjonalisan,ɾasjonalis,ɾasjonalis,NL
ɾasjonalisan,ɾasjonalisan,ɾasjonalis,ɾasjonalis,NL
ɾasjonalisan,ɾasjonalisan,ɾasjonalis,ɾasjonalis,NL
ɾasjonalisan,ɾasjonalisan,ɾasjonalis,ɾasjonalis,NL
ɾasjonalisan,ɾasjonalisan,ɾasjonalis,ɾasjonalis,NL
ɾasjonalisan,ɾasjonalisan,ɾasjonalis,ɾasjonalis,NL
ɾasjonalisan,ɾasjonalisan,ɾasjonalis,ɾasjonalis,NL
ɾasjonalisan,ɾasjonalisan,ɾasjonalis,ɾasjonalis,NL
ɾasjonalisan,ɾasjonalisan,ɾasjonalis,ɾasjonalis,NL
ɾasjonalisan,ɾasjonalisan,ɾasjonalis,ɾasjonalis,NL
ɾasjonalisan,ɾasjonalisan,ɾasjonalis,ɾasjonalis,NL
ɾasjonalisan,ɾasjonalisan,ɾasjonalis,ɾasjonalis,NL
ɾasjonalisan,ɾasjonalisan,ɾasjonalis,ɾasjonalis,NL
ɾasjonalisan,ɾasjonalisan,ɾasjonalis,ɾasjonalis,NL
ɾasjonalisan,ɾasjonalisan,ɾasjonalis,ɾasjonalis,NL
ɾasjonalisan,ɾasjonalisan,ɾasjonalis,ɾasjonalis,NL
ɾasjonalisan,ɾasjonalisan,ɾasjonalis,ɾasjonalis,NL
ɾasjonalisan,ɾasjonalisan,ɾasjonalis,ɾasjonalis,NL
ɾasjonalisan,ɾasjonalisan,ɾasjonalis,ɾasjonalis,NL
ɾasjonalisas,ɾasjonalisas,ɾasjonalis,ɾasjonalis,NL
ɾasjonalisas,ɾasjonalisas,ɾasjonalis,ɾasjonalis,NL
ɾasjonalisas,ɾasjonalisas,ɾasjonalis,ɾasjonalis,NL
ɾasjonalisas,ɾasjonalisas,ɾasjonalis,ɾasjonalis,NL
ɾasjonalisas,ɾasjonalisas,ɾasjonalis,ɾasjonalis,NL
ɾasjonalisas,ɾasjonalisas,ɾasjonalis,ɾasjonalis,NL
ɾasjonalisas,ɾasjonalisas,ɾasjonalis,ɾasjonalis,NL
ɾasjonalisas,ɾasjonalisas,ɾasjonalis,ɾasjonalis,NL
ɾasjonalisas,ɾasjonalisas,ɾasjonalis,ɾasjonalis,NL
ɾasjonalisas,ɾasjonalisas,ɾasjonalis,ɾasjonalis,NL
ɾasjonalisas,ɾasjonalisas,ɾasjonalis,ɾasjonalis,NL
ɾasjonalisas,ɾasjonalisas,ɾasjonalis,ɾasjonalis,NL
ɾasjonalisas,ɾasjonalisas,ɾasjonalis,ɾasjonalis,NL
ɾasjonalisas,ɾasjonalisas,ɾasjonalis,ɾasjonalis,NL
ɾasjonalisas,ɾasjonalisas,ɾasjonalis,ɾasjonalis,NL
ɾasjonalisas,ɾasjonalisas,ɾasjonalis,ɾasjonalis,NL
ɾasjonalisas,ɾasjonalisas,ɾasjonalis,ɾasjonalis,NL
ɾasjonalisas,ɾasjonalisas,ɾasjonalis,ɾasjonalis,NL
ɾasjonalisas,ɾasjonalisas,ɾasjonalis,ɾasjonalis,NL
ɾasjonalisas,ɾasjonalisas,ɾasjonalis,ɾasjonalis,NL
ɾasjonalisas,ɾasjonalisas,ɾasjonalis,ɾasjonalis,NL
ɾasjonalisas,ɾasjonalisas,ɾasjonalis,ɾasjonalis,NL
ɾasjonalisas,ɾasjonalisas,ɾasjonalis,ɾasjonalis,NL
ɾasjonalisas,ɾasjonalisas,ɾasjonalis,ɾasjonalis,NL
ɾasjonalisas,ɾasjonalisas,ɾasjonalis,ɾasjonalis,NL
ɾasjonalisas,ɾasjonalisas,ɾasjonalis,ɾasjonalis,NL
ɾasjonalisas,ɾasjonalisas,ɾasjonalis,ɾasjonalis,NL
ɾasjonalisas,ɾasjonalisas,ɾasjonalis,ɾasjonalis,NL
ɾasjonalisas,ɾasjonalisas,ɾasjonalis,ɾasjonalis,NL
ɾasjonalisas,ɾasjonalisas,ɾasjonalis,ɾasjonalis,NL
ɾasjonalisas,ɾasjonalisas,ɾasjonalis,ɾasjonalis,NL
ɾasjonalisas,ɾasjonalisas,ɾasjonalis,ɾasjonalis,NL
ɾasjonalisas,ɾasjonalisas,ɾasjonalis,ɾasjonalis,NL
ɾasjonalisas,ɾasjonalisas,ɾasjonalis,ɾasjonalis,NL
ɾasjonalisas,ɾasjonalisas,ɾasjonalis,ɾasjonalis,NL
ɾasjonalisas,ɾasjonalisas,ɾasjonalis,ɾasjonalis,NL
ɾasjonalisas,ɾasjonalisas,ɾasjonalis,ɾasjonalis,NL
ɾasjonalisas,ɾasjonalisas,ɾasjonalis,ɾasjonalis,NL
ɾasjonalisas,ɾasjonalisas,ɾasjonalis,ɾasjonalis,NL
ɾasjonalisas,ɾasjonalisas,ɾasjonalis,ɾasjonalis,NL
ɾasjonalisas,ɾasjonalisas,ɾasjonalis,ɾasjonalis,NL
ɾasjonalisas,ɾasjonalisas,ɾasjonalis,ɾasjonalis,NL
ɾasjonalisas,ɾasjonalisas,ɾasjonalis,ɾasjonalis,NL
ɾasjonalisas,ɾasjonalisas,ɾasjonalis,ɾasjonalis,NL
ɾasjonalisas,ɾasjonalisas,ɾasjonalis,ɾasjonalis,NL
ɾasjonalisas,ɾasjonalisas,ɾasjonalis,ɾasjonalis,NL
ɾasjonalisas,ɾasjonalisas,ɾasjonalis,ɾasjonalis,NL
ɾasjonalisas,ɾasjonalisas,ɾasjonalis,ɾasjonalis,NL
ɾasjonalisas,ɾasjonalisas,ɾasjonalis,ɾasjonalis,NL
ɾasjonalisas,ɾasjonalisas,ɾasjonalis,ɾasjonalis,NL
ɾasjonalisas,ɾasjonalisas,ɾasjonalis,ɾasjonalis,NL
ɾasjonalisas,ɾasjonalisas,ɾasjonalis,ɾasjonalis,NL
ɾasjonalisas,ɾasjonalisas,ɾasjonalis,ɾasjonalis,NL
ɾasjonalisas,ɾasjonalisas,ɾasjonalis,ɾasjonalis,NL
ɾasjonalisas,ɾasjonalisas,ɾasjonalis,ɾasjonalis,NL
ɾasjonalisa,ɾasjonalisa,ɾasjonalis,ɾasjonalis,NL
ɾasjonalisa,ɾasjonalisa,ɾasjonalis,ɾasjonalis,NL
ɾasjonalisa,ɾasjonalisa,ɾasjonalis,ɾasjonalis,NL
ɾasjonalisa,ɾasjonalisa,ɾasjonalis,ɾasjonalis,NL
ɾasjonalisa,ɾasjonalisa,ɾasjonalis,ɾasjonalis,NL
ɾasjonalisa,ɾasjonalisa,ɾasjonalis,ɾasjonalis,NL
ɾasjonalisa,ɾasjonalisa,ɾasjonalis,ɾasjonalis,NL
ɾasjonalisa,ɾasjonalisa,ɾasjonalis,ɾasjonalis,NL
ɾasjonalisa,ɾasjonalisa,ɾasjonalis,ɾasjonalis,NL
ɾasjonalisa,ɾasjonalisa,ɾasjonalis,ɾasjonalis,NL
ɾasjonalisa,ɾasjonalisa,ɾasjonalis,ɾasjonalis,NL
ɾasjonalisa,ɾasjonalisa,ɾasjonalis,ɾasjonalis,NL
ɾasjonalisa,ɾasjonalisa,ɾasjonalis,ɾasjonalis,NL
ɾasjonalisa,ɾasjonalisa,ɾasjonalis,ɾasjonalis,NL
ɾasjonalisa,ɾasjonalisa,ɾasjonalis,ɾasjonalis,NL
ɾasjonalisa,ɾasjonalisa,ɾasjonalis,ɾasjonalis,NL
ɾasjonalisa,ɾasjonalisa,ɾasjonalis,ɾasjonalis,NL
ɾasjonalisa,ɾasjonalisa,ɾasjonalis,ɾasjonalis,NL
ɾasjonalisa,ɾasjonalisa,ɾasjonalis,ɾasjonalis,NL
ɾasjonalisa,ɾasjonalisa,ɾasjonalis,ɾasjonalis,NL
ɾasjonalisa,ɾasjonalisa,ɾasjonalis,ɾasjonalis,NL
ɾasjonalisa,ɾasjonalisa,ɾasjonalis,ɾasjonalis,NL
ɾasjonalisa,ɾasjonalisa,ɾasjonalis,ɾasjonalis,NL
ɾasjonalisa,ɾasjonalisa,ɾasjonalis,ɾasjonalis,NL
ɾasjonalisa,ɾasjonalisa,ɾasjonalis,ɾasjonalis,NL
ɾasjonalisa,ɾasjonalisa,ɾasjonalis,ɾasjonalis,NL
ɾasjonalisa,ɾasjonalisa,ɾasjonalis,ɾasjonalis,NL
ɾasjonalisa,ɾasjonalisa,ɾasjonalis,ɾasjonalis,NL
ɾasjonalisa,ɾasjonalisa,ɾasjonalis,ɾasjonalis,NL
ɾasjonalisa,ɾasjonalisa,ɾasjonalis,ɾasjonalis,NL
ɾasjonalisa,ɾasjonalisa,ɾasjonalis,ɾasjonalis,NL
ɾasjonalisa,ɾasjonalisa,ɾasjonalis,ɾasjonalis,NL
ɾasjonalisa,ɾasjonalisa,ɾasjonalis,ɾasjonalis,NL
ɾasjonalisa,ɾasjonalisa,ɾasjonalis,ɾasjonalis,NL
ɾasjonalisa,ɾasjonalisa,ɾasjonalis,ɾasjonalis,NL
ɾasjonalisa,ɾasjonalisa,ɾasjonalis,ɾasjonalis,NL
ɾasjonalisa,ɾasjonalisa,ɾasjonalis,ɾasjonalis,NL
ɾasjonalisa,ɾasjonalisa,ɾasjonalis,ɾasjonalis,NL
ɾasjonalisa,ɾasjonalisa,ɾasjonalis,ɾasjonalis,NL
ɾasjonalisa,ɾasjonalisa,ɾasjonalis,ɾasjonalis,NL
ɾasjonalisa,ɾasjonalisa,ɾasjonalis,ɾasjonalis,NL
ɾasjonalisa,ɾasjonalisa,ɾasjonalis,ɾasjonalis,NL
ɾasjonalisa,ɾasjonalisa,ɾasjonalis,ɾasjonalis,NL
ɾasjonalisa,ɾasjonalisa,ɾasjonalis,ɾasjonalis,NL
ɾasjonalisa,ɾasjonalisa,ɾasjonalis,ɾasjonalis,NL
ɾasjonalisa,ɾasjonalisa,ɾasjonalis,ɾasjonalis,NL
ɾasjonalisa,ɾasjonalisa,ɾasjonalis,ɾasjonalis,NL
ɾasjonalisa,ɾasjonalisa,ɾasjonalis,ɾasjonalis,NL
ɾasjonalisa,ɾasjonalisa,ɾasjonalis,ɾasjonalis,NL
ɾasjonalisa,ɾasjonalisa,ɾasjonalis,ɾasjonalis,NL
ɾasjonalisa,ɾasjonalisa,ɾasjonalis,ɾasjonalis,NL
ɾasjonalisa,ɾasjonalisa,ɾasjonalis,ɾasjonalis,NL
ɾasjonalisa,ɾasjonalisa,ɾasjonalis,ɾasjonalis,NL
ɾasjonalisa,ɾasjonalisa,ɾasjonalis,ɾasjonalis,NL
ɾasjonalisa,ɾasjonalisa,ɾasjonalis,ɾasjonalis,NL
ɾasjonaliso,ɾasjonaliso,ɾasjonalis,ɾasjonalis,NL
ɾasjonaliso,ɾasjonaliso,ɾasjonalis,ɾasjonalis,NL
ɾasjonaliso,ɾasjonaliso,ɾasjonalis,ɾasjonalis,NL
ɾasjonaliso,ɾasjonaliso,ɾasjonalis,ɾasjonalis,NL
ɾasjonaliso,ɾasjonaliso,ɾasjonalis,ɾasjonalis,NL
ɾasjonaliso,ɾasjonaliso,ɾasjonalis,ɾasjonalis,NL
ɾasjonaliso,ɾasjonaliso,ɾasjonalis,ɾasjonalis,NL
ɾasjonaliso,ɾasjonaliso,ɾasjonalis,ɾasjonalis,NL
ɾasjonaliso,ɾasjonaliso,ɾasjonalis,ɾasjonalis,NL
ɾasjonaliso,ɾasjonaliso,ɾasjonalis,ɾasjonalis,NL
ɾasjonaliso,ɾasjonaliso,ɾasjonalis,ɾasjonalis,NL
ɾasjonaliso,ɾasjonaliso,ɾasjonalis,ɾasjonalis,NL
ɾasjonaliso,ɾasjonaliso,ɾasjonalis,ɾasjonalis,NL
ɾasjonaliso,ɾasjonaliso,ɾasjonalis,ɾasjonalis,NL
ɾasjonaliso,ɾasjonaliso,ɾasjonalis,ɾasjonalis,NL
ɾasjonaliso,ɾasjonaliso,ɾasjonalis,ɾasjonalis,NL
ɾasjonaliso,ɾasjonaliso,ɾasjonalis,ɾasjonalis,NL
ɾasjonaliso,ɾasjonaliso,ɾasjonalis,ɾasjonalis,NL
ɾasjonaliso,ɾasjonaliso,ɾasjonalis,ɾasjonalis,NL
ɾasjonaliso,ɾasjonaliso,ɾasjonalis,ɾasjonalis,NL
ɾasjonaliso,ɾasjonaliso,ɾasjonalis,ɾasjonalis,NL
ɾasjonaliso,ɾasjonaliso,ɾasjonalis,ɾasjonalis,NL
ɾasjonaliso,ɾasjonaliso,ɾasjonalis,ɾasjonalis,NL
ɾasjonaliso,ɾasjonaliso,ɾasjonalis,ɾasjonalis,NL
ɾasjonaliso,ɾasjonaliso,ɾasjonalis,ɾasjonalis,NL
ɾasjonaliso,ɾasjonaliso,ɾasjonalis,ɾasjonalis,NL
ɾasjonaliso,ɾasjonaliso,ɾasjonalis,ɾasjonalis,NL
ɾasjonaliso,ɾasjonaliso,ɾasjonalis,ɾasjonalis,NL
ɾasjonaliso,ɾasjonaliso,ɾasjonalis,ɾasjonalis,NL
ɾasjonaliso,ɾasjonaliso,ɾasjonalis,ɾasjonalis,NL
ɾasjonaliso,ɾasjonaliso,ɾasjonalis,ɾasjonalis,NL
ɾasjonaliso,ɾasjonaliso,ɾasjonalis,ɾasjonalis,NL
ɾasjonaliso,ɾasjonaliso,ɾasjonalis,ɾasjonalis,NL
ɾasjonaliso,ɾasjonaliso,ɾasjonalis,ɾasjonalis,NL
ɾasjonaliso,ɾasjonaliso,ɾasjonalis,ɾasjonalis,NL
ɾasjonaliso,ɾasjonaliso,ɾasjonalis,ɾasjonalis,NL
ɾasjonaliso,ɾasjonaliso,ɾasjonalis,ɾasjonalis,NL
ɾasjonaliso,ɾasjonaliso,ɾasjonalis,ɾasjonalis,NL
ɾasjonaliso,ɾasjonaliso,ɾasjonalis,ɾasjonalis,NL
ɾasjonaliso,ɾasjonaliso,ɾasjonalis,ɾasjonalis,NL
ɾasjonaliso,ɾasjonaliso,ɾasjonalis,ɾasjonalis,NL
ɾasjonaliso,ɾasjonaliso,ɾasjonalis,ɾasjonalis,NL
ɾasjonaliso,ɾasjonaliso,ɾasjonalis,ɾasjonalis,NL
ɾasjonaliso,ɾasjonaliso,ɾasjonalis,ɾasjonalis,NL
ɾasjonaliso,ɾasjonaliso,ɾasjonalis,ɾasjonalis,NL
ɾasjonaliso,ɾasjonaliso,ɾasjonalis,ɾasjonalis,NL
ɾasjonaliso,ɾasjonaliso,ɾasjonalis,ɾasjonalis,NL
ɾasjonaliso,ɾasjonaliso,ɾasjonalis,ɾasjonalis,NL
ɾasjonaliso,ɾasjonaliso,ɾasjonalis,ɾasjonalis,NL
ɾasjonaliso,ɾasjonaliso,ɾasjonalis,ɾasjonalis,NL
ɾasjonaliso,ɾasjonaliso,ɾasjonalis,ɾasjonalis,NL
ɾasjonaliso,ɾasjonaliso,ɾasjonalis,ɾasjonalis,NL
ɾasjonaliso,ɾasjonaliso,ɾasjonalis,ɾasjonalis,NL
ɾasjonaliso,ɾasjonaliso,ɾasjonalis,ɾasjonalis,NL
ɾasjonaliso,ɾasjonaliso,ɾasjonalis,ɾasjonalis,NL
plejteajs,pleteajs,plete,plejte,NL
plejteajs,pleteajs,plete,plejte,NL
plejteajs,pleteajs,plete,plejte,NL
plejteajs,pleteajs,plete,plejte,NL
plejteajs,pleteajs,plete,plejte,NL
plejteajs,pleteajs,plete,plejte,NL
plejteajs,pleteajs,plete,plejte,NL
plejteajs,pleteajs,plete,plejte,NL
plejteajs,pleteajs,plete,plejte,NL
plejteajs,pleteajs,plete,plejte,NL
plejteajs,pleteajs,plete,plejte,NL
plejteajs,pleteajs,plete,plejte,NL
plejteajs,plejteajs,plejte,plejte,NL
plejteajs,plejteajs,plejte,plejte,NL
plejteajs,pleteajs,plete,plejte,NL
plejteajs,pleteajs,plete,plejte,NL
plejteajs,pleteajs,plete,plejte,NL
plejteajs,pleteajs,plete,plejte,NL
plejteajs,pleteajs,plete,plejte,NL
plejteajs,pleteajs,plete,plejte,NL
plejteajs,plejteajs,plejte,plejte,NL
plejteajs,plejteajs,plejte,plejte,NL
plejteajs,pleteajs,plete,plejte,NL
plejteajs,pleteajs,plete,plejte,NL
plejteajs,pleteajs,plete,plejte,NL
plejteajs,pleteajs,plete,plejte,NL
plejteajs,pleteajs,plete,plejte,NL
plejteajs,pleteajs,plete,plejte,NL
plejteajs,pleteajs,plete,plejte,NL
plejteajs,pleteajs,plete,plejte,NL
plejteajs,pleteajs,plete,plejte,NL
plejteajs,pleteajs,plete,plejte,NL
plejteajs,pleteajs,plete,plejte,NL
plejteajs,pleteajs,plete,plejte,NL
plejteajs,pleteajs,plete,plejte,NL
plejteajs,pleteajs,plete,plejte,NL
plejteajs,pleteajs,plete,plejte,NL
plejteajs,pleteajs,plete,plejte,NL
plejteajs,pleteajs,plete,plejte,NL
plejteajs,pleteajs,plete,plejte,NL
plejteajs,pleteajs,plete,plejte,NL
plejteajs,pleteajs,plete,plejte,NL
plejteajs,pleteajs,plete,plejte,NL
plejteajs,pleteajs,plete,plejte,NL
plejteajs,pleteajs,plete,plejte,NL
plejteajs,plejteajs,plejte,plejte,NL
plejteajs,plejteajs,plejte,plejte,NL
plejteajs,plejteajs,plejte,plejte,NL
plejteajs,plejteajs,plejte,plejte,NL
plejteajs,plejteajs,plejte,plejte,NL
plejteajs,plejteajs,plejte,plejte,NL
plejteajs,plejteajs,plejte,plejte,NL
plejteajs,pleteajs,plete,plejte,NL
plejteajs,pleteajs,plete,plejte,NL
plejteajs,pleteajs,plete,plejte,NL
plejteamos,pleteamos,plete,plejte,NL
plejteamos,pleteamos,plete,plejte,NL
plejteamos,pleteamos,plete,plejte,NL
plejteamos,pleteamos,plete,plejte,NL
plejteamos,pleɡamos,pleɡ,plejte,NL
plejteamos,pleteamos,plete,plejte,NL
plejteamos,pleteamos,plete,plejte,NL
plejteamos,pleteamos,plete,plejte,NL
plejteamos,pleteamos,plete,plejte,NL
plejteamos,pleteamos,plete,plejte,NL
plejteamos,pleteamos,plete,plejte,NL
plejteamos,pleteamos,plete,plejte,NL
plejteamos,plejteamos,plejte,plejte,NL
plejteamos,plejteamos,plejte,plejte,NL
plejteamos,pleteamos,plete,plejte,NL
plejteamos,pleteamos,plete,plejte,NL
plejteamos,pleteamos,plete,plejte,NL
plejteamos,pleteamos,plete,plejte,NL
plejteamos,pleteamos,plete,plejte,NL
plejteamos,pleteamos,plete,plejte,NL
plejteamos,plejteamos,plejte,plejte,NL
plejteamos,plejteamos,plejte,plejte,NL
plejteamos,pleteamos,plete,plejte,NL
plejteamos,pleteamos,plete,plejte,NL
plejteamos,pleteamos,plete,plejte,NL
plejteamos,pleteamos,plete,plejte,NL
plejteamos,pleteamos,plete,plejte,NL
plejteamos,pleteamos,plete,plejte,NL
plejteamos,pleteamos,plete,plejte,NL
plejteamos,pleteamos,plete,plejte,NL
plejteamos,pleteamos,plete,plejte,NL
plejteamos,pleteamos,plete,plejte,NL
plejteamos,pleteamos,plete,plejte,NL
plejteamos,pleteamos,plete,plejte,NL
plejteamos,pleteamos,plete,plejte,NL
plejteamos,pleteamos,plete,plejte,NL
plejteamos,pleteamos,plete,plejte,NL
plejteamos,pleteamos,plete,plejte,NL
plejteamos,pleteamos,plete,plejte,NL
plejteamos,pleteamos,plete,plejte,NL
plejteamos,pleteamos,plete,plejte,NL
plejteamos,pleteamos,plete,plejte,NL
plejteamos,pleteamos,plete,plejte,NL
plejteamos,pleteamos,plete,plejte,NL
plejteamos,pleteamos,plete,plejte,NL
plejteamos,pleteamos,plete,plejte,NL
plejteamos,pleteamos,plete,plejte,NL
plejteamos,pleteamos,plete,plejte,NL
plejteamos,pleteamos,plete,plejte,NL
plejteamos,pleteamos,plete,plejte,NL
plejteamos,pleteamos,plete,plejte,NL
plejteamos,pleteamos,plete,plejte,NL
plejteamos,pleteamos,plete,plejte,NL
plejteamos,pleteamos,plete,plejte,NL
plejteamos,pleteamos,plete,plejte,NL
plejtean,plejetan,plejet,plejte,NL
plejtean,plejetan,plejet,plejte,NL
plejtean,plejetan,plejet,plejte,NL
plejtean,plejetan,plejet,plejte,NL
plejtean,plejetan,plejet,plejte,NL
plejtean,plejetan,plejet,plejte,NL
plejtean,plejetan,plejet,plejte,NL
plejtean,plejetan,plejet,plejte,NL
plejtean,plejetan,plejet,plejte,NL
plejtean,plejetan,plejet,plejte,NL
plejtean,plejetan,plejet,plejte,NL
plejtean,plejetan,plejet,plejte,NL
plejtean,plejetan,plejet,plejte,NL
plejtean,plejetan,plejet,plejte,NL
plejtean,plejetan,plejet,plejte,NL
plejtean,plejetan,plejet,plejte,NL
plejtean,plejetan,plejet,plejte,NL
plejtean,plejetan,plejet,plejte,NL
plejtean,plejetan,plejet,plejte,NL
plejtean,pletean,plete,plejte,NL
plejtean,plejetan,plejet,plejte,NL
plejtean,plejetan,plejet,plejte,NL
plejtean,pletean,plete,plejte,NL
plejtean,pletean,plete,plejte,NL
plejtean,pletean,plete,plejte,NL
plejtean,pletean,plete,plejte,NL
plejtean,pletean,plete,plejte,NL
plejtean,pletean,plete,plejte,NL
plejtean,pletean,plete,plejte,NL
plejtean,pletean,plete,plejte,NL
plejtean,pletean,plete,plejte,NL
plejtean,pletean,plete,plejte,NL
plejtean,pletean,plete,plejte,NL
plejtean,pletean,plete,plejte,NL
plejtean,pletean,plete,plejte,NL
plejtean,pletean,plete,plejte,NL
plejtean,pletean,plete,plejte,NL
plejtean,pletean,plete,plejte,NL
plejtean,pletean,plete,plejte,NL
plejtean,pletean,plete,plejte,NL
plejtean,pletean,plete,plejte,NL
plejtean,pletean,plete,plejte,NL
plejtean,pletean,plete,plejte,NL
plejtean,pletean,plete,plejte,NL
plejtean,pletean,plete,plejte,NL
plejtean,pletean,plete,plejte,NL
plejtean,pletean,plete,plejte,NL
plejtean,pletean,plete,plejte,NL
plejtean,pletean,plete,plejte,NL
plejtean,pletean,plete,plejte,NL
plejtean,pletean,plete,plejte,NL
plejtean,pletean,plete,plejte,NL
plejtean,pletean,plete,plejte,NL
plejtean,pletean,plete,plejte,NL
plejtean,pletean,plete,plejte,NL
plejteas,plejetas,plejet,plejte,NL
plejteas,plejetas,plejet,plejte,NL
plejteas,plejetas,plejet,plejte,NL
plejteas,plejetas,plejet,plejte,NL
plejteas,plejetas,plejet,plejte,NL
plejteas,plejetas,plejet,plejte,NL
plejteas,plejetas,plejet,plejte,NL
plejteas,plejetas,plejet,plejte,NL
plejteas,plejetas,plejet,plejte,NL
plejteas,plejetas,plejet,plejte,NL
plejteas,plejetas,plejet,plejte,NL
plejteas,plejetas,plejet,plejte,NL
plejteas,plejetas,plejet,plejte,NL
plejteas,plejetas,plejet,plejte,NL
plejteas,plejetas,plejet,plejte,NL
plejteas,plejetas,plejet,plejte,NL
plejteas,plejetas,plejet,plejte,NL
plejteas,plejetas,plejet,plejte,NL
plejteas,plejetas,plejet,plejte,NL
plejteas,pleteas,plete,plejte,NL
plejteas,pljetas,pljet,plejte,NL
plejteas,pljetas,pljet,plejte,NL
plejteas,pleteas,plete,plejte,NL
plejteas,pleteas,plete,plejte,NL
plejteas,pleteas,plete,plejte,NL
plejteas,pleteas,plete,plejte,NL
plejteas,pleteas,plete,plejte,NL
plejteas,pleteas,plete,plejte,NL
plejteas,pleteas,plete,plejte,NL
plejteas,pleteas,plete,plejte,NL
plejteas,pleteas,plete,plejte,NL
plejteas,pleteas,plete,plejte,NL
plejteas,pleteas,plete,plejte,NL
plejteas,pleteas,plete,plejte,NL
plejteas,plejetas,plejet,plejte,NL
plejteas,pleteas,plete,plejte,NL
plejteas,pleteas,plete,plejte,NL
plejteas,pleteas,plete,plejte,NL
plejteas,pleteas,plete,plejte,NL
plejteas,pleteas,plete,plejte,NL
plejteas,pleteas,plete,plejte,NL
plejteas,pleteas,plete,plejte,NL
plejteas,pleteas,plete,plejte,NL
plejteas,pleteas,plete,plejte,NL
plejteas,pleteas,plete,plejte,NL
plejteas,pleteas,plete,plejte,NL
plejteas,pleteas,plete,plejte,NL
plejteas,pleteas,plete,plejte,NL
plejteas,pleteas,plete,plejte,NL
plejteas,pleteas,plete,plejte,NL
plejteas,pleteas,plete,plejte,NL
plejteas,pleteas,plete,plejte,NL
plejteas,pleteas,plete,plejte,NL
plejteas,pleteas,plete,plejte,NL
plejteas,pleteas,plete,plejte,NL
plejtea,plejeta,plejet,plejte,NL
plejtea,plejeta,plejet,plejte,NL
plejtea,plejeta,plejet,plejte,NL
plejtea,plejeta,plejet,plejte,NL
plejtea,plejeta,plejet,plejte,NL
plejtea,plejeta,plejet,plejte,NL
plejtea,plejeta,plejet,plejte,NL
plejtea,plejeta,plejet,plejte,NL
plejtea,plejeta,plejet,plejte,NL
plejtea,plejeta,plejet,plejte,NL
plejtea,plejeta,plejet,plejte,NL
plejtea,plejeta,plejet,plejte,NL
plejtea,plejeta,plejet,plejte,NL
plejtea,plejeta,plejet,plejte,NL
plejtea,plejeta,plejet,plejte,NL
plejtea,plejeta,plejet,plejte,NL
plejtea,plejeta,plejet,plejte,NL
plejtea,plejeta,plejet,plejte,NL
plejtea,plejeta,plejet,plejte,NL
plejtea,pletea,plete,plejte,NL
plejtea,plejeta,plejet,plejte,NL
plejtea,pljeta,pljet,plejte,NL
plejtea,pletea,plete,plejte,NL
plejtea,pletea,plete,plejte,NL
plejtea,pletea,plete,plejte,NL
plejtea,pletea,plete,plejte,NL
plejtea,pletea,plete,plejte,NL
plejtea,plejeta,plejet,plejte,NL
plejtea,plejeta,plejet,plejte,NL
plejtea,pletea,plete,plejte,NL
plejtea,pletea,plete,plejte,NL
plejtea,pletea,plete,plejte,NL
plejtea,pletea,plete,plejte,NL
plejtea,pletea,plete,plejte,NL
plejtea,plejeta,plejet,plejte,NL
plejtea,pletea,plete,plejte,NL
plejtea,pletea,plete,plejte,NL
plejtea,pletea,plete,plejte,NL
plejtea,pletea,plete,plejte,NL
plejtea,pletea,plete,plejte,NL
plejtea,pletea,plete,plejte,NL
plejtea,pletea,plete,plejte,NL
plejtea,pletea,plete,plejte,NL
plejtea,pletea,plete,plejte,NL
plejtea,pletea,plete,plejte,NL
plejtea,pletea,plete,plejte,NL
plejtea,pletea,plete,plejte,NL
plejtea,pletea,plete,plejte,NL
plejtea,pletea,plete,plejte,NL
plejtea,pletea,plete,plejte,NL
plejtea,pletea,plete,plejte,NL
plejtea,pletea,plete,plejte,NL
plejtea,pletea,plete,plejte,NL
plejtea,pletea,plete,plejte,NL
plejtea,pletea,plete,plejte,NL
plejteejs,pleteejs,plete,plejte,NL
plejteejs,pleteejs,plete,plejte,NL
plejteejs,pleteejs,plete,plejte,NL
plejteejs,pleteejs,plete,plejte,NL
plejteejs,pleteejs,plete,plejte,NL
plejteejs,pleteejs,plete,plejte,NL
plejteejs,pleteejs,plete,plejte,NL
plejteejs,pleteejs,plete,plejte,NL
plejteejs,pleteejs,plete,plejte,NL
plejteejs,pleteejs,plete,plejte,NL
plejteejs,pleteejs,plete,plejte,NL
plejteejs,plejetejs,plejet,plejte,NL
plejteejs,plejetejs,plejet,plejte,NL
plejteejs,pleteejs,plete,plejte,NL
plejteejs,pleteejs,plete,plejte,NL
plejteejs,plejetejs,plejet,plejte,NL
plejteejs,pleteejs,plete,plejte,NL
plejteejs,pleteejs,plete,plejte,NL
plejteejs,plejetejs,plejet,plejte,NL
plejteejs,pleteejs,plete,plejte,NL
plejteejs,pleteejs,plete,plejte,NL
plejteejs,plejteejs,plejte,plejte,NL
plejteejs,pleteejs,plete,plejte,NL
plejteejs,pleteejs,plete,plejte,NL
plejteejs,pleteejs,plete,plejte,NL
plejteejs,pleteejs,plete,plejte,NL
plejteejs,pleteejs,plete,plejte,NL
plejteejs,pleteejs,plete,plejte,NL
plejteejs,plejteejs,plejte,plejte,NL
plejteejs,pleteejs,plete,plejte,NL
plejteejs,pleteejs,plete,plejte,NL
plejteejs,pleteejs,plete,plejte,NL
plejteejs,pleteejs,plete,plejte,NL
plejteejs,pleteejs,plete,plejte,NL
plejteejs,pleteejs,plete,plejte,NL
plejteejs,pleteejs,plete,plejte,NL
plejteejs,pleteejs,plete,plejte,NL
plejteejs,pleteejs,plete,plejte,NL
plejteejs,pleteejs,plete,plejte,NL
plejteejs,pleteejs,plete,plejte,NL
plejteejs,pleteejs,plete,plejte,NL
plejteejs,pleteejs,plete,plejte,NL
plejteejs,pleteejs,plete,plejte,NL
plejteejs,pleteejs,plete,plejte,NL
plejteejs,pleteejs,plete,plejte,NL
plejteejs,plejteejs,plejte,plejte,NL
plejteejs,plejteejs,plejte,plejte,NL
plejteejs,pleteejs,plete,plejte,NL
plejteejs,pleteejs,plete,plejte,NL
plejteejs,pleteejs,plete,plejte,NL
plejteejs,pleteejs,plete,plejte,NL
plejteejs,pleteejs,plete,plejte,NL
plejteejs,pleteejs,plete,plejte,NL
plejteejs,pleteejs,plete,plejte,NL
plejteejs,pleteejs,plete,plejte,NL
plejteemos,pleteemos,plete,plejte,NL
plejteemos,pleteemos,plete,plejte,NL
plejteemos,pleteemos,plete,plejte,NL
plejteemos,pleteemos,plete,plejte,NL
plejteemos,pleteemos,plete,plejte,NL
plejteemos,pleteemos,plete,plejte,NL
plejteemos,plejetemos,plejet,plejte,NL
plejteemos,plejetemos,plejet,plejte,NL
plejteemos,pleteemos,plete,plejte,NL
plejteemos,plejetemos,plejet,plejte,NL
plejteemos,plejetemos,plejet,plejte,NL
plejteemos,plejetemos,plejet,plejte,NL
plejteemos,plejetemos,plejet,plejte,NL
plejteemos,pleteemos,plete,plejte,NL
plejteemos,plejetemos,plejet,plejte,NL
plejteemos,plejetemos,plejet,plejte,NL
plejteemos,plejetemos,plejet,plejte,NL
plejteemos,plejetemos,plejet,plejte,NL
plejteemos,plejetemos,plejet,plejte,NL
plejteemos,pleteemos,plete,plejte,NL
plejteemos,pleteemos,plete,plejte,NL
plejteemos,plejteemos,plejte,plejte,NL
plejteemos,pleteemos,plete,plejte,NL
plejteemos,pleteemos,plete,plejte,NL
plejteemos,pleteemos,plete,plejte,NL
plejteemos,pleteemos,plete,plejte,NL
plejteemos,pleteemos,plete,plejte,NL
plejteemos,pleteemos,plete,plejte,NL
plejteemos,pleteemos,plete,plejte,NL
plejteemos,pleteemos,plete,plejte,NL
plejteemos,pleteemos,plete,plejte,NL
plejteemos,pleteemos,plete,plejte,NL
plejteemos,pleteemos,plete,plejte,NL
plejteemos,pleteemos,plete,plejte,NL
plejteemos,pleteemos,plete,plejte,NL
plejteemos,pleteemos,plete,plejte,NL
plejteemos,pleteemos,plete,plejte,NL
plejteemos,pleteemos,plete,plejte,NL
plejteemos,pleteemos,plete,plejte,NL
plejteemos,pleteemos,plete,plejte,NL
plejteemos,pleteemos,plete,plejte,NL
plejteemos,pleteemos,plete,plejte,NL
plejteemos,pleteemos,plete,plejte,NL
plejteemos,pleteemos,plete,plejte,NL
plejteemos,pleteemos,plete,plejte,NL
plejteemos,pleteemos,plete,plejte,NL
plejteemos,pleteemos,plete,plejte,NL
plejteemos,pleteemos,plete,plejte,NL
plejteemos,pleteemos,plete,plejte,NL
plejteemos,pleteemos,plete,plejte,NL
plejteemos,pleteemos,plete,plejte,NL
plejteemos,pleteemos,plete,plejte,NL
plejteemos,pleteemos,plete,plejte,NL
plejteemos,pleteemos,plete,plejte,NL
plejteemos,pleteemos,plete,plejte,NL
plejteen,plejeten,plejet,plejte,NL
plejteen,plejeten,plejet,plejte,NL
plejteen,plejeten,plejet,plejte,NL
plejteen,plejeten,plejet,plejte,NL
plejteen,plejeten,plejet,plejte,NL
plejteen,plejeten,plejet,plejte,NL
plejteen,plejeten,plejet,plejte,NL
plejteen,plejeten,plejet,plejte,NL
plejteen,plejeten,plejet,plejte,NL
plejteen,plejeten,plejet,plejte,NL
plejteen,plejeten,plejet,plejte,NL
plejteen,plejeten,plejet,plejte,NL
plejteen,plejeten,plejet,plejte,NL
plejteen,plejeten,plejet,plejte,NL
plejteen,plejeten,plejet,plejte,NL
plejteen,plejeten,plejet,plejte,NL
plejteen,plejeten,plejet,plejte,NL
plejteen,plejeten,plejet,plejte,NL
plejteen,plejeten,plejet,plejte,NL
plejteen,pleteen,plete,plejte,NL
plejteen,pleteen,plete,plejte,NL
plejteen,plejeten,plejet,plejte,NL
plejteen,plejeten,plejet,plejte,NL
plejteen,pleteen,plete,plejte,NL
plejteen,pleteen,plete,plejte,NL
plejteen,pleteen,plete,plejte,NL
plejteen,pleteen,plete,plejte,NL
plejteen,pleteen,plete,plejte,NL
plejteen,plejeten,plejet,plejte,NL
plejteen,plejeten,plejet,plejte,NL
plejteen,pleteen,plete,plejte,NL
plejteen,pleteen,plete,plejte,NL
plejteen,pleteen,plete,plejte,NL
plejteen,pleteen,plete,plejte,NL
plejteen,pleteen,plete,plejte,NL
plejteen,pleteen,plete,plejte,NL
plejteen,pleteen,plete,plejte,NL
plejteen,pleteen,plete,plejte,NL
plejteen,pleteen,plete,plejte,NL
plejteen,pleteen,plete,plejte,NL
plejteen,plejeten,plejet,plejte,NL
plejteen,pleteen,plete,plejte,NL
plejteen,pleteen,plete,plejte,NL
plejteen,pleteen,plete,plejte,NL
plejteen,pleteen,plete,plejte,NL
plejteen,pleteen,plete,plejte,NL
plejteen,pleteen,plete,plejte,NL
plejteen,pleteen,plete,plejte,NL
plejteen,plejeten,plejet,plejte,NL
plejteen,pleteen,plete,plejte,NL
plejteen,pleteen,plete,plejte,NL
plejteen,pleteen,plete,plejte,NL
plejteen,pleteen,plete,plejte,NL
plejteen,pleteen,plete,plejte,NL
plejteen,pleteen,plete,plejte,NL
plejtees,plejetes,plejet,plejte,NL
plejtees,plejetes,plejet,plejte,NL
plejtees,plejetes,plejet,plejte,NL
plejtees,plejetes,plejet,plejte,NL
plejtees,plejetes,plejet,plejte,NL
plejtees,plejetes,plejet,plejte,NL
plejtees,plejetes,plejet,plejte,NL
plejtees,plejetes,plejet,plejte,NL
plejtees,plejetes,plejet,plejte,NL
plejtees,plejetes,plejet,plejte,NL
plejtees,plejetes,plejet,plejte,NL
plejtees,plejetes,plejet,plejte,NL
plejtees,plejetes,plejet,plejte,NL
plejtees,plejetes,plejet,plejte,NL
plejtees,plejetes,plejet,plejte,NL
plejtees,plejetes,plejet,plejte,NL
plejtees,plejetes,plejet,plejte,NL
plejtees,plejetes,plejet,plejte,NL
plejtees,plejetes,plejet,plejte,NL
plejtees,pletees,plete,plejte,NL
plejtees,pletees,plete,plejte,NL
plejtees,plejetes,plejet,plejte,NL
plejtees,plejetes,plejet,plejte,NL
plejtees,pletees,plete,plejte,NL
plejtees,pletees,plete,plejte,NL
plejtees,pletees,plete,plejte,NL
plejtees,pletees,plete,plejte,NL
plejtees,pletees,plete,plejte,NL
plejtees,plejetes,plejet,plejte,NL
plejtees,plejetes,plejet,plejte,NL
plejtees,pletees,plete,plejte,NL
plejtees,pletees,plete,plejte,NL
plejtees,pletees,plete,plejte,NL
plejtees,pletees,plete,plejte,NL
plejtees,pletees,plete,plejte,NL
plejtees,pletees,plete,plejte,NL
plejtees,pletees,plete,plejte,NL
plejtees,pletees,plete,plejte,NL
plejtees,pletees,plete,plejte,NL
plejtees,pletees,plete,plejte,NL
plejtees,plejetes,plejet,plejte,NL
plejtees,pletees,plete,plejte,NL
plejtees,pletees,plete,plejte,NL
plejtees,pletees,plete,plejte,NL
plejtees,pletees,plete,plejte,NL
plejtees,pletees,plete,plejte,NL
plejtees,pletees,plete,plejte,NL
plejtees,pletees,plete,plejte,NL
plejtees,plejetes,plejet,plejte,NL
plejtees,pletees,plete,plejte,NL
plejtees,pletees,plete,plejte,NL
plejtees,pletees,plete,plejte,NL
plejtees,pletees,plete,plejte,NL
plejtees,pletees,plete,plejte,NL
plejtees,pletees,plete,plejte,NL
plejtee,plejete,plejet,plejte,NL
plejtee,plejete,plejet,plejte,NL
plejtee,plejete,plejet,plejte,NL
plejtee,plejete,plejet,plejte,NL
plejtee,plejete,plejet,plejte,NL
plejtee,plejete,plejet,plejte,NL
plejtee,plejete,plejet,plejte,NL
plejtee,plejete,plejet,plejte,NL
plejtee,plejete,plejet,plejte,NL
plejtee,plejete,plejet,plejte,NL
plejtee,plejete,plejet,plejte,NL
plejtee,plejete,plejet,plejte,NL
plejtee,plejete,plejet,plejte,NL
plejtee,plejete,plejet,plejte,NL
plejtee,plejete,plejet,plejte,NL
plejtee,plejete,plejet,plejte,NL
plejtee,plejete,plejet,plejte,NL
plejtee,plejete,plejet,plejte,NL
plejtee,plejete,plejet,plejte,NL
plejtee,pletee,plete,plejte,NL
plejtee,pletee,plete,plejte,NL
plejtee,plejete,plejet,plejte,NL
plejtee,plejete,plejet,plejte,NL
plejtee,pletee,plete,plejte,NL
plejtee,pletee,plete,plejte,NL
plejtee,pletee,plete,plejte,NL
plejtee,pletee,plete,plejte,NL
plejtee,pletee,plete,plejte,NL
plejtee,plejete,plejet,plejte,NL
plejtee,plejete,plejet,plejte,NL
plejtee,pletee,plete,plejte,NL
plejtee,pletee,plete,plejte,NL
plejtee,pletee,plete,plejte,NL
plejtee,pletee,plete,plejte,NL
plejtee,pletee,plete,plejte,NL
plejtee,pletee,plete,plejte,NL
plejtee,pletee,plete,plejte,NL
plejtee,pletee,plete,plejte,NL
plejtee,pletee,plete,plejte,NL
plejtee,pletee,plete,plejte,NL
plejtee,plejete,plejet,plejte,NL
plejtee,pletee,plete,plejte,NL
plejtee,pletee,plete,plejte,NL
plejtee,pletee,plete,plejte,NL
plejtee,pletee,plete,plejte,NL
plejtee,pletee,plete,plejte,NL
plejtee,pletee,plete,plejte,NL
plejtee,pletee,plete,plejte,NL
plejtee,plejete,plejet,plejte,NL
plejtee,pletee,plete,plejte,NL
plejtee,pletee,plete,plejte,NL
plejtee,pletee,plete,plejte,NL
plejtee,pletee,plete,plejte,NL
plejtee,pletee,plete,plejte,NL
plejtee,pletee,plete,plejte,NL
plejtee,plejete,plejet,plejte,NL
plejtee,plejete,plejet,plejte,NL
plejtee,plejete,plejet,plejte,NL
plejtee,plejete,plejet,plejte,NL
plejtee,plejete,plejet,plejte,NL
plejtee,plejete,plejet,plejte,NL
plejtee,plejete,plejet,plejte,NL
plejtee,plejete,plejet,plejte,NL
plejtee,plejete,plejet,plejte,NL
plejtee,plejete,plejet,plejte,NL
plejtee,plejete,plejet,plejte,NL
plejtee,plejete,plejet,plejte,NL
plejtee,plejete,plejet,plejte,NL
plejtee,plejete,plejet,plejte,NL
plejtee,plejete,plejet,plejte,NL
plejtee,plejete,plejet,plejte,NL
plejtee,plejete,plejet,plejte,NL
plejtee,plejete,plejet,plejte,NL
plejtee,plejete,plejet,plejte,NL
plejtee,pletee,plete,plejte,NL
plejtee,pletee,plete,plejte,NL
plejtee,plejete,plejet,plejte,NL
plejtee,plejete,plejet,plejte,NL
plejtee,pletee,plete,plejte,NL
plejtee,pletee,plete,plejte,NL
plejtee,pletee,plete,plejte,NL
plejtee,pletee,plete,plejte,NL
plejtee,pletee,plete,plejte,NL
plejtee,plejete,plejet,plejte,NL
plejtee,plejete,plejet,plejte,NL
plejtee,pletee,plete,plejte,NL
plejtee,pletee,plete,plejte,NL
plejtee,pletee,plete,plejte,NL
plejtee,pletee,plete,plejte,NL
plejtee,pletee,plete,plejte,NL
plejtee,pletee,plete,plejte,NL
plejtee,pletee,plete,plejte,NL
plejtee,pletee,plete,plejte,NL
plejtee,pletee,plete,plejte,NL
plejtee,pletee,plete,plejte,NL
plejtee,plejete,plejet,plejte,NL
plejtee,pletee,plete,plejte,NL
plejtee,pletee,plete,plejte,NL
plejtee,pletee,plete,plejte,NL
plejtee,pletee,plete,plejte,NL
plejtee,pletee,plete,plejte,NL
plejtee,pletee,plete,plejte,NL
plejtee,pletee,plete,plejte,NL
plejtee,pletee,plete,plejte,NL
plejtee,pletee,plete,plejte,NL
plejtee,pletee,plete,plejte,NL
plejtee,pletee,plete,plejte,NL
plejtee,pletee,plete,plejte,NL
plejtee,pletee,plete,plejte,NL
plejtee,pletee,plete,plejte,NL
plejteo,plejeto,plejet,plejte,NL
plejteo,plejeto,plejet,plejte,NL
plejteo,plejeto,plejet,plejte,NL
plejteo,plejeto,plejet,plejte,NL
plejteo,plejeto,plejet,plejte,NL
plejteo,plejeto,plejet,plejte,NL
plejteo,plejeto,plejet,plejte,NL
plejteo,plejeto,plejet,plejte,NL
plejteo,plejeto,plejet,plejte,NL
plejteo,plejeto,plejet,plejte,NL
plejteo,plejeto,plejet,plejte,NL
plejteo,plejeto,plejet,plejte,NL
plejteo,plejeto,plejet,plejte,NL
plejteo,plejeto,plejet,plejte,NL
plejteo,plejeto,plejet,plejte,NL
plejteo,plejeto,plejet,plejte,NL
plejteo,plejeto,plejet,plejte,NL
plejteo,plejeto,plejet,plejte,NL
plejteo,plejeto,plejet,plejte,NL
plejteo,pleteo,plete,plejte,NL
plejteo,pleteo,plete,plejte,NL
plejteo,plejeto,plejet,plejte,NL
plejteo,pljeto,pljet,plejte,NL
plejteo,pleteo,plete,plejte,NL
plejteo,pleteo,plete,plejte,NL
plejteo,pleteo,plete,plejte,NL
plejteo,pleteo,plete,plejte,NL
plejteo,pleteo,plete,plejte,NL
plejteo,plejeto,plejet,plejte,NL
plejteo,plejeto,plejet,plejte,NL
plejteo,pleteo,plete,plejte,NL
plejteo,pleteo,plete,plejte,NL
plejteo,pleteo,plete,plejte,NL
plejteo,pleteo,plete,plejte,NL
plejteo,pleteo,plete,plejte,NL
plejteo,pleteo,plete,plejte,NL
plejteo,pleteo,plete,plejte,NL
plejteo,pleteo,plete,plejte,NL
plejteo,pleteo,plete,plejte,NL
plejteo,pleteo,plete,plejte,NL
plejteo,pljeto,pljet,plejte,NL
plejteo,pleteo,plete,plejte,NL
plejteo,pleteo,plete,plejte,NL
plejteo,pleteo,plete,plejte,NL
plejteo,pleteo,plete,plejte,NL
plejteo,pleteo,plete,plejte,NL
plejteo,pleteo,plete,plejte,NL
plejteo,pleteo,plete,plejte,NL
plejteo,pleteo,plete,plejte,NL
plejteo,pleteo,plete,plejte,NL
plejteo,pleteo,plete,plejte,NL
plejteo,pleteo,plete,plejte,NL
plejteo,pleteo,plete,plejte,NL
plejteo,pleteo,plete,plejte,NL
plejteo,pleteo,plete,plejte,NL
awpajs,apuɡajs,apuɡ,awp,NL
awpajs,apuɡajs,apuɡ,awp,NL
awpajs,apuɡajs,apuɡ,awp,NL
awpajs,apuaajs,apua,awp,NL
awpajs,apuɡajs,apuɡ,awp,NL
awpajs,apuɡajs,apuɡ,awp,NL
awpajs,apuɡajs,apuɡ,awp,NL
awpajs,apuɡajs,apuɡ,awp,NL
awpajs,apuɡajs,apuɡ,awp,NL
awpajs,apuɡajs,apuɡ,awp,NL
awpajs,aupis,aup,awp,NL
awpajs,aupis,aup,awp,NL
awpajs,aupis,aup,awp,NL
awpajs,aupis,aup,awp,NL
awpajs,aupis,aup,awp,NL
awpajs,aupis,aup,awp,NL
awpajs,aupis,aup,awp,NL
awpajs,aupis,aup,awp,NL
awpajs,aupis,aup,awp,NL
awpajs,aupis,aup,awp,NL
awpajs,aupis,aup,awp,NL
awpajs,aupis,aup,awp,NL
awpajs,aupis,aup,awp,NL
awpajs,aupis,aup,awp,NL
awpajs,aupis,aup,awp,NL
awpajs,aupis,aup,awp,NL
awpajs,aupis,aup,awp,NL
awpajs,aupis,aup,awp,NL
awpajs,aupis,aup,awp,NL
awpajs,aupis,aup,awp,NL
awpajs,aupis,aup,awp,NL
awpajs,aupis,aup,awp,NL
awpajs,aupis,aup,awp,NL
awpajs,aupis,aup,awp,NL
awpajs,apuɡajs,apuɡ,awp,NL
awpajs,apuɡajs,apuɡ,awp,NL
awpajs,apuɡajs,apuɡ,awp,NL
awpajs,apuɡajs,apuɡ,awp,NL
awpajs,apuɡajs,apuɡ,awp,NL
awpajs,apuɡajs,apuɡ,awp,NL
awpajs,apuɡajs,apuɡ,awp,NL
awpajs,apuɡajs,apuɡ,awp,NL
awpajs,apuɡajs,apuɡ,awp,NL
awpajs,apuɡajs,apuɡ,awp,NL
awpajs,apuɡajs,apuɡ,awp,NL
awpajs,aupis,aup,awp,NL
awpajs,aupis,aup,awp,NL
awpajs,aupis,aup,awp,NL
awpajs,aupis,aup,awp,NL
awpajs,aupis,aup,awp,NL
awpajs,aupis,aup,awp,NL
awpajs,aupis,aup,awp,NL
awpajs,aupis,aup,awp,NL
awpajs,aupis,aup,awp,NL
awpajs,aupis,aup,awp,NL
awpamos,apuɡamos,apuɡ,awp,NL
awpamos,apuaamos,apua,awp,NL
awpamos,apuɡamos,apuɡ,awp,NL
awpamos,apuɡamos,apuɡ,awp,NL
awpamos,apuaamos,apua,awp,NL
awpamos,apuɡamos,apuɡ,awp,NL
awpamos,apuɡamos,apuɡ,awp,NL
awpamos,apuɡamos,apuɡ,awp,NL
awpamos,apuɡamos,apuɡ,awp,NL
awpamos,apuɡamos,apuɡ,awp,NL
awpamos,aupimos,aup,awp,NL
awpamos,aupimos,aup,awp,NL
awpamos,aupimos,aup,awp,NL
awpamos,aupimos,aup,awp,NL
awpamos,aupimos,aup,awp,NL
awpamos,aupimos,aup,awp,NL
awpamos,aupimos,aup,awp,NL
awpamos,aupimos,aup,awp,NL
awpamos,aupimos,aup,awp,NL
awpamos,aupimos,aup,awp,NL
awpamos,aupimos,aup,awp,NL
awpamos,aupimos,aup,awp,NL
awpamos,aupimos,aup,awp,NL
awpamos,aupimos,aup,awp,NL
awpamos,aupimos,aup,awp,NL
awpamos,aupimos,aup,awp,NL
awpamos,aupimos,aup,awp,NL
awpamos,aupimos,aup,awp,NL
awpamos,aupimos,aup,awp,NL
awpamos,aupimos,aup,awp,NL
awpamos,aupimos,aup,awp,NL
awpamos,aupimos,aup,awp,NL
awpamos,aupimos,aup,awp,NL
awpamos,aupimos,aup,awp,NL
awpamos,apuɡamos,apuɡ,awp,NL
awpamos,apuɡamos,apuɡ,awp,NL
awpamos,apuɡamos,apuɡ,awp,NL
awpamos,apuɡamos,apuɡ,awp,NL
awpamos,apuɡamos,apuɡ,awp,NL
awpamos,apuɡamos,apuɡ,awp,NL
awpamos,apuɡamos,apuɡ,awp,NL
awpamos,apuɡamos,apuɡ,awp,NL
awpamos,apuɡamos,apuɡ,awp,NL
awpamos,apuɡamos,apuɡ,awp,NL
awpamos,apuɡamos,apuɡ,awp,NL
awpamos,aupimos,aup,awp,NL
awpamos,aupimos,aup,awp,NL
awpamos,aupimos,aup,awp,NL
awpamos,aupimos,aup,awp,NL
awpamos,aupimos,aup,awp,NL
awpamos,aupimos,aup,awp,NL
awpamos,aupimos,aup,awp,NL
awpamos,aupimos,aup,awp,NL
awpamos,aupimos,aup,awp,NL
awpamos,aupimos,aup,awp,NL
aupan,apuan,apu,aup,NL
aupan,apuan,apu,aup,NL
aupan,apuan,apu,aup,NL
aupan,apuan,apu,aup,NL
aupan,apuan,apu,aup,NL
aupan,apuan,apu,aup,NL
aupan,apuan,apu,aup,NL
aupan,apuan,apu,aup,NL
aupan,apuan,apu,aup,NL
aupan,apuan,apu,aup,NL
aupan,apuan,apu,aup,NL
aupan,apuan,apu,aup,NL
aupan,apuan,apu,aup,NL
aupan,apuan,apu,aup,NL
aupan,apuan,apu,aup,NL
aupan,apuan,apu,aup,NL
aupan,apuan,apu,aup,NL
aupan,apuan,apu,aup,NL
aupan,apuan,apu,aup,NL
aupan,aupan,aup,aup,NL
aupan,aupan,aup,aup,NL
aupan,aupan,aup,aup,NL
aupan,aupan,aup,aup,NL
aupan,aupan,aup,aup,NL
aupan,aupan,aup,aup,NL
aupan,aupan,aup,aup,NL
aupan,aupan,aup,aup,NL
aupan,aupan,aup,aup,NL
aupan,aupan,aup,aup,NL
aupan,aupen,aup,aup,NL
aupan,aupen,aup,aup,NL
aupan,aupen,aup,aup,NL
aupan,aupan,aup,aup,NL
aupan,aupan,aup,aup,NL
aupan,apuan,apu,aup,NL
aupan,apuan,apu,aup,NL
aupan,apuan,apu,aup,NL
aupan,apuan,apu,aup,NL
aupan,apuan,apu,aup,NL
aupan,apuan,apu,aup,NL
aupan,apuan,apu,aup,NL
aupan,apuan,apu,aup,NL
aupan,apuan,apu,aup,NL
aupan,apuan,apu,aup,NL
aupan,apuan,apu,aup,NL
aupan,aupan,aup,aup,NL
aupan,aupen,aup,aup,NL
aupan,aupen,aup,aup,NL
aupan,aupen,aup,aup,NL
aupan,aupan,aup,aup,NL
aupan,aupan,aup,aup,NL
aupan,aupan,aup,aup,NL
aupan,aupen,aup,aup,NL
aupan,aupen,aup,aup,NL
aupan,aupen,aup,aup,NL
aupas,apuas,apu,aup,NL
aupas,apuas,apu,aup,NL
aupas,apuas,apu,aup,NL
aupas,apuas,apu,aup,NL
aupas,apuas,apu,aup,NL
aupas,apuas,apu,aup,NL
aupas,apuas,apu,aup,NL
aupas,apuas,apu,aup,NL
aupas,apuas,apu,aup,NL
aupas,apuas,apu,aup,NL
aupas,apuas,apu,aup,NL
aupas,apuas,apu,aup,NL
aupas,apuas,apu,aup,NL
aupas,apuas,apu,aup,NL
aupas,apuas,apu,aup,NL
aupas,apuas,apu,aup,NL
aupas,apuas,apu,aup,NL
aupas,apuas,apu,aup,NL
aupas,apuas,apu,aup,NL
aupas,aupes,aup,aup,NL
aupas,aupas,aup,aup,NL
aupas,aupas,aup,aup,NL
aupas,aupes,aup,aup,NL
aupas,aupas,aup,aup,NL
aupas,aupes,aup,aup,NL
aupas,aupes,aup,aup,NL
aupas,aupes,aup,aup,NL
aupas,aupes,aup,aup,NL
aupas,aupas,aup,aup,NL
aupas,aupes,aup,aup,NL
aupas,aupes,aup,aup,NL
aupas,aupas,aup,aup,NL
aupas,aupas,aup,aup,NL
aupas,aupas,aup,aup,NL
aupas,apuas,apu,aup,NL
aupas,apuas,apu,aup,NL
aupas,apuas,apu,aup,NL
aupas,apuas,apu,aup,NL
aupas,apuas,apu,aup,NL
aupas,apuas,apu,aup,NL
aupas,apuas,apu,aup,NL
aupas,apuas,apu,aup,NL
aupas,apuas,apu,aup,NL
aupas,apuas,apu,aup,NL
aupas,apuas,apu,aup,NL
aupas,aupes,aup,aup,NL
aupas,aupes,aup,aup,NL
aupas,aupes,aup,aup,NL
aupas,aupes,aup,aup,NL
aupas,aupes,aup,aup,NL
aupas,aupes,aup,aup,NL
aupas,aupes,aup,aup,NL
aupas,aupes,aup,aup,NL
aupas,aupes,aup,aup,NL
aupas,aupes,aup,aup,NL
aupa,apua,apu,aup,NL
aupa,apua,apu,aup,NL
aupa,apua,apu,aup,NL
aupa,apua,apu,aup,NL
aupa,apua,apu,aup,NL
aupa,apua,apu,aup,NL
aupa,apua,apu,aup,NL
aupa,apua,apu,aup,NL
aupa,apua,apu,aup,NL
aupa,apua,apu,aup,NL
aupa,apuaa,apua,aup,NL
aupa,apuaa,apua,aup,NL
aupa,apua,apu,aup,NL
aupa,apuaa,apua,aup,NL
aupa,apuaa,apua,aup,NL
aupa,apuaa,apua,aup,NL
aupa,apuaa,apua,aup,NL
aupa,apuaa,apua,aup,NL
aupa,apuaa,apua,aup,NL
aupa,aupa,aup,aup,NL
aupa,aupa,aup,aup,NL
aupa,aupa,aup,aup,NL
aupa,aupe,aup,aup,NL
aupa,aupa,aup,aup,NL
aupa,aupe,aup,aup,NL
aupa,aupe,aup,aup,NL
aupa,aupe,aup,aup,NL
aupa,aupa,aup,aup,NL
aupa,aupa,aup,aup,NL
aupa,aupa,aup,aup,NL
aupa,aupa,aup,aup,NL
aupa,aupe,aup,aup,NL
aupa,aupa,aup,aup,NL
aupa,aupa,aup,aup,NL
aupa,apuaa,apua,aup,NL
aupa,apua,apu,aup,NL
aupa,apuaa,apua,aup,NL
aupa,apua,apu,aup,NL
aupa,apua,apu,aup,NL
aupa,apua,apu,aup,NL
aupa,apua,apu,aup,NL
aupa,apuaa,apua,aup,NL
aupa,apua,apu,aup,NL
aupa,apua,apu,aup,NL
aupa,apuaa,apua,aup,NL
aupa,aupa,aup,aup,NL
aupa,aupa,aup,aup,NL
aupa,aupa,aup,aup,NL
aupa,aupa,aup,aup,NL
aupa,aupa,aup,aup,NL
aupa,aupa,aup,aup,NL
aupa,aupa,aup,aup,NL
aupa,aupe,aup,aup,NL
aupa,aupe,aup,aup,NL
aupa,aupe,aup,aup,NL
awpejs,apuɡejs,apuɡ,awp,NL
awpejs,apuɡejs,apuɡ,awp,NL
awpejs,apuɡejs,apuɡ,awp,NL
awpejs,apuɡejs,apuɡ,awp,NL
awpejs,apuɡejs,apuɡ,awp,NL
awpejs,apuɡejs,apuɡ,awp,NL
awpejs,apuɡejs,apuɡ,awp,NL
awpejs,apuɡejs,apuɡ,awp,NL
awpejs,apuɡejs,apuɡ,awp,NL
awpejs,apuɡejs,apuɡ,awp,NL
awpejs,apuɡejs,apuɡ,awp,NL
awpejs,apuɡejs,apuɡ,awp,NL
awpejs,apuɡejs,apuɡ,awp,NL
awpejs,apuɡejs,apuɡ,awp,NL
awpejs,apuɡejs,apuɡ,awp,NL
awpejs,apuɡejs,apuɡ,awp,NL
awpejs,apuɡejs,apuɡ,awp,NL
awpejs,apuɡejs,apuɡ,awp,NL
awpejs,apuɡejs,apuɡ,awp,NL
awpejs,aupajs,aup,awp,NL
awpejs,aupajs,aup,awp,NL
awpejs,aupajs,aup,awp,NL
awpejs,aupajs,aup,awp,NL
awpejs,aupajs,aup,awp,NL
awpejs,aupajs,aup,awp,NL
awpejs,aupajs,aup,awp,NL
awpejs,aupajs,aup,awp,NL
awpejs,aupajs,aup,awp,NL
awpejs,aupajs,aup,awp,NL
awpejs,aupajs,aup,awp,NL
awpejs,aupajs,aup,awp,NL
awpejs,aupajs,aup,awp,NL
awpejs,aupajs,aup,awp,NL
awpejs,aupajs,aup,awp,NL
awpejs,aupajs,aup,awp,NL
awpejs,aupajs,aup,awp,NL
awpejs,aupajs,aup,awp,NL
awpejs,aupajs,aup,awp,NL
awpejs,aupajs,aup,awp,NL
awpejs,aupajs,aup,awp,NL
awpejs,apuɡejs,apuɡ,awp,NL
awpejs,apuɡejs,apuɡ,awp,NL
awpejs,apuɡejs,apuɡ,awp,NL
awpejs,apuɡejs,apuɡ,awp,NL
awpejs,apuɡejs,apuɡ,awp,NL
awpejs,aupajs,aup,awp,NL
awpejs,aupajs,aup,awp,NL
awpejs,aupajs,aup,awp,NL
awpejs,aupajs,aup,awp,NL
awpejs,aupajs,aup,awp,NL
awpejs,aupajs,aup,awp,NL
awpejs,aupajs,aup,awp,NL
awpejs,aupajs,aup,awp,NL
awpejs,aupajs,aup,awp,NL
awpejs,aupajs,aup,awp,NL
awpemos,apuɡemos,apuɡ,awp,NL
awpemos,apuɡemos,apuɡ,awp,NL
awpemos,apuɡemos,apuɡ,awp,NL
awpemos,apuɡemos,apuɡ,awp,NL
awpemos,apuɡemos,apuɡ,awp,NL
awpemos,apuɡemos,apuɡ,awp,NL
awpemos,apuɡemos,apuɡ,awp,NL
awpemos,apuɡemos,apuɡ,awp,NL
awpemos,apuɡemos,apuɡ,awp,NL
awpemos,apuɡemos,apuɡ,awp,NL
awpemos,apuɡemos,apuɡ,awp,NL
awpemos,apuɡemos,apuɡ,awp,NL
awpemos,apuɡemos,apuɡ,awp,NL
awpemos,apuɡemos,apuɡ,awp,NL
awpemos,apuɡemos,apuɡ,awp,NL
awpemos,apuɡemos,apuɡ,awp,NL
awpemos,apuɡemos,apuɡ,awp,NL
awpemos,apuɡemos,apuɡ,awp,NL
awpemos,apuɡemos,apuɡ,awp,NL
awpemos,aupamos,aup,awp,NL
awpemos,aupamos,aup,awp,NL
awpemos,aupamos,aup,awp,NL
awpemos,aupamos,aup,awp,NL
awpemos,aupamos,aup,awp,NL
awpemos,aupamos,aup,awp,NL
awpemos,aupamos,aup,awp,NL
awpemos,aupamos,aup,awp,NL
awpemos,aupamos,aup,awp,NL
awpemos,aupamos,aup,awp,NL
awpemos,aupamos,aup,awp,NL
awpemos,aupamos,aup,awp,NL
awpemos,aupamos,aup,awp,NL
awpemos,aupamos,aup,awp,NL
awpemos,aupamos,aup,awp,NL
awpemos,aupamos,aup,awp,NL
awpemos,aupamos,aup,awp,NL
awpemos,aupamos,aup,awp,NL
awpemos,aupamos,aup,awp,NL
awpemos,aupamos,aup,awp,NL
awpemos,aupamos,aup,awp,NL
awpemos,apuɡemos,apuɡ,awp,NL
awpemos,apuɡemos,apuɡ,awp,NL
awpemos,apuɡemos,apuɡ,awp,NL
awpemos,apuɡemos,apuɡ,awp,NL
awpemos,apuɡemos,apuɡ,awp,NL
awpemos,aupamos,aup,awp,NL
awpemos,aupamos,aup,awp,NL
awpemos,aupamos,aup,awp,NL
awpemos,aupamos,aup,awp,NL
awpemos,aupamos,aup,awp,NL
awpemos,aupamos,aup,awp,NL
awpemos,aupamos,aup,awp,NL
awpemos,aupamos,aup,awp,NL
awpemos,aupamos,aup,awp,NL
awpemos,aupamos,aup,awp,NL
aupen,apuan,apu,aup,NL
aupen,apuan,apu,aup,NL
aupen,apuan,apu,aup,NL
aupen,apuɡen,apuɡ,aup,NL
aupen,apuan,apu,aup,NL
aupen,apuan,apu,aup,NL
aupen,apuan,apu,aup,NL
aupen,apuan,apu,aup,NL
aupen,apuan,apu,aup,NL
aupen,apuan,apu,aup,NL
aupen,apuɡen,apuɡ,aup,NL
aupen,apuɡen,apuɡ,aup,NL
aupen,apuɡen,apuɡ,aup,NL
aupen,apuan,apu,aup,NL
aupen,apuan,apu,aup,NL
aupen,apuɡen,apuɡ,aup,NL
aupen,apuɡen,apuɡ,aup,NL
aupen,apuɡen,apuɡ,aup,NL
aupen,apuɡen,apuɡ,aup,NL
aupen,aupan,aup,aup,NL
aupen,aupan,aup,aup,NL
aupen,aupan,aup,aup,NL
aupen,aupan,aup,aup,NL
aupen,aupan,aup,aup,NL
aupen,aupan,aup,aup,NL
aupen,aupan,aup,aup,NL
aupen,aupan,aup,aup,NL
aupen,aupan,aup,aup,NL
aupen,aupan,aup,aup,NL
aupen,aupan,aup,aup,NL
aupen,aupan,aup,aup,NL
aupen,aupan,aup,aup,NL
aupen,aupan,aup,aup,NL
aupen,aupan,aup,aup,NL
aupen,aupan,aup,aup,NL
aupen,aupan,aup,aup,NL
aupen,aupan,aup,aup,NL
aupen,aupan,aup,aup,NL
aupen,aupan,aup,aup,NL
aupen,aupan,aup,aup,NL
aupen,apuɡen,apuɡ,aup,NL
aupen,apuɡen,apuɡ,aup,NL
aupen,apuɡen,apuɡ,aup,NL
aupen,apuɡen,apuɡ,aup,NL
aupen,apuɡen,apuɡ,aup,NL
aupen,apuɡen,apuɡ,aup,NL
aupen,apuɡen,apuɡ,aup,NL
aupen,apuɡen,apuɡ,aup,NL
aupen,apuɡen,apuɡ,aup,NL
aupen,aupan,aup,aup,NL
aupen,aupan,aup,aup,NL
aupen,aupan,aup,aup,NL
aupen,aupan,aup,aup,NL
aupen,aupan,aup,aup,NL
aupen,aupan,aup,aup,NL
aupes,apuas,apu,aup,NL
aupes,apuas,apu,aup,NL
aupes,apuas,apu,aup,NL
aupes,apuas,apu,aup,NL
aupes,apuas,apu,aup,NL
aupes,apuas,apu,aup,NL
aupes,apuas,apu,aup,NL
aupes,apuas,apu,aup,NL
aupes,apuas,apu,aup,NL
aupes,apuas,apu,aup,NL
aupes,apuas,apu,aup,NL
aupes,apuɡes,apuɡ,aup,NL
aupes,apuɡes,apuɡ,aup,NL
aupes,apuas,apu,aup,NL
aupes,apuas,apu,aup,NL
aupes,apuɡes,apuɡ,aup,NL
aupes,apuɡes,apuɡ,aup,NL
aupes,apuɡes,apuɡ,aup,NL
aupes,apuɡes,apuɡ,aup,NL
aupes,aupas,aup,aup,NL
aupes,aupas,aup,aup,NL
aupes,aupas,aup,aup,NL
aupes,aupas,aup,aup,NL
aupes,aupas,aup,aup,NL
aupes,aupas,aup,aup,NL
aupes,aupas,aup,aup,NL
aupes,aupas,aup,aup,NL
aupes,aupas,aup,aup,NL
aupes,aupas,aup,aup,NL
aupes,aupas,aup,aup,NL
aupes,aupas,aup,aup,NL
aupes,aupas,aup,aup,NL
aupes,aupas,aup,aup,NL
aupes,aupas,aup,aup,NL
aupes,aupas,aup,aup,NL
aupes,aupas,aup,aup,NL
aupes,aupas,aup,aup,NL
aupes,aupas,aup,aup,NL
aupes,aupas,aup,aup,NL
aupes,aupas,aup,aup,NL
aupes,apuɡes,apuɡ,aup,NL
aupes,apuɡes,apuɡ,aup,NL
aupes,apuɡes,apuɡ,aup,NL
aupes,apuɡes,apuɡ,aup,NL
aupes,apuɡes,apuɡ,aup,NL
aupes,apuɡes,apuɡ,aup,NL
aupes,apuɡes,apuɡ,aup,NL
aupes,apuɡes,apuɡ,aup,NL
aupes,apuɡes,apuɡ,aup,NL
aupes,aupas,aup,aup,NL
aupes,aupas,aup,aup,NL
aupes,aupas,aup,aup,NL
aupes,aupas,aup,aup,NL
aupes,aupas,aup,aup,NL
aupes,aupas,aup,aup,NL
aupe,apua,apu,aup,NL
aupe,apua,apu,aup,NL
aupe,apua,apu,aup,NL
aupe,apua,apu,aup,NL
aupe,apua,apu,aup,NL
aupe,apua,apu,aup,NL
aupe,apua,apu,aup,NL
aupe,apua,apu,aup,NL
aupe,apua,apu,aup,NL
aupe,apua,apu,aup,NL
aupe,apua,apu,aup,NL
aupe,apua,apu,aup,NL
aupe,apua,apu,aup,NL
aupe,apua,apu,aup,NL
aupe,apua,apu,aup,NL
aupe,apuɡe,apuɡ,aup,NL
aupe,apuɡe,apuɡ,aup,NL
aupe,apuɡe,apuɡ,aup,NL
aupe,apuɡe,apuɡ,aup,NL
aupe,aupa,aup,aup,NL
aupe,aupa,aup,aup,NL
aupe,aupa,aup,aup,NL
aupe,aupa,aup,aup,NL
aupe,aupa,aup,aup,NL
aupe,aupa,aup,aup,NL
aupe,aupa,aup,aup,NL
aupe,aupa,aup,aup,NL
aupe,aupa,aup,aup,NL
aupe,aupa,aup,aup,NL
aupe,aupa,aup,aup,NL
aupe,aupa,aup,aup,NL
aupe,aupa,aup,aup,NL
aupe,aupa,aup,aup,NL
aupe,aupa,aup,aup,NL
aupe,aupa,aup,aup,NL
aupe,aupa,aup,aup,NL
aupe,aupa,aup,aup,NL
aupe,aupa,aup,aup,NL
aupe,aupa,aup,aup,NL
aupe,aupa,aup,aup,NL
aupe,apuɡe,apuɡ,aup,NL
aupe,apuɡe,apuɡ,aup,NL
aupe,apupe,apup,aup,NL
aupe,apuɡe,apuɡ,aup,NL
aupe,apuɡe,apuɡ,aup,NL
aupe,apuɡe,apuɡ,aup,NL
aupe,apuɡe,apuɡ,aup,NL
aupe,apuɡe,apuɡ,aup,NL
aupe,apuɡe,apuɡ,aup,NL
aupe,aupa,aup,aup,NL
aupe,aupa,aup,aup,NL
aupe,aupa,aup,aup,NL
aupe,aupa,aup,aup,NL
aupe,aupa,aup,aup,NL
aupe,aupa,aup,aup,NL
aupe,apua,apu,aup,NL
aupe,apua,apu,aup,NL
aupe,apua,apu,aup,NL
aupe,apua,apu,aup,NL
aupe,apua,apu,aup,NL
aupe,apua,apu,aup,NL
aupe,apua,apu,aup,NL
aupe,apua,apu,aup,NL
aupe,apua,apu,aup,NL
aupe,apua,apu,aup,NL
aupe,apua,apu,aup,NL
aupe,apua,apu,aup,NL
aupe,apua,apu,aup,NL
aupe,apua,apu,aup,NL
aupe,apua,apu,aup,NL
aupe,apuɡe,apuɡ,aup,NL
aupe,apuɡe,apuɡ,aup,NL
aupe,apuɡe,apuɡ,aup,NL
aupe,apuɡe,apuɡ,aup,NL
aupe,aupa,aup,aup,NL
aupe,aupa,aup,aup,NL
aupe,aupa,aup,aup,NL
aupe,aupa,aup,aup,NL
aupe,aupa,aup,aup,NL
aupe,aupa,aup,aup,NL
aupe,aupa,aup,aup,NL
aupe,aupa,aup,aup,NL
aupe,aupa,aup,aup,NL
aupe,aupa,aup,aup,NL
aupe,aupa,aup,aup,NL
aupe,aupa,aup,aup,NL
aupe,aupa,aup,aup,NL
aupe,aupa,aup,aup,NL
aupe,aupa,aup,aup,NL
aupe,aupa,aup,aup,NL
aupe,aupa,aup,aup,NL
aupe,aupa,aup,aup,NL
aupe,aupa,aup,aup,NL
aupe,aupa,aup,aup,NL
aupe,aupa,aup,aup,NL
aupe,apuɡe,apuɡ,aup,NL
aupe,apuɡe,apuɡ,aup,NL
aupe,apupe,apup,aup,NL
aupe,apuɡe,apuɡ,aup,NL
aupe,apuɡe,apuɡ,aup,NL
aupe,apuɡe,apuɡ,aup,NL
aupe,apuɡe,apuɡ,aup,NL
aupe,apuɡe,apuɡ,aup,NL
aupe,apuɡe,apuɡ,aup,NL
aupe,aupa,aup,aup,NL
aupe,aupa,aup,aup,NL
aupe,aupa,aup,aup,NL
aupe,aupa,aup,aup,NL
aupe,aupa,aup,aup,NL
aupe,aupa,aup,aup,NL
aupo,apuo,apu,aup,NL
aupo,apuo,apu,aup,NL
aupo,apuo,apu,aup,NL
aupo,apuo,apu,aup,NL
aupo,apuo,apu,aup,NL
aupo,apuo,apu,aup,NL
aupo,apuo,apu,aup,NL
aupo,apuo,apu,aup,NL
aupo,apuo,apu,aup,NL
aupo,apuo,apu,aup,NL
aupo,apuo,apu,aup,NL
aupo,apuo,apu,aup,NL
aupo,apuo,apu,aup,NL
aupo,apuo,apu,aup,NL
aupo,apuo,apu,aup,NL
aupo,apuo,apu,aup,NL
aupo,apuo,apu,aup,NL
aupo,apuo,apu,aup,NL
aupo,apuo,apu,aup,NL
aupo,aupo,aup,aup,NL
aupo,aupo,aup,aup,NL
aupo,aupo,aup,aup,NL
aupo,aupo,aup,aup,NL
aupo,aupo,aup,aup,NL
aupo,aupo,aup,aup,NL
aupo,aupo,aup,aup,NL
aupo,aupo,aup,aup,NL
aupo,aupo,aup,aup,NL
aupo,aupo,aup,aup,NL
aupo,aupo,aup,aup,NL
aupo,aupo,aup,aup,NL
aupo,aupo,aup,aup,NL
aupo,aupo,aup,aup,NL
aupo,aupo,aup,aup,NL
aupo,aupo,aup,aup,NL
aupo,aupo,aup,aup,NL
aupo,aupo,aup,aup,NL
aupo,aupo,aup,aup,NL
aupo,aupo,aup,aup,NL
aupo,aupo,aup,aup,NL
aupo,apuɡo,apuɡ,aup,NL
aupo,apuɡo,apuɡ,aup,NL
aupo,apupo,apup,aup,NL
aupo,apuɡo,apuɡ,aup,NL
aupo,apuɡo,apuɡ,aup,NL
aupo,apuɡo,apuɡ,aup,NL
aupo,apuɡo,apuɡ,aup,NL
aupo,apuɡo,apuɡ,aup,NL
aupo,apuɡo,apuɡ,aup,NL
aupo,aupo,aup,aup,NL
aupo,aupo,aup,aup,NL
aupo,aupo,aup,aup,NL
aupo,aupo,aup,aup,NL
aupo,aupo,aup,aup,NL
aupo,aupo,aup,aup,NL
deslumbɾajs,deslumbɾajs,deslumbɾ,deslumbɾ,NL
deslumbɾajs,deslumbɾajs,deslumbɾ,deslumbɾ,NL
deslumbɾajs,deslumbɾajs,deslumbɾ,deslumbɾ,NL
deslumbɾajs,deslumbɾajs,deslumbɾ,deslumbɾ,NL
deslumbɾajs,deslumbɾajs,deslumbɾ,deslumbɾ,NL
deslumbɾajs,deslumbɾajs,deslumbɾ,deslumbɾ,NL
deslumbɾajs,deslumbɾajs,deslumbɾ,deslumbɾ,NL
deslumbɾajs,deslumbɾajs,deslumbɾ,deslumbɾ,NL
deslumbɾajs,deslumbɾajs,deslumbɾ,deslumbɾ,NL
deslumbɾajs,deslumbɾajs,deslumbɾ,deslumbɾ,NL
deslumbɾajs,deslumbɾajs,deslumbɾ,deslumbɾ,NL
deslumbɾajs,deslumbɾajs,deslumbɾ,deslumbɾ,NL
deslumbɾajs,deslumbɾajs,deslumbɾ,deslumbɾ,NL
deslumbɾajs,deslumbɾajs,deslumbɾ,deslumbɾ,NL
deslumbɾajs,deslumbɾajs,deslumbɾ,deslumbɾ,NL
deslumbɾajs,deslumbɾajs,deslumbɾ,deslumbɾ,NL
deslumbɾajs,deslumbɾajs,deslumbɾ,deslumbɾ,NL
deslumbɾajs,deslumbɾajs,deslumbɾ,deslumbɾ,NL
deslumbɾajs,deslumbɾajs,deslumbɾ,deslumbɾ,NL
deslumbɾajs,deslumbɾajs,deslumbɾ,deslumbɾ,NL
deslumbɾajs,deslumbɾajs,deslumbɾ,deslumbɾ,NL
deslumbɾajs,deslumbɾajs,deslumbɾ,deslumbɾ,NL
deslumbɾajs,deslumbɾajs,deslumbɾ,deslumbɾ,NL
deslumbɾajs,deslumbɾajs,deslumbɾ,deslumbɾ,NL
deslumbɾajs,deslumbɾajs,deslumbɾ,deslumbɾ,NL
deslumbɾajs,deslumbɾajs,deslumbɾ,deslumbɾ,NL
deslumbɾajs,deslumbɾajs,deslumbɾ,deslumbɾ,NL
deslumbɾajs,deslumbɾajs,deslumbɾ,deslumbɾ,NL
deslumbɾajs,deslumbɾajs,deslumbɾ,deslumbɾ,NL
deslumbɾajs,deslumbɾajs,deslumbɾ,deslumbɾ,NL
deslumbɾajs,deslumbɾajs,deslumbɾ,deslumbɾ,NL
deslumbɾajs,deslumbɾajs,deslumbɾ,deslumbɾ,NL
deslumbɾajs,deslumbɾajs,deslumbɾ,deslumbɾ,NL
deslumbɾajs,deslumbɾajs,deslumbɾ,deslumbɾ,NL
deslumbɾajs,deslumbɾajs,deslumbɾ,deslumbɾ,NL
deslumbɾajs,deslumbɾajs,deslumbɾ,deslumbɾ,NL
deslumbɾajs,deslumbɾajs,deslumbɾ,deslumbɾ,NL
deslumbɾajs,deslumbɾajs,deslumbɾ,deslumbɾ,NL
deslumbɾajs,deslumbɾajs,deslumbɾ,deslumbɾ,NL
deslumbɾajs,deslumbɾajs,deslumbɾ,deslumbɾ,NL
deslumbɾajs,deslumbɾajs,deslumbɾ,deslumbɾ,NL
deslumbɾajs,deslumbɾajs,deslumbɾ,deslumbɾ,NL
deslumbɾajs,deslumbɾajs,deslumbɾ,deslumbɾ,NL
deslumbɾajs,deslumbɾajs,deslumbɾ,deslumbɾ,NL
deslumbɾajs,deslumbɾajs,deslumbɾ,deslumbɾ,NL
deslumbɾajs,deslumbɾajs,deslumbɾ,deslumbɾ,NL
deslumbɾajs,deslumbɾajs,deslumbɾ,deslumbɾ,NL
deslumbɾajs,deslumbɾajs,deslumbɾ,deslumbɾ,NL
deslumbɾajs,deslumbɾajs,deslumbɾ,deslumbɾ,NL
deslumbɾajs,deslumbɾajs,deslumbɾ,deslumbɾ,NL
deslumbɾajs,deslumbɾajs,deslumbɾ,deslumbɾ,NL
deslumbɾajs,deslumbɾajs,deslumbɾ,deslumbɾ,NL
deslumbɾajs,deslumbɾajs,deslumbɾ,deslumbɾ,NL
deslumbɾajs,deslumbɾajs,deslumbɾ,deslumbɾ,NL
deslumbɾajs,deslumbɾajs,deslumbɾ,deslumbɾ,NL
deslumbɾamos,deslumbɾamos,deslumbɾ,deslumbɾ,NL
deslumbɾamos,deslumbɾamos,deslumbɾ,deslumbɾ,NL
deslumbɾamos,deslumbɾamos,deslumbɾ,deslumbɾ,NL
deslumbɾamos,deslumbɾamos,deslumbɾ,deslumbɾ,NL
deslumbɾamos,deslumbɾamos,deslumbɾ,deslumbɾ,NL
deslumbɾamos,deslumbɾamos,deslumbɾ,deslumbɾ,NL
deslumbɾamos,deslumbɾamos,deslumbɾ,deslumbɾ,NL
deslumbɾamos,deslumbɾamos,deslumbɾ,deslumbɾ,NL
deslumbɾamos,deslumbɾamos,deslumbɾ,deslumbɾ,NL
deslumbɾamos,deslumbɾamos,deslumbɾ,deslumbɾ,NL
deslumbɾamos,deslumbɾamos,deslumbɾ,deslumbɾ,NL
deslumbɾamos,deslumbɾamos,deslumbɾ,deslumbɾ,NL
deslumbɾamos,deslumbɾamos,deslumbɾ,deslumbɾ,NL
deslumbɾamos,deslumbɾamos,deslumbɾ,deslumbɾ,NL
deslumbɾamos,deslumbɾamos,deslumbɾ,deslumbɾ,NL
deslumbɾamos,deslumbɾamos,deslumbɾ,deslumbɾ,NL
deslumbɾamos,deslumbɾamos,deslumbɾ,deslumbɾ,NL
deslumbɾamos,deslumbɾamos,deslumbɾ,deslumbɾ,NL
deslumbɾamos,deslumbɾamos,deslumbɾ,deslumbɾ,NL
deslumbɾamos,deslumbɾamos,deslumbɾ,deslumbɾ,NL
deslumbɾamos,deslumbɾamos,deslumbɾ,deslumbɾ,NL
deslumbɾamos,deslumbɾamos,deslumbɾ,deslumbɾ,NL
deslumbɾamos,deslumbɾamos,deslumbɾ,deslumbɾ,NL
deslumbɾamos,deslumbɾamos,deslumbɾ,deslumbɾ,NL
deslumbɾamos,deslumbɾamos,deslumbɾ,deslumbɾ,NL
deslumbɾamos,deslumbɾamos,deslumbɾ,deslumbɾ,NL
deslumbɾamos,deslumbɾamos,deslumbɾ,deslumbɾ,NL
deslumbɾamos,deslumbɾamos,deslumbɾ,deslumbɾ,NL
deslumbɾamos,deslumbɾamos,deslumbɾ,deslumbɾ,NL
deslumbɾamos,deslumbɾamos,deslumbɾ,deslumbɾ,NL
deslumbɾamos,deslumbɾamos,deslumbɾ,deslumbɾ,NL
deslumbɾamos,deslumbɾamos,deslumbɾ,deslumbɾ,NL
deslumbɾamos,deslumbɾamos,deslumbɾ,deslumbɾ,NL
deslumbɾamos,deslumbɾamos,deslumbɾ,deslumbɾ,NL
deslumbɾamos,deslumbɾamos,deslumbɾ,deslumbɾ,NL
deslumbɾamos,deslumbɾamos,deslumbɾ,deslumbɾ,NL
deslumbɾamos,deslumbɾamos,deslumbɾ,deslumbɾ,NL
deslumbɾamos,deslumbɾamos,deslumbɾ,deslumbɾ,NL
deslumbɾamos,deslumbɾamos,deslumbɾ,deslumbɾ,NL
deslumbɾamos,deslumbɾamos,deslumbɾ,deslumbɾ,NL
deslumbɾamos,deslumbɾamos,deslumbɾ,deslumbɾ,NL
deslumbɾamos,deslumbɾamos,deslumbɾ,deslumbɾ,NL
deslumbɾamos,deslumbɾamos,deslumbɾ,deslumbɾ,NL
deslumbɾamos,deslumbɾamos,deslumbɾ,deslumbɾ,NL
deslumbɾamos,deslumbɾamos,deslumbɾ,deslumbɾ,NL
deslumbɾamos,deslumbɾamos,deslumbɾ,deslumbɾ,NL
deslumbɾamos,deslumbɾamos,deslumbɾ,deslumbɾ,NL
deslumbɾamos,deslumbɾamos,deslumbɾ,deslumbɾ,NL
deslumbɾamos,deslumbɾamos,deslumbɾ,deslumbɾ,NL
deslumbɾamos,deslumbɾamos,deslumbɾ,deslumbɾ,NL
deslumbɾamos,deslumbɾamos,deslumbɾ,deslumbɾ,NL
deslumbɾamos,deslumbɾamos,deslumbɾ,deslumbɾ,NL
deslumbɾamos,deslumbɾamos,deslumbɾ,deslumbɾ,NL
deslumbɾamos,deslumbɾamos,deslumbɾ,deslumbɾ,NL
deslumbɾamos,deslumbɾamos,deslumbɾ,deslumbɾ,NL
deslumbɾan,deslumbɾan,deslumbɾ,deslumbɾ,NL
deslumbɾan,deslumbɾan,deslumbɾ,deslumbɾ,NL
deslumbɾan,deslumbɾan,deslumbɾ,deslumbɾ,NL
deslumbɾan,deslumbɾan,deslumbɾ,deslumbɾ,NL
deslumbɾan,deslumbɾan,deslumbɾ,deslumbɾ,NL
deslumbɾan,deslumbɾan,deslumbɾ,deslumbɾ,NL
deslumbɾan,deslumbɾan,deslumbɾ,deslumbɾ,NL
deslumbɾan,deslumbɾan,deslumbɾ,deslumbɾ,NL
deslumbɾan,deslumbɾan,deslumbɾ,deslumbɾ,NL
deslumbɾan,deslumbɾan,deslumbɾ,deslumbɾ,NL
deslumbɾan,deslumbɾan,deslumbɾ,deslumbɾ,NL
deslumbɾan,deslumbɾan,deslumbɾ,deslumbɾ,NL
deslumbɾan,deslumbɾan,deslumbɾ,deslumbɾ,NL
deslumbɾan,deslumbɾan,deslumbɾ,deslumbɾ,NL
deslumbɾan,deslumbɾan,deslumbɾ,deslumbɾ,NL
deslumbɾan,deslumbɾan,deslumbɾ,deslumbɾ,NL
deslumbɾan,deslumbɾan,deslumbɾ,deslumbɾ,NL
deslumbɾan,deslumbɾan,deslumbɾ,deslumbɾ,NL
deslumbɾan,deslumbɾan,deslumbɾ,deslumbɾ,NL
deslumbɾan,deslumbɾan,deslumbɾ,deslumbɾ,NL
deslumbɾan,deslumbɾan,deslumbɾ,deslumbɾ,NL
deslumbɾan,deslumbɾan,deslumbɾ,deslumbɾ,NL
deslumbɾan,deslumbɾan,deslumbɾ,deslumbɾ,NL
deslumbɾan,deslumbɾan,deslumbɾ,deslumbɾ,NL
deslumbɾan,deslumbɾan,deslumbɾ,deslumbɾ,NL
deslumbɾan,deslumbɾan,deslumbɾ,deslumbɾ,NL
deslumbɾan,deslumbɾan,deslumbɾ,deslumbɾ,NL
deslumbɾan,deslumbɾan,deslumbɾ,deslumbɾ,NL
deslumbɾan,deslumbɾan,deslumbɾ,deslumbɾ,NL
deslumbɾan,deslumbɾan,deslumbɾ,deslumbɾ,NL
deslumbɾan,deslumbɾan,deslumbɾ,deslumbɾ,NL
deslumbɾan,deslumbɾan,deslumbɾ,deslumbɾ,NL
deslumbɾan,deslumbɾan,deslumbɾ,deslumbɾ,NL
deslumbɾan,deslumbɾan,deslumbɾ,deslumbɾ,NL
deslumbɾan,deslumbɾan,deslumbɾ,deslumbɾ,NL
deslumbɾan,deslumbɾan,deslumbɾ,deslumbɾ,NL
deslumbɾan,deslumbɾan,deslumbɾ,deslumbɾ,NL
deslumbɾan,deslumbɾan,deslumbɾ,deslumbɾ,NL
deslumbɾan,deslumbɾan,deslumbɾ,deslumbɾ,NL
deslumbɾan,deslumbɾan,deslumbɾ,deslumbɾ,NL
deslumbɾan,deslumbɾan,deslumbɾ,deslumbɾ,NL
deslumbɾan,deslumbɾan,deslumbɾ,deslumbɾ,NL
deslumbɾan,deslumbɾan,deslumbɾ,deslumbɾ,NL
deslumbɾan,deslumbɾan,deslumbɾ,deslumbɾ,NL
deslumbɾan,deslumbɾan,deslumbɾ,deslumbɾ,NL
deslumbɾan,deslumbɾan,deslumbɾ,deslumbɾ,NL
deslumbɾan,deslumbɾan,deslumbɾ,deslumbɾ,NL
deslumbɾan,deslumbɾan,deslumbɾ,deslumbɾ,NL
deslumbɾan,deslumbɾan,deslumbɾ,deslumbɾ,NL
deslumbɾan,deslumbɾan,deslumbɾ,deslumbɾ,NL
deslumbɾan,deslumbɾan,deslumbɾ,deslumbɾ,NL
deslumbɾan,deslumbɾan,deslumbɾ,deslumbɾ,NL
deslumbɾan,deslumbɾan,deslumbɾ,deslumbɾ,NL
deslumbɾan,deslumbɾan,deslumbɾ,deslumbɾ,NL
deslumbɾan,deslumbɾan,deslumbɾ,deslumbɾ,NL
deslumbɾas,deslumbɾas,deslumbɾ,deslumbɾ,NL
deslumbɾas,deslumbɾas,deslumbɾ,deslumbɾ,NL
deslumbɾas,deslumbɾas,deslumbɾ,deslumbɾ,NL
deslumbɾas,deslumbɾas,deslumbɾ,deslumbɾ,NL
deslumbɾas,deslumbɾas,deslumbɾ,deslumbɾ,NL
deslumbɾas,deslumbɾas,deslumbɾ,deslumbɾ,NL
deslumbɾas,deslumbɾas,deslumbɾ,deslumbɾ,NL
deslumbɾas,deslumbɾas,deslumbɾ,deslumbɾ,NL
deslumbɾas,deslumbɾas,deslumbɾ,deslumbɾ,NL
deslumbɾas,deslumbɾas,deslumbɾ,deslumbɾ,NL
deslumbɾas,deslumbɾas,deslumbɾ,deslumbɾ,NL
deslumbɾas,deslumbɾas,deslumbɾ,deslumbɾ,NL
deslumbɾas,deslumbɾas,deslumbɾ,deslumbɾ,NL
deslumbɾas,deslumbɾas,deslumbɾ,deslumbɾ,NL
deslumbɾas,deslumbɾas,deslumbɾ,deslumbɾ,NL
deslumbɾas,deslumbɾas,deslumbɾ,deslumbɾ,NL
deslumbɾas,deslumbɾas,deslumbɾ,deslumbɾ,NL
deslumbɾas,deslumbɾas,deslumbɾ,deslumbɾ,NL
deslumbɾas,deslumbɾas,deslumbɾ,deslumbɾ,NL
deslumbɾas,deslumbɾas,deslumbɾ,deslumbɾ,NL
deslumbɾas,deslumbɾas,deslumbɾ,deslumbɾ,NL
deslumbɾas,deslumbɾas,deslumbɾ,deslumbɾ,NL
deslumbɾas,deslumbɾas,deslumbɾ,deslumbɾ,NL
deslumbɾas,deslumbɾas,deslumbɾ,deslumbɾ,NL
deslumbɾas,deslumbɾas,deslumbɾ,deslumbɾ,NL
deslumbɾas,deslumbɾas,deslumbɾ,deslumbɾ,NL
deslumbɾas,deslumbɾas,deslumbɾ,deslumbɾ,NL
deslumbɾas,deslumbɾas,deslumbɾ,deslumbɾ,NL
deslumbɾas,deslumbɾas,deslumbɾ,deslumbɾ,NL
deslumbɾas,deslumbɾas,deslumbɾ,deslumbɾ,NL
deslumbɾas,deslumbɾas,deslumbɾ,deslumbɾ,NL
deslumbɾas,deslumbɾas,deslumbɾ,deslumbɾ,NL
deslumbɾas,deslumbɾas,deslumbɾ,deslumbɾ,NL
deslumbɾas,deslumbɾas,deslumbɾ,deslumbɾ,NL
deslumbɾas,deslumbɾas,deslumbɾ,deslumbɾ,NL
deslumbɾas,deslumbɾas,deslumbɾ,deslumbɾ,NL
deslumbɾas,deslumbɾas,deslumbɾ,deslumbɾ,NL
deslumbɾas,deslumbɾas,deslumbɾ,deslumbɾ,NL
deslumbɾas,deslumbɾas,deslumbɾ,deslumbɾ,NL
deslumbɾas,deslumbɾas,deslumbɾ,deslumbɾ,NL
deslumbɾas,deslumbɾas,deslumbɾ,deslumbɾ,NL
deslumbɾas,deslumbɾas,deslumbɾ,deslumbɾ,NL
deslumbɾas,deslumbɾas,deslumbɾ,deslumbɾ,NL
deslumbɾas,deslumbɾas,deslumbɾ,deslumbɾ,NL
deslumbɾas,deslumbɾas,deslumbɾ,deslumbɾ,NL
deslumbɾas,deslumbɾas,deslumbɾ,deslumbɾ,NL
deslumbɾas,deslumbɾas,deslumbɾ,deslumbɾ,NL
deslumbɾas,deslumbɾas,deslumbɾ,deslumbɾ,NL
deslumbɾas,deslumbɾas,deslumbɾ,deslumbɾ,NL
deslumbɾas,deslumbɾas,deslumbɾ,deslumbɾ,NL
deslumbɾas,deslumbɾas,deslumbɾ,deslumbɾ,NL
deslumbɾas,deslumbɾas,deslumbɾ,deslumbɾ,NL
deslumbɾas,deslumbɾas,deslumbɾ,deslumbɾ,NL
deslumbɾas,deslumbɾas,deslumbɾ,deslumbɾ,NL
deslumbɾas,deslumbɾas,deslumbɾ,deslumbɾ,NL
deslumbɾa,deslumbɾa,deslumbɾ,deslumbɾ,NL
deslumbɾa,deslumbɾa,deslumbɾ,deslumbɾ,NL
deslumbɾa,deslumbɾa,deslumbɾ,deslumbɾ,NL
deslumbɾa,deslumbɾa,deslumbɾ,deslumbɾ,NL
deslumbɾa,deslumbɾa,deslumbɾ,deslumbɾ,NL
deslumbɾa,deslumbɾa,deslumbɾ,deslumbɾ,NL
deslumbɾa,deslumbɾa,deslumbɾ,deslumbɾ,NL
deslumbɾa,deslumbɾa,deslumbɾ,deslumbɾ,NL
deslumbɾa,deslumbɾa,deslumbɾ,deslumbɾ,NL
deslumbɾa,deslumbɾa,deslumbɾ,deslumbɾ,NL
deslumbɾa,deslumbɾa,deslumbɾ,deslumbɾ,NL
deslumbɾa,deslumbɾa,deslumbɾ,deslumbɾ,NL
deslumbɾa,deslumbɾa,deslumbɾ,deslumbɾ,NL
deslumbɾa,deslumbɾa,deslumbɾ,deslumbɾ,NL
deslumbɾa,deslumbɾa,deslumbɾ,deslumbɾ,NL
deslumbɾa,deslumbɾa,deslumbɾ,deslumbɾ,NL
deslumbɾa,deslumbɾa,deslumbɾ,deslumbɾ,NL
deslumbɾa,deslumbɾa,deslumbɾ,deslumbɾ,NL
deslumbɾa,deslumbɾa,deslumbɾ,deslumbɾ,NL
deslumbɾa,deslumbɾa,deslumbɾ,deslumbɾ,NL
deslumbɾa,deslumbɾa,deslumbɾ,deslumbɾ,NL
deslumbɾa,deslumbɾa,deslumbɾ,deslumbɾ,NL
deslumbɾa,deslumbɾa,deslumbɾ,deslumbɾ,NL
deslumbɾa,deslumbɾa,deslumbɾ,deslumbɾ,NL
deslumbɾa,deslumbɾa,deslumbɾ,deslumbɾ,NL
deslumbɾa,deslumbɾa,deslumbɾ,deslumbɾ,NL
deslumbɾa,deslumbɾa,deslumbɾ,deslumbɾ,NL
deslumbɾa,deslumbɾa,deslumbɾ,deslumbɾ,NL
deslumbɾa,deslumbɾa,deslumbɾ,deslumbɾ,NL
deslumbɾa,deslumbɾa,deslumbɾ,deslumbɾ,NL
deslumbɾa,deslumbɾa,deslumbɾ,deslumbɾ,NL
deslumbɾa,deslumbɾa,deslumbɾ,deslumbɾ,NL
deslumbɾa,deslumbɾa,deslumbɾ,deslumbɾ,NL
deslumbɾa,deslumbɾa,deslumbɾ,deslumbɾ,NL
deslumbɾa,deslumbɾa,deslumbɾ,deslumbɾ,NL
deslumbɾa,deslumbɾa,deslumbɾ,deslumbɾ,NL
deslumbɾa,deslumbɾa,deslumbɾ,deslumbɾ,NL
deslumbɾa,deslumbɾa,deslumbɾ,deslumbɾ,NL
deslumbɾa,deslumbɾa,deslumbɾ,deslumbɾ,NL
deslumbɾa,deslumbɾa,deslumbɾ,deslumbɾ,NL
deslumbɾa,deslumbɾa,deslumbɾ,deslumbɾ,NL
deslumbɾa,deslumbɾa,deslumbɾ,deslumbɾ,NL
deslumbɾa,deslumbɾa,deslumbɾ,deslumbɾ,NL
deslumbɾa,deslumbɾa,deslumbɾ,deslumbɾ,NL
deslumbɾa,deslumbɾa,deslumbɾ,deslumbɾ,NL
deslumbɾa,deslumbɾa,deslumbɾ,deslumbɾ,NL
deslumbɾa,deslumbɾa,deslumbɾ,deslumbɾ,NL
deslumbɾa,deslumbɾa,deslumbɾ,deslumbɾ,NL
deslumbɾa,deslumbɾa,deslumbɾ,deslumbɾ,NL
deslumbɾa,deslumbɾa,deslumbɾ,deslumbɾ,NL
deslumbɾa,deslumbɾa,deslumbɾ,deslumbɾ,NL
deslumbɾa,deslumbɾa,deslumbɾ,deslumbɾ,NL
deslumbɾa,deslumbɾa,deslumbɾ,deslumbɾ,NL
deslumbɾa,deslumbɾa,deslumbɾ,deslumbɾ,NL
deslumbɾa,deslumbɾa,deslumbɾ,deslumbɾ,NL
deslumbɾejs,deslumbɾejs,deslumbɾ,deslumbɾ,NL
deslumbɾejs,deslumbɾejs,deslumbɾ,deslumbɾ,NL
deslumbɾejs,deslumbɾejs,deslumbɾ,deslumbɾ,NL
deslumbɾejs,deslumbɾejs,deslumbɾ,deslumbɾ,NL
deslumbɾejs,deslumbɾejs,deslumbɾ,deslumbɾ,NL
deslumbɾejs,deslumbɾejs,deslumbɾ,deslumbɾ,NL
deslumbɾejs,deslumbɾejs,deslumbɾ,deslumbɾ,NL
deslumbɾejs,deslumbɾejs,deslumbɾ,deslumbɾ,NL
deslumbɾejs,deslumbɾejs,deslumbɾ,deslumbɾ,NL
deslumbɾejs,deslumbɾejs,deslumbɾ,deslumbɾ,NL
deslumbɾejs,deslumbɾejs,deslumbɾ,deslumbɾ,NL
deslumbɾejs,deslumbɾejs,deslumbɾ,deslumbɾ,NL
deslumbɾejs,deslumbɾejs,deslumbɾ,deslumbɾ,NL
deslumbɾejs,deslumbɾejs,deslumbɾ,deslumbɾ,NL
deslumbɾejs,deslumbɾejs,deslumbɾ,deslumbɾ,NL
deslumbɾejs,deslumbɾejs,deslumbɾ,deslumbɾ,NL
deslumbɾejs,deslumbɾejs,deslumbɾ,deslumbɾ,NL
deslumbɾejs,deslumbɾejs,deslumbɾ,deslumbɾ,NL
deslumbɾejs,deslumbɾejs,deslumbɾ,deslumbɾ,NL
deslumbɾejs,deslumbɾejs,deslumbɾ,deslumbɾ,NL
deslumbɾejs,deslumbɾejs,deslumbɾ,deslumbɾ,NL
deslumbɾejs,deslumbɾejs,deslumbɾ,deslumbɾ,NL
deslumbɾejs,deslumbɾejs,deslumbɾ,deslumbɾ,NL
deslumbɾejs,deslumbɾejs,deslumbɾ,deslumbɾ,NL
deslumbɾejs,deslumbɾejs,deslumbɾ,deslumbɾ,NL
deslumbɾejs,deslumbɾejs,deslumbɾ,deslumbɾ,NL
deslumbɾejs,deslumbɾejs,deslumbɾ,deslumbɾ,NL
deslumbɾejs,deslumbɾejs,deslumbɾ,deslumbɾ,NL
deslumbɾejs,deslumbɾejs,deslumbɾ,deslumbɾ,NL
deslumbɾejs,deslumbɾejs,deslumbɾ,deslumbɾ,NL
deslumbɾejs,deslumbɾejs,deslumbɾ,deslumbɾ,NL
deslumbɾejs,deslumbɾejs,deslumbɾ,deslumbɾ,NL
deslumbɾejs,deslumbɾejs,deslumbɾ,deslumbɾ,NL
deslumbɾejs,deslumbɾejs,deslumbɾ,deslumbɾ,NL
deslumbɾejs,deslumbɾejs,deslumbɾ,deslumbɾ,NL
deslumbɾejs,deslumbɾejs,deslumbɾ,deslumbɾ,NL
deslumbɾejs,deslumbɾejs,deslumbɾ,deslumbɾ,NL
deslumbɾejs,deslumbɾejs,deslumbɾ,deslumbɾ,NL
deslumbɾejs,deslumbɾejs,deslumbɾ,deslumbɾ,NL
deslumbɾejs,deslumbɾejs,deslumbɾ,deslumbɾ,NL
deslumbɾejs,deslumbɾejs,deslumbɾ,deslumbɾ,NL
deslumbɾejs,deslumbɾejs,deslumbɾ,deslumbɾ,NL
deslumbɾejs,deslumbɾejs,deslumbɾ,deslumbɾ,NL
deslumbɾejs,deslumbɾejs,deslumbɾ,deslumbɾ,NL
deslumbɾejs,deslumbɾejs,deslumbɾ,deslumbɾ,NL
deslumbɾejs,deslumbɾejs,deslumbɾ,deslumbɾ,NL
deslumbɾejs,deslumbɾejs,deslumbɾ,deslumbɾ,NL
deslumbɾejs,deslumbɾejs,deslumbɾ,deslumbɾ,NL
deslumbɾejs,deslumbɾejs,deslumbɾ,deslumbɾ,NL
deslumbɾejs,deslumbɾejs,deslumbɾ,deslumbɾ,NL
deslumbɾejs,deslumbɾejs,deslumbɾ,deslumbɾ,NL
deslumbɾejs,deslumbɾejs,deslumbɾ,deslumbɾ,NL
deslumbɾejs,deslumbɾejs,deslumbɾ,deslumbɾ,NL
deslumbɾejs,deslumbɾejs,deslumbɾ,deslumbɾ,NL
deslumbɾejs,deslumbɾejs,deslumbɾ,deslumbɾ,NL
deslumbɾemos,deslumbɾemos,deslumbɾ,deslumbɾ,NL
deslumbɾemos,deslumbɾemos,deslumbɾ,deslumbɾ,NL
deslumbɾemos,deslumbɾemos,deslumbɾ,deslumbɾ,NL
deslumbɾemos,deslumbɾemos,deslumbɾ,deslumbɾ,NL
deslumbɾemos,deslumbɾemos,deslumbɾ,deslumbɾ,NL
deslumbɾemos,deslumbɾemos,deslumbɾ,deslumbɾ,NL
deslumbɾemos,deslumbɾemos,deslumbɾ,deslumbɾ,NL
deslumbɾemos,deslumbɾemos,deslumbɾ,deslumbɾ,NL
deslumbɾemos,deslumbɾemos,deslumbɾ,deslumbɾ,NL
deslumbɾemos,deslumbɾemos,deslumbɾ,deslumbɾ,NL
deslumbɾemos,deslumbɾemos,deslumbɾ,deslumbɾ,NL
deslumbɾemos,deslumbɾemos,deslumbɾ,deslumbɾ,NL
deslumbɾemos,deslumbɾemos,deslumbɾ,deslumbɾ,NL
deslumbɾemos,deslumbɾemos,deslumbɾ,deslumbɾ,NL
deslumbɾemos,deslumbɾemos,deslumbɾ,deslumbɾ,NL
deslumbɾemos,deslumbɾemos,deslumbɾ,deslumbɾ,NL
deslumbɾemos,deslumbɾemos,deslumbɾ,deslumbɾ,NL
deslumbɾemos,deslumbɾemos,deslumbɾ,deslumbɾ,NL
deslumbɾemos,deslumbɾemos,deslumbɾ,deslumbɾ,NL
deslumbɾemos,deslumbɾemos,deslumbɾ,deslumbɾ,NL
deslumbɾemos,deslumbɾemos,deslumbɾ,deslumbɾ,NL
deslumbɾemos,deslumbɾemos,deslumbɾ,deslumbɾ,NL
deslumbɾemos,deslumbɾemos,deslumbɾ,deslumbɾ,NL
deslumbɾemos,deslumbɾemos,deslumbɾ,deslumbɾ,NL
deslumbɾemos,deslumbɾemos,deslumbɾ,deslumbɾ,NL
deslumbɾemos,deslumbɾemos,deslumbɾ,deslumbɾ,NL
deslumbɾemos,deslumbɾemos,deslumbɾ,deslumbɾ,NL
deslumbɾemos,deslumbɾemos,deslumbɾ,deslumbɾ,NL
deslumbɾemos,deslumbɾemos,deslumbɾ,deslumbɾ,NL
deslumbɾemos,deslumbɾemos,deslumbɾ,deslumbɾ,NL
deslumbɾemos,deslumbɾemos,deslumbɾ,deslumbɾ,NL
deslumbɾemos,deslumbɾemos,deslumbɾ,deslumbɾ,NL
deslumbɾemos,deslumbɾemos,deslumbɾ,deslumbɾ,NL
deslumbɾemos,deslumbɾemos,deslumbɾ,deslumbɾ,NL
deslumbɾemos,deslumbɾemos,deslumbɾ,deslumbɾ,NL
deslumbɾemos,deslumbɾemos,deslumbɾ,deslumbɾ,NL
deslumbɾemos,deslumbɾemos,deslumbɾ,deslumbɾ,NL
deslumbɾemos,deslumbɾemos,deslumbɾ,deslumbɾ,NL
deslumbɾemos,deslumbɾemos,deslumbɾ,deslumbɾ,NL
deslumbɾemos,deslumbɾemos,deslumbɾ,deslumbɾ,NL
deslumbɾemos,deslumbɾemos,deslumbɾ,deslumbɾ,NL
deslumbɾemos,deslumbɾemos,deslumbɾ,deslumbɾ,NL
deslumbɾemos,deslumbɾemos,deslumbɾ,deslumbɾ,NL
deslumbɾemos,deslumbɾemos,deslumbɾ,deslumbɾ,NL
deslumbɾemos,deslumbɾemos,deslumbɾ,deslumbɾ,NL
deslumbɾemos,deslumbɾemos,deslumbɾ,deslumbɾ,NL
deslumbɾemos,deslumbɾemos,deslumbɾ,deslumbɾ,NL
deslumbɾemos,deslumbɾemos,deslumbɾ,deslumbɾ,NL
deslumbɾemos,deslumbɾemos,deslumbɾ,deslumbɾ,NL
deslumbɾemos,deslumbɾemos,deslumbɾ,deslumbɾ,NL
deslumbɾemos,deslumbɾemos,deslumbɾ,deslumbɾ,NL
deslumbɾemos,deslumbɾemos,deslumbɾ,deslumbɾ,NL
deslumbɾemos,deslumbɾemos,deslumbɾ,deslumbɾ,NL
deslumbɾemos,deslumbɾemos,deslumbɾ,deslumbɾ,NL
deslumbɾemos,deslumbɾemos,deslumbɾ,deslumbɾ,NL
deslumbɾen,deslumbɾen,deslumbɾ,deslumbɾ,NL
deslumbɾen,deslumbɾen,deslumbɾ,deslumbɾ,NL
deslumbɾen,deslumbɾen,deslumbɾ,deslumbɾ,NL
deslumbɾen,deslumbɾen,deslumbɾ,deslumbɾ,NL
deslumbɾen,deslumbɾen,deslumbɾ,deslumbɾ,NL
deslumbɾen,deslumbɾen,deslumbɾ,deslumbɾ,NL
deslumbɾen,deslumbɾen,deslumbɾ,deslumbɾ,NL
deslumbɾen,deslumbɾen,deslumbɾ,deslumbɾ,NL
deslumbɾen,deslumbɾen,deslumbɾ,deslumbɾ,NL
deslumbɾen,deslumbɾen,deslumbɾ,deslumbɾ,NL
deslumbɾen,deslumbɾen,deslumbɾ,deslumbɾ,NL
deslumbɾen,deslumbɾen,deslumbɾ,deslumbɾ,NL
deslumbɾen,deslumbɾen,deslumbɾ,deslumbɾ,NL
deslumbɾen,deslumbɾen,deslumbɾ,deslumbɾ,NL
deslumbɾen,deslumbɾen,deslumbɾ,deslumbɾ,NL
deslumbɾen,deslumbɾen,deslumbɾ,deslumbɾ,NL
deslumbɾen,deslumbɾen,deslumbɾ,deslumbɾ,NL
deslumbɾen,deslumbɾen,deslumbɾ,deslumbɾ,NL
deslumbɾen,deslumbɾen,deslumbɾ,deslumbɾ,NL
deslumbɾen,deslumbɾen,deslumbɾ,deslumbɾ,NL
deslumbɾen,deslumbɾen,deslumbɾ,deslumbɾ,NL
deslumbɾen,deslumbɾen,deslumbɾ,deslumbɾ,NL
deslumbɾen,deslumbɾen,deslumbɾ,deslumbɾ,NL
deslumbɾen,deslumbɾen,deslumbɾ,deslumbɾ,NL
deslumbɾen,deslumbɾen,deslumbɾ,deslumbɾ,NL
deslumbɾen,deslumbɾen,deslumbɾ,deslumbɾ,NL
deslumbɾen,deslumbɾen,deslumbɾ,deslumbɾ,NL
deslumbɾen,deslumbɾen,deslumbɾ,deslumbɾ,NL
deslumbɾen,deslumbɾen,deslumbɾ,deslumbɾ,NL
deslumbɾen,deslumbɾen,deslumbɾ,deslumbɾ,NL
deslumbɾen,deslumbɾen,deslumbɾ,deslumbɾ,NL
deslumbɾen,deslumbɾen,deslumbɾ,deslumbɾ,NL
deslumbɾen,deslumbɾen,deslumbɾ,deslumbɾ,NL
deslumbɾen,deslumbɾen,deslumbɾ,deslumbɾ,NL
deslumbɾen,deslumbɾen,deslumbɾ,deslumbɾ,NL
deslumbɾen,deslumbɾen,deslumbɾ,deslumbɾ,NL
deslumbɾen,deslumbɾen,deslumbɾ,deslumbɾ,NL
deslumbɾen,deslumbɾen,deslumbɾ,deslumbɾ,NL
deslumbɾen,deslumbɾen,deslumbɾ,deslumbɾ,NL
deslumbɾen,deslumbɾen,deslumbɾ,deslumbɾ,NL
deslumbɾen,deslumbɾen,deslumbɾ,deslumbɾ,NL
deslumbɾen,deslumbɾen,deslumbɾ,deslumbɾ,NL
deslumbɾen,deslumbɾen,deslumbɾ,deslumbɾ,NL
deslumbɾen,deslumbɾen,deslumbɾ,deslumbɾ,NL
deslumbɾen,deslumbɾen,deslumbɾ,deslumbɾ,NL
deslumbɾen,deslumbɾen,deslumbɾ,deslumbɾ,NL
deslumbɾen,deslumbɾen,deslumbɾ,deslumbɾ,NL
deslumbɾen,deslumbɾen,deslumbɾ,deslumbɾ,NL
deslumbɾen,deslumbɾen,deslumbɾ,deslumbɾ,NL
deslumbɾen,deslumbɾen,deslumbɾ,deslumbɾ,NL
deslumbɾen,deslumbɾen,deslumbɾ,deslumbɾ,NL
deslumbɾen,deslumbɾen,deslumbɾ,deslumbɾ,NL
deslumbɾen,deslumbɾen,deslumbɾ,deslumbɾ,NL
deslumbɾen,deslumbɾen,deslumbɾ,deslumbɾ,NL
deslumbɾen,deslumbɾen,deslumbɾ,deslumbɾ,NL
deslumbɾes,deslumbɾes,deslumbɾ,deslumbɾ,NL
deslumbɾes,deslumbɾes,deslumbɾ,deslumbɾ,NL
deslumbɾes,deslumbɾes,deslumbɾ,deslumbɾ,NL
deslumbɾes,deslumbɾes,deslumbɾ,deslumbɾ,NL
deslumbɾes,deslumbɾes,deslumbɾ,deslumbɾ,NL
deslumbɾes,deslumbɾes,deslumbɾ,deslumbɾ,NL
deslumbɾes,deslumbɾes,deslumbɾ,deslumbɾ,NL
deslumbɾes,deslumbɾes,deslumbɾ,deslumbɾ,NL
deslumbɾes,deslumbɾes,deslumbɾ,deslumbɾ,NL
deslumbɾes,deslumbɾes,deslumbɾ,deslumbɾ,NL
deslumbɾes,deslumbɾes,deslumbɾ,deslumbɾ,NL
deslumbɾes,deslumbɾes,deslumbɾ,deslumbɾ,NL
deslumbɾes,deslumbɾes,deslumbɾ,deslumbɾ,NL
deslumbɾes,deslumbɾes,deslumbɾ,deslumbɾ,NL
deslumbɾes,deslumbɾes,deslumbɾ,deslumbɾ,NL
deslumbɾes,deslumbɾes,deslumbɾ,deslumbɾ,NL
deslumbɾes,deslumbɾes,deslumbɾ,deslumbɾ,NL
deslumbɾes,deslumbɾes,deslumbɾ,deslumbɾ,NL
deslumbɾes,deslumbɾes,deslumbɾ,deslumbɾ,NL
deslumbɾes,deslumbɾes,deslumbɾ,deslumbɾ,NL
deslumbɾes,deslumbɾes,deslumbɾ,deslumbɾ,NL
deslumbɾes,deslumbɾes,deslumbɾ,deslumbɾ,NL
deslumbɾes,deslumbɾes,deslumbɾ,deslumbɾ,NL
deslumbɾes,deslumbɾes,deslumbɾ,deslumbɾ,NL
deslumbɾes,deslumbɾes,deslumbɾ,deslumbɾ,NL
deslumbɾes,deslumbɾes,deslumbɾ,deslumbɾ,NL
deslumbɾes,deslumbɾes,deslumbɾ,deslumbɾ,NL
deslumbɾes,deslumbɾes,deslumbɾ,deslumbɾ,NL
deslumbɾes,deslumbɾes,deslumbɾ,deslumbɾ,NL
deslumbɾes,deslumbɾes,deslumbɾ,deslumbɾ,NL
deslumbɾes,deslumbɾes,deslumbɾ,deslumbɾ,NL
deslumbɾes,deslumbɾes,deslumbɾ,deslumbɾ,NL
deslumbɾes,deslumbɾes,deslumbɾ,deslumbɾ,NL
deslumbɾes,deslumbɾes,deslumbɾ,deslumbɾ,NL
deslumbɾes,deslumbɾes,deslumbɾ,deslumbɾ,NL
deslumbɾes,deslumbɾes,deslumbɾ,deslumbɾ,NL
deslumbɾes,deslumbɾes,deslumbɾ,deslumbɾ,NL
deslumbɾes,deslumbɾes,deslumbɾ,deslumbɾ,NL
deslumbɾes,deslumbɾes,deslumbɾ,deslumbɾ,NL
deslumbɾes,deslumbɾes,deslumbɾ,deslumbɾ,NL
deslumbɾes,deslumbɾes,deslumbɾ,deslumbɾ,NL
deslumbɾes,deslumbɾes,deslumbɾ,deslumbɾ,NL
deslumbɾes,deslumbɾes,deslumbɾ,deslumbɾ,NL
deslumbɾes,deslumbɾes,deslumbɾ,deslumbɾ,NL
deslumbɾes,deslumbɾes,deslumbɾ,deslumbɾ,NL
deslumbɾes,deslumbɾes,deslumbɾ,deslumbɾ,NL
deslumbɾes,deslumbɾes,deslumbɾ,deslumbɾ,NL
deslumbɾes,deslumbɾes,deslumbɾ,deslumbɾ,NL
deslumbɾes,deslumbɾes,deslumbɾ,deslumbɾ,NL
deslumbɾes,deslumbɾes,deslumbɾ,deslumbɾ,NL
deslumbɾes,deslumbɾes,deslumbɾ,deslumbɾ,NL
deslumbɾes,deslumbɾes,deslumbɾ,deslumbɾ,NL
deslumbɾes,deslumbɾes,deslumbɾ,deslumbɾ,NL
deslumbɾes,deslumbɾes,deslumbɾ,deslumbɾ,NL
deslumbɾes,deslumbɾes,deslumbɾ,deslumbɾ,NL
deslumbɾe,deslumbɾe,deslumbɾ,deslumbɾ,NL
deslumbɾe,deslumbɾe,deslumbɾ,deslumbɾ,NL
deslumbɾe,deslumbɾe,deslumbɾ,deslumbɾ,NL
deslumbɾe,deslumbɾe,deslumbɾ,deslumbɾ,NL
deslumbɾe,deslumbɾe,deslumbɾ,deslumbɾ,NL
deslumbɾe,deslumbɾe,deslumbɾ,deslumbɾ,NL
deslumbɾe,deslumbɾe,deslumbɾ,deslumbɾ,NL
deslumbɾe,deslumbɾe,deslumbɾ,deslumbɾ,NL
deslumbɾe,deslumbɾe,deslumbɾ,deslumbɾ,NL
deslumbɾe,deslumbɾe,deslumbɾ,deslumbɾ,NL
deslumbɾe,deslumbɾe,deslumbɾ,deslumbɾ,NL
deslumbɾe,deslumbɾe,deslumbɾ,deslumbɾ,NL
deslumbɾe,deslumbɾe,deslumbɾ,deslumbɾ,NL
deslumbɾe,deslumbɾe,deslumbɾ,deslumbɾ,NL
deslumbɾe,deslumbɾe,deslumbɾ,deslumbɾ,NL
deslumbɾe,deslumbɾe,deslumbɾ,deslumbɾ,NL
deslumbɾe,deslumbɾe,deslumbɾ,deslumbɾ,NL
deslumbɾe,deslumbɾe,deslumbɾ,deslumbɾ,NL
deslumbɾe,deslumbɾe,deslumbɾ,deslumbɾ,NL
deslumbɾe,deslumbɾe,deslumbɾ,deslumbɾ,NL
deslumbɾe,deslumbɾe,deslumbɾ,deslumbɾ,NL
deslumbɾe,deslumbɾe,deslumbɾ,deslumbɾ,NL
deslumbɾe,deslumbɾe,deslumbɾ,deslumbɾ,NL
deslumbɾe,deslumbɾe,deslumbɾ,deslumbɾ,NL
deslumbɾe,deslumbɾe,deslumbɾ,deslumbɾ,NL
deslumbɾe,deslumbɾe,deslumbɾ,deslumbɾ,NL
deslumbɾe,deslumbɾe,deslumbɾ,deslumbɾ,NL
deslumbɾe,deslumbɾe,deslumbɾ,deslumbɾ,NL
deslumbɾe,deslumbɾe,deslumbɾ,deslumbɾ,NL
deslumbɾe,deslumbɾe,deslumbɾ,deslumbɾ,NL
deslumbɾe,deslumbɾe,deslumbɾ,deslumbɾ,NL
deslumbɾe,deslumbɾe,deslumbɾ,deslumbɾ,NL
deslumbɾe,deslumbɾe,deslumbɾ,deslumbɾ,NL
deslumbɾe,deslumbɾe,deslumbɾ,deslumbɾ,NL
deslumbɾe,deslumbɾe,deslumbɾ,deslumbɾ,NL
deslumbɾe,deslumbɾe,deslumbɾ,deslumbɾ,NL
deslumbɾe,deslumbɾe,deslumbɾ,deslumbɾ,NL
deslumbɾe,deslumbɾe,deslumbɾ,deslumbɾ,NL
deslumbɾe,deslumbɾe,deslumbɾ,deslumbɾ,NL
deslumbɾe,deslumbɾe,deslumbɾ,deslumbɾ,NL
deslumbɾe,deslumbɾe,deslumbɾ,deslumbɾ,NL
deslumbɾe,deslumbɾe,deslumbɾ,deslumbɾ,NL
deslumbɾe,deslumbɾe,deslumbɾ,deslumbɾ,NL
deslumbɾe,deslumbɾe,deslumbɾ,deslumbɾ,NL
deslumbɾe,deslumbɾe,deslumbɾ,deslumbɾ,NL
deslumbɾe,deslumbɾe,deslumbɾ,deslumbɾ,NL
deslumbɾe,deslumbɾe,deslumbɾ,deslumbɾ,NL
deslumbɾe,deslumbɾe,deslumbɾ,deslumbɾ,NL
deslumbɾe,deslumbɾe,deslumbɾ,deslumbɾ,NL
deslumbɾe,deslumbɾe,deslumbɾ,deslumbɾ,NL
deslumbɾe,deslumbɾe,deslumbɾ,deslumbɾ,NL
deslumbɾe,deslumbɾe,deslumbɾ,deslumbɾ,NL
deslumbɾe,deslumbɾe,deslumbɾ,deslumbɾ,NL
deslumbɾe,deslumbɾe,deslumbɾ,deslumbɾ,NL
deslumbɾe,deslumbɾe,deslumbɾ,deslumbɾ,NL
deslumbɾe,deslumbɾe,deslumbɾ,deslumbɾ,NL
deslumbɾe,deslumbɾe,deslumbɾ,deslumbɾ,NL
deslumbɾe,deslumbɾe,deslumbɾ,deslumbɾ,NL
deslumbɾe,deslumbɾe,deslumbɾ,deslumbɾ,NL
deslumbɾe,deslumbɾe,deslumbɾ,deslumbɾ,NL
deslumbɾe,deslumbɾe,deslumbɾ,deslumbɾ,NL
deslumbɾe,deslumbɾe,deslumbɾ,deslumbɾ,NL
deslumbɾe,deslumbɾe,deslumbɾ,deslumbɾ,NL
deslumbɾe,deslumbɾe,deslumbɾ,deslumbɾ,NL
deslumbɾe,deslumbɾe,deslumbɾ,deslumbɾ,NL
deslumbɾe,deslumbɾe,deslumbɾ,deslumbɾ,NL
deslumbɾe,deslumbɾe,deslumbɾ,deslumbɾ,NL
deslumbɾe,deslumbɾe,deslumbɾ,deslumbɾ,NL
deslumbɾe,deslumbɾe,deslumbɾ,deslumbɾ,NL
deslumbɾe,deslumbɾe,deslumbɾ,deslumbɾ,NL
deslumbɾe,deslumbɾe,deslumbɾ,deslumbɾ,NL
deslumbɾe,deslumbɾe,deslumbɾ,deslumbɾ,NL
deslumbɾe,deslumbɾe,deslumbɾ,deslumbɾ,NL
deslumbɾe,deslumbɾe,deslumbɾ,deslumbɾ,NL
deslumbɾe,deslumbɾe,deslumbɾ,deslumbɾ,NL
deslumbɾe,deslumbɾe,deslumbɾ,deslumbɾ,NL
deslumbɾe,deslumbɾe,deslumbɾ,deslumbɾ,NL
deslumbɾe,deslumbɾe,deslumbɾ,deslumbɾ,NL
deslumbɾe,deslumbɾe,deslumbɾ,deslumbɾ,NL
deslumbɾe,deslumbɾe,deslumbɾ,deslumbɾ,NL
deslumbɾe,deslumbɾe,deslumbɾ,deslumbɾ,NL
deslumbɾe,deslumbɾe,deslumbɾ,deslumbɾ,NL
deslumbɾe,deslumbɾe,deslumbɾ,deslumbɾ,NL
deslumbɾe,deslumbɾe,deslumbɾ,deslumbɾ,NL
deslumbɾe,deslumbɾe,deslumbɾ,deslumbɾ,NL
deslumbɾe,deslumbɾe,deslumbɾ,deslumbɾ,NL
deslumbɾe,deslumbɾe,deslumbɾ,deslumbɾ,NL
deslumbɾe,deslumbɾe,deslumbɾ,deslumbɾ,NL
deslumbɾe,deslumbɾe,deslumbɾ,deslumbɾ,NL
deslumbɾe,deslumbɾe,deslumbɾ,deslumbɾ,NL
deslumbɾe,deslumbɾe,deslumbɾ,deslumbɾ,NL
deslumbɾe,deslumbɾe,deslumbɾ,deslumbɾ,NL
deslumbɾe,deslumbɾe,deslumbɾ,deslumbɾ,NL
deslumbɾe,deslumbɾe,deslumbɾ,deslumbɾ,NL
deslumbɾe,deslumbɾe,deslumbɾ,deslumbɾ,NL
deslumbɾe,deslumbɾe,deslumbɾ,deslumbɾ,NL
deslumbɾe,deslumbɾe,deslumbɾ,deslumbɾ,NL
deslumbɾe,deslumbɾe,deslumbɾ,deslumbɾ,NL
deslumbɾe,deslumbɾe,deslumbɾ,deslumbɾ,NL
deslumbɾe,deslumbɾe,deslumbɾ,deslumbɾ,NL
deslumbɾe,deslumbɾe,deslumbɾ,deslumbɾ,NL
deslumbɾe,deslumbɾe,deslumbɾ,deslumbɾ,NL
deslumbɾe,deslumbɾe,deslumbɾ,deslumbɾ,NL
deslumbɾe,deslumbɾe,deslumbɾ,deslumbɾ,NL
deslumbɾe,deslumbɾe,deslumbɾ,deslumbɾ,NL
deslumbɾe,deslumbɾe,deslumbɾ,deslumbɾ,NL
deslumbɾe,deslumbɾe,deslumbɾ,deslumbɾ,NL
deslumbɾe,deslumbɾe,deslumbɾ,deslumbɾ,NL
deslumbɾe,deslumbɾe,deslumbɾ,deslumbɾ,NL
deslumbɾe,deslumbɾe,deslumbɾ,deslumbɾ,NL
deslumbɾo,deslumbɾo,deslumbɾ,deslumbɾ,NL
deslumbɾo,deslumbɾo,deslumbɾ,deslumbɾ,NL
deslumbɾo,deslumbɾo,deslumbɾ,deslumbɾ,NL
deslumbɾo,deslumbɾo,deslumbɾ,deslumbɾ,NL
deslumbɾo,deslumbɾo,deslumbɾ,deslumbɾ,NL
deslumbɾo,deslumbɾo,deslumbɾ,deslumbɾ,NL
deslumbɾo,deslumbɾo,deslumbɾ,deslumbɾ,NL
deslumbɾo,deslumbɾo,deslumbɾ,deslumbɾ,NL
deslumbɾo,deslumbɾo,deslumbɾ,deslumbɾ,NL
deslumbɾo,deslumbɾo,deslumbɾ,deslumbɾ,NL
deslumbɾo,deslumbɾo,deslumbɾ,deslumbɾ,NL
deslumbɾo,deslumbɾo,deslumbɾ,deslumbɾ,NL
deslumbɾo,deslumbɾo,deslumbɾ,deslumbɾ,NL
deslumbɾo,deslumbɾo,deslumbɾ,deslumbɾ,NL
deslumbɾo,deslumbɾo,deslumbɾ,deslumbɾ,NL
deslumbɾo,deslumbɾo,deslumbɾ,deslumbɾ,NL
deslumbɾo,deslumbɾo,deslumbɾ,deslumbɾ,NL
deslumbɾo,deslumbɾo,deslumbɾ,deslumbɾ,NL
deslumbɾo,deslumbɾo,deslumbɾ,deslumbɾ,NL
deslumbɾo,deslumbɾo,deslumbɾ,deslumbɾ,NL
deslumbɾo,deslumbɾo,deslumbɾ,deslumbɾ,NL
deslumbɾo,deslumbɾo,deslumbɾ,deslumbɾ,NL
deslumbɾo,deslumbɾo,deslumbɾ,deslumbɾ,NL
deslumbɾo,deslumbɾo,deslumbɾ,deslumbɾ,NL
deslumbɾo,deslumbɾo,deslumbɾ,deslumbɾ,NL
deslumbɾo,deslumbɾo,deslumbɾ,deslumbɾ,NL
deslumbɾo,deslumbɾo,deslumbɾ,deslumbɾ,NL
deslumbɾo,deslumbɾo,deslumbɾ,deslumbɾ,NL
deslumbɾo,deslumbɾo,deslumbɾ,deslumbɾ,NL
deslumbɾo,deslumbɾo,deslumbɾ,deslumbɾ,NL
deslumbɾo,deslumbɾo,deslumbɾ,deslumbɾ,NL
deslumbɾo,deslumbɾo,deslumbɾ,deslumbɾ,NL
deslumbɾo,deslumbɾo,deslumbɾ,deslumbɾ,NL
deslumbɾo,deslumbɾo,deslumbɾ,deslumbɾ,NL
deslumbɾo,deslumbɾo,deslumbɾ,deslumbɾ,NL
deslumbɾo,deslumbɾo,deslumbɾ,deslumbɾ,NL
deslumbɾo,deslumbɾo,deslumbɾ,deslumbɾ,NL
deslumbɾo,deslumbɾo,deslumbɾ,deslumbɾ,NL
deslumbɾo,deslumbɾo,deslumbɾ,deslumbɾ,NL
deslumbɾo,deslumbɾo,deslumbɾ,deslumbɾ,NL
deslumbɾo,deslumbɾo,deslumbɾ,deslumbɾ,NL
deslumbɾo,deslumbɾo,deslumbɾ,deslumbɾ,NL
deslumbɾo,deslumbɾo,deslumbɾ,deslumbɾ,NL
deslumbɾo,deslumbɾo,deslumbɾ,deslumbɾ,NL
deslumbɾo,deslumbɾo,deslumbɾ,deslumbɾ,NL
deslumbɾo,deslumbɾo,deslumbɾ,deslumbɾ,NL
deslumbɾo,deslumbɾo,deslumbɾ,deslumbɾ,NL
deslumbɾo,deslumbɾo,deslumbɾ,deslumbɾ,NL
deslumbɾo,deslumbɾo,deslumbɾ,deslumbɾ,NL
deslumbɾo,deslumbɾo,deslumbɾ,deslumbɾ,NL
deslumbɾo,deslumbɾo,deslumbɾ,deslumbɾ,NL
deslumbɾo,deslumbɾo,deslumbɾ,deslumbɾ,NL
deslumbɾo,deslumbɾo,deslumbɾ,deslumbɾ,NL
deslumbɾo,deslumbɾo,deslumbɾ,deslumbɾ,NL
deslumbɾo,deslumbɾo,deslumbɾ,deslumbɾ,NL
ʧapoteajs,ʧapoteajs,ʧapote,ʧapote,NL
ʧapoteajs,ʧapoteajs,ʧapote,ʧapote,NL
ʧapoteajs,ʧapoteajs,ʧapote,ʧapote,NL
ʧapoteajs,ʧapoteajs,ʧapote,ʧapote,NL
ʧapoteajs,ʧapoteajs,ʧapote,ʧapote,NL
ʧapoteajs,ʧapoteajs,ʧapote,ʧapote,NL
ʧapoteajs,ʧapoteajs,ʧapote,ʧapote,NL
ʧapoteajs,ʧapoteajs,ʧapote,ʧapote,NL
ʧapoteajs,ʧapoteajs,ʧapote,ʧapote,NL
ʧapoteajs,ʧapoteajs,ʧapote,ʧapote,NL
ʧapoteajs,ʧapoteajs,ʧapote,ʧapote,NL
ʧapoteajs,ʧapoteajs,ʧapote,ʧapote,NL
ʧapoteajs,ʧapoteajs,ʧapote,ʧapote,NL
ʧapoteajs,ʧapoteajs,ʧapote,ʧapote,NL
ʧapoteajs,ʧapoteajs,ʧapote,ʧapote,NL
ʧapoteajs,ʧapoteajs,ʧapote,ʧapote,NL
ʧapoteajs,ʧapoteajs,ʧapote,ʧapote,NL
ʧapoteajs,ʧapoteajs,ʧapote,ʧapote,NL
ʧapoteajs,ʧapoteajs,ʧapote,ʧapote,NL
ʧapoteajs,ʧapoteajs,ʧapote,ʧapote,NL
ʧapoteajs,ʧapoteajs,ʧapote,ʧapote,NL
ʧapoteajs,ʧapoteajs,ʧapote,ʧapote,NL
ʧapoteajs,ʧapoteajs,ʧapote,ʧapote,NL
ʧapoteajs,ʧapoteajs,ʧapote,ʧapote,NL
ʧapoteajs,ʧapoteajs,ʧapote,ʧapote,NL
ʧapoteajs,ʧapoteajs,ʧapote,ʧapote,NL
ʧapoteajs,ʧapoteajs,ʧapote,ʧapote,NL
ʧapoteajs,ʧapoteajs,ʧapote,ʧapote,NL
ʧapoteajs,ʧapoteajs,ʧapote,ʧapote,NL
ʧapoteajs,ʧapoteajs,ʧapote,ʧapote,NL
ʧapoteajs,ʧapoteajs,ʧapote,ʧapote,NL
ʧapoteajs,ʧapoteajs,ʧapote,ʧapote,NL
ʧapoteajs,ʧapoteajs,ʧapote,ʧapote,NL
ʧapoteajs,ʧapoteajs,ʧapote,ʧapote,NL
ʧapoteajs,ʧapoteajs,ʧapote,ʧapote,NL
ʧapoteajs,ʧapoteajs,ʧapote,ʧapote,NL
ʧapoteajs,ʧapoteajs,ʧapote,ʧapote,NL
ʧapoteajs,ʧapoteajs,ʧapote,ʧapote,NL
ʧapoteajs,ʧapoteajs,ʧapote,ʧapote,NL
ʧapoteajs,ʧapoteajs,ʧapote,ʧapote,NL
ʧapoteajs,ʧapoteajs,ʧapote,ʧapote,NL
ʧapoteajs,ʧapoteajs,ʧapote,ʧapote,NL
ʧapoteajs,ʧapoteajs,ʧapote,ʧapote,NL
ʧapoteajs,ʧapoteajs,ʧapote,ʧapote,NL
ʧapoteajs,ʧapoteajs,ʧapote,ʧapote,NL
ʧapoteajs,ʧapoteajs,ʧapote,ʧapote,NL
ʧapoteajs,ʧapoteajs,ʧapote,ʧapote,NL
ʧapoteajs,ʧapoteajs,ʧapote,ʧapote,NL
ʧapoteajs,ʧapoteajs,ʧapote,ʧapote,NL
ʧapoteajs,ʧapoteajs,ʧapote,ʧapote,NL
ʧapoteajs,ʧapoteajs,ʧapote,ʧapote,NL
ʧapoteajs,ʧapoteajs,ʧapote,ʧapote,NL
ʧapoteajs,ʧapoteajs,ʧapote,ʧapote,NL
ʧapoteajs,ʧapoteajs,ʧapote,ʧapote,NL
ʧapoteajs,ʧapoteajs,ʧapote,ʧapote,NL
ʧapoteamos,ʧapoteamos,ʧapote,ʧapote,NL
ʧapoteamos,ʧapoteamos,ʧapote,ʧapote,NL
ʧapoteamos,ʧapoteamos,ʧapote,ʧapote,NL
ʧapoteamos,ʧapoteamos,ʧapote,ʧapote,NL
ʧapoteamos,ʧapoteamos,ʧapote,ʧapote,NL
ʧapoteamos,ʧapoteamos,ʧapote,ʧapote,NL
ʧapoteamos,ʧapoteamos,ʧapote,ʧapote,NL
ʧapoteamos,ʧapoteamos,ʧapote,ʧapote,NL
ʧapoteamos,ʧapoteamos,ʧapote,ʧapote,NL
ʧapoteamos,ʧapoteamos,ʧapote,ʧapote,NL
ʧapoteamos,ʧapoteamos,ʧapote,ʧapote,NL
ʧapoteamos,ʧapoteamos,ʧapote,ʧapote,NL
ʧapoteamos,ʧapoteamos,ʧapote,ʧapote,NL
ʧapoteamos,ʧapoteamos,ʧapote,ʧapote,NL
ʧapoteamos,ʧapoteamos,ʧapote,ʧapote,NL
ʧapoteamos,ʧapoteamos,ʧapote,ʧapote,NL
ʧapoteamos,ʧapoteamos,ʧapote,ʧapote,NL
ʧapoteamos,ʧapoteamos,ʧapote,ʧapote,NL
ʧapoteamos,ʧapoteamos,ʧapote,ʧapote,NL
ʧapoteamos,ʧapoteamos,ʧapote,ʧapote,NL
ʧapoteamos,ʧapoteamos,ʧapote,ʧapote,NL
ʧapoteamos,ʧapoteamos,ʧapote,ʧapote,NL
ʧapoteamos,ʧapoteamos,ʧapote,ʧapote,NL
ʧapoteamos,ʧapoteamos,ʧapote,ʧapote,NL
ʧapoteamos,ʧapoteamos,ʧapote,ʧapote,NL
ʧapoteamos,ʧapoteamos,ʧapote,ʧapote,NL
ʧapoteamos,ʧapoteamos,ʧapote,ʧapote,NL
ʧapoteamos,ʧapoteamos,ʧapote,ʧapote,NL
ʧapoteamos,ʧapoteamos,ʧapote,ʧapote,NL
ʧapoteamos,ʧapoteamos,ʧapote,ʧapote,NL
ʧapoteamos,ʧapoteamos,ʧapote,ʧapote,NL
ʧapoteamos,ʧapoteamos,ʧapote,ʧapote,NL
ʧapoteamos,ʧapoteamos,ʧapote,ʧapote,NL
ʧapoteamos,ʧapoteamos,ʧapote,ʧapote,NL
ʧapoteamos,ʧapoteamos,ʧapote,ʧapote,NL
ʧapoteamos,ʧapoteamos,ʧapote,ʧapote,NL
ʧapoteamos,ʧapoteamos,ʧapote,ʧapote,NL
ʧapoteamos,ʧapoteamos,ʧapote,ʧapote,NL
ʧapoteamos,ʧapoteamos,ʧapote,ʧapote,NL
ʧapoteamos,ʧapoteamos,ʧapote,ʧapote,NL
ʧapoteamos,ʧapoteamos,ʧapote,ʧapote,NL
ʧapoteamos,ʧapoteamos,ʧapote,ʧapote,NL
ʧapoteamos,ʧapoteamos,ʧapote,ʧapote,NL
ʧapoteamos,ʧapoteamos,ʧapote,ʧapote,NL
ʧapoteamos,ʧapoteamos,ʧapote,ʧapote,NL
ʧapoteamos,ʧapoteamos,ʧapote,ʧapote,NL
ʧapoteamos,ʧapoteamos,ʧapote,ʧapote,NL
ʧapoteamos,ʧapoteamos,ʧapote,ʧapote,NL
ʧapoteamos,ʧapoteamos,ʧapote,ʧapote,NL
ʧapoteamos,ʧapoteamos,ʧapote,ʧapote,NL
ʧapoteamos,ʧapoteamos,ʧapote,ʧapote,NL
ʧapoteamos,ʧapoteamos,ʧapote,ʧapote,NL
ʧapoteamos,ʧapoteamos,ʧapote,ʧapote,NL
ʧapoteamos,ʧapoteamos,ʧapote,ʧapote,NL
ʧapoteamos,ʧapoteamos,ʧapote,ʧapote,NL
ʧapotean,ʧapotean,ʧapote,ʧapote,NL
ʧapotean,ʧapotean,ʧapote,ʧapote,NL
ʧapotean,ʧapotean,ʧapote,ʧapote,NL
ʧapotean,ʧapotean,ʧapote,ʧapote,NL
ʧapotean,ʧapotean,ʧapote,ʧapote,NL
ʧapotean,ʧapotean,ʧapote,ʧapote,NL
ʧapotean,ʧapotean,ʧapote,ʧapote,NL
ʧapotean,ʧapotean,ʧapote,ʧapote,NL
ʧapotean,ʧapotean,ʧapote,ʧapote,NL
ʧapotean,ʧapotean,ʧapote,ʧapote,NL
ʧapotean,ʧapotean,ʧapote,ʧapote,NL
ʧapotean,ʧapotean,ʧapote,ʧapote,NL
ʧapotean,ʧapotean,ʧapote,ʧapote,NL
ʧapotean,ʧapotean,ʧapote,ʧapote,NL
ʧapotean,ʧapotean,ʧapote,ʧapote,NL
ʧapotean,ʧapotean,ʧapote,ʧapote,NL
ʧapotean,ʧapotean,ʧapote,ʧapote,NL
ʧapotean,ʧapotean,ʧapote,ʧapote,NL
ʧapotean,ʧapotean,ʧapote,ʧapote,NL
ʧapotean,ʧapotean,ʧapote,ʧapote,NL
ʧapotean,ʧapotean,ʧapote,ʧapote,NL
ʧapotean,ʧapotean,ʧapote,ʧapote,NL
ʧapotean,ʧapotean,ʧapote,ʧapote,NL
ʧapotean,ʧapotean,ʧapote,ʧapote,NL
ʧapotean,ʧapotean,ʧapote,ʧapote,NL
ʧapotean,ʧapotean,ʧapote,ʧapote,NL
ʧapotean,ʧapotean,ʧapote,ʧapote,NL
ʧapotean,ʧapotean,ʧapote,ʧapote,NL
ʧapotean,ʧapotean,ʧapote,ʧapote,NL
ʧapotean,ʧapotean,ʧapote,ʧapote,NL
ʧapotean,ʧapotean,ʧapote,ʧapote,NL
ʧapotean,ʧapotean,ʧapote,ʧapote,NL
ʧapotean,ʧapotean,ʧapote,ʧapote,NL
ʧapotean,ʧapotean,ʧapote,ʧapote,NL
ʧapotean,ʧapotean,ʧapote,ʧapote,NL
ʧapotean,ʧapotean,ʧapote,ʧapote,NL
ʧapotean,ʧapotean,ʧapote,ʧapote,NL
ʧapotean,ʧapotean,ʧapote,ʧapote,NL
ʧapotean,ʧapotean,ʧapote,ʧapote,NL
ʧapotean,ʧapotean,ʧapote,ʧapote,NL
ʧapotean,ʧapotean,ʧapote,ʧapote,NL
ʧapotean,ʧapotean,ʧapote,ʧapote,NL
ʧapotean,ʧapotean,ʧapote,ʧapote,NL
ʧapotean,ʧapotean,ʧapote,ʧapote,NL
ʧapotean,ʧapotean,ʧapote,ʧapote,NL
ʧapotean,ʧapotean,ʧapote,ʧapote,NL
ʧapotean,ʧapotean,ʧapote,ʧapote,NL
ʧapotean,ʧapotean,ʧapote,ʧapote,NL
ʧapotean,ʧapotean,ʧapote,ʧapote,NL
ʧapotean,ʧapotean,ʧapote,ʧapote,NL
ʧapotean,ʧapotean,ʧapote,ʧapote,NL
ʧapotean,ʧapotean,ʧapote,ʧapote,NL
ʧapotean,ʧapotean,ʧapote,ʧapote,NL
ʧapotean,ʧapotean,ʧapote,ʧapote,NL
ʧapotean,ʧapotean,ʧapote,ʧapote,NL
ʧapoteas,ʧapoteas,ʧapote,ʧapote,NL
ʧapoteas,ʧapoteas,ʧapote,ʧapote,NL
ʧapoteas,ʧapoteas,ʧapote,ʧapote,NL
ʧapoteas,ʧapoteas,ʧapote,ʧapote,NL
ʧapoteas,ʧapoteas,ʧapote,ʧapote,NL
ʧapoteas,ʧapoteas,ʧapote,ʧapote,NL
ʧapoteas,ʧapoteas,ʧapote,ʧapote,NL
ʧapoteas,ʧapoteas,ʧapote,ʧapote,NL
ʧapoteas,ʧapoteas,ʧapote,ʧapote,NL
ʧapoteas,ʧapoteas,ʧapote,ʧapote,NL
ʧapoteas,ʧapoteas,ʧapote,ʧapote,NL
ʧapoteas,ʧapoteas,ʧapote,ʧapote,NL
ʧapoteas,ʧapoteas,ʧapote,ʧapote,NL
ʧapoteas,ʧapoteas,ʧapote,ʧapote,NL
ʧapoteas,ʧapoteas,ʧapote,ʧapote,NL
ʧapoteas,ʧapoteas,ʧapote,ʧapote,NL
ʧapoteas,ʧapoteas,ʧapote,ʧapote,NL
ʧapoteas,ʧapoteas,ʧapote,ʧapote,NL
ʧapoteas,ʧapoteas,ʧapote,ʧapote,NL
ʧapoteas,ʧapoteas,ʧapote,ʧapote,NL
ʧapoteas,ʧapoteas,ʧapote,ʧapote,NL
ʧapoteas,ʧapoteas,ʧapote,ʧapote,NL
ʧapoteas,ʧapoteas,ʧapote,ʧapote,NL
ʧapoteas,ʧapoteas,ʧapote,ʧapote,NL
ʧapoteas,ʧapoteas,ʧapote,ʧapote,NL
ʧapoteas,ʧapoteas,ʧapote,ʧapote,NL
ʧapoteas,ʧapoteas,ʧapote,ʧapote,NL
ʧapoteas,ʧapoteas,ʧapote,ʧapote,NL
ʧapoteas,ʧapoteas,ʧapote,ʧapote,NL
ʧapoteas,ʧapoteas,ʧapote,ʧapote,NL
ʧapoteas,ʧapoteas,ʧapote,ʧapote,NL
ʧapoteas,ʧapoteas,ʧapote,ʧapote,NL
ʧapoteas,ʧapoteas,ʧapote,ʧapote,NL
ʧapoteas,ʧapoteas,ʧapote,ʧapote,NL
ʧapoteas,ʧapoteas,ʧapote,ʧapote,NL
ʧapoteas,ʧapoteas,ʧapote,ʧapote,NL
ʧapoteas,ʧapoteas,ʧapote,ʧapote,NL
ʧapoteas,ʧapoteas,ʧapote,ʧapote,NL
ʧapoteas,ʧapoteas,ʧapote,ʧapote,NL
ʧapoteas,ʧapoteas,ʧapote,ʧapote,NL
ʧapoteas,ʧapoteas,ʧapote,ʧapote,NL
ʧapoteas,ʧapoteas,ʧapote,ʧapote,NL
ʧapoteas,ʧapoteas,ʧapote,ʧapote,NL
ʧapoteas,ʧapoteas,ʧapote,ʧapote,NL
ʧapoteas,ʧapoteas,ʧapote,ʧapote,NL
ʧapoteas,ʧapoteas,ʧapote,ʧapote,NL
ʧapoteas,ʧapoteas,ʧapote,ʧapote,NL
ʧapoteas,ʧapoteas,ʧapote,ʧapote,NL
ʧapoteas,ʧapoteas,ʧapote,ʧapote,NL
ʧapoteas,ʧapoteas,ʧapote,ʧapote,NL
ʧapoteas,ʧapoteas,ʧapote,ʧapote,NL
ʧapoteas,ʧapoteas,ʧapote,ʧapote,NL
ʧapoteas,ʧapoteas,ʧapote,ʧapote,NL
ʧapoteas,ʧapoteas,ʧapote,ʧapote,NL
ʧapoteas,ʧapoteas,ʧapote,ʧapote,NL
ʧapotea,ʧapotea,ʧapote,ʧapote,NL
ʧapotea,ʧapotea,ʧapote,ʧapote,NL
ʧapotea,ʧapotea,ʧapote,ʧapote,NL
ʧapotea,ʧapotea,ʧapote,ʧapote,NL
ʧapotea,ʧapotea,ʧapote,ʧapote,NL
ʧapotea,ʧapotea,ʧapote,ʧapote,NL
ʧapotea,ʧapotea,ʧapote,ʧapote,NL
ʧapotea,ʧapotea,ʧapote,ʧapote,NL
ʧapotea,ʧapotea,ʧapote,ʧapote,NL
ʧapotea,ʧapotea,ʧapote,ʧapote,NL
ʧapotea,ʧapotea,ʧapote,ʧapote,NL
ʧapotea,ʧapotea,ʧapote,ʧapote,NL
ʧapotea,ʧapotea,ʧapote,ʧapote,NL
ʧapotea,ʧapotea,ʧapote,ʧapote,NL
ʧapotea,ʧapotea,ʧapote,ʧapote,NL
ʧapotea,ʧapotea,ʧapote,ʧapote,NL
ʧapotea,ʧapotea,ʧapote,ʧapote,NL
ʧapotea,ʧapotea,ʧapote,ʧapote,NL
ʧapotea,ʧapotea,ʧapote,ʧapote,NL
ʧapotea,ʧapotea,ʧapote,ʧapote,NL
ʧapotea,ʧapotea,ʧapote,ʧapote,NL
ʧapotea,ʧapotea,ʧapote,ʧapote,NL
ʧapotea,ʧapotea,ʧapote,ʧapote,NL
ʧapotea,ʧapotea,ʧapote,ʧapote,NL
ʧapotea,ʧapotea,ʧapote,ʧapote,NL
ʧapotea,ʧapotea,ʧapote,ʧapote,NL
ʧapotea,ʧapotea,ʧapote,ʧapote,NL
ʧapotea,ʧapotea,ʧapote,ʧapote,NL
ʧapotea,ʧapotea,ʧapote,ʧapote,NL
ʧapotea,ʧapotea,ʧapote,ʧapote,NL
ʧapotea,ʧapotea,ʧapote,ʧapote,NL
ʧapotea,ʧapotea,ʧapote,ʧapote,NL
ʧapotea,ʧapotea,ʧapote,ʧapote,NL
ʧapotea,ʧapotea,ʧapote,ʧapote,NL
ʧapotea,ʧapotea,ʧapote,ʧapote,NL
ʧapotea,ʧapotea,ʧapote,ʧapote,NL
ʧapotea,ʧapotea,ʧapote,ʧapote,NL
ʧapotea,ʧapotea,ʧapote,ʧapote,NL
ʧapotea,ʧapotea,ʧapote,ʧapote,NL
ʧapotea,ʧapotea,ʧapote,ʧapote,NL
ʧapotea,ʧapotea,ʧapote,ʧapote,NL
ʧapotea,ʧapotea,ʧapote,ʧapote,NL
ʧapotea,ʧapotea,ʧapote,ʧapote,NL
ʧapotea,ʧapotea,ʧapote,ʧapote,NL
ʧapotea,ʧapotea,ʧapote,ʧapote,NL
ʧapotea,ʧapotea,ʧapote,ʧapote,NL
ʧapotea,ʧapotea,ʧapote,ʧapote,NL
ʧapotea,ʧapotea,ʧapote,ʧapote,NL
ʧapotea,ʧapotea,ʧapote,ʧapote,NL
ʧapotea,ʧapotea,ʧapote,ʧapote,NL
ʧapotea,ʧapotea,ʧapote,ʧapote,NL
ʧapotea,ʧapotea,ʧapote,ʧapote,NL
ʧapotea,ʧapotea,ʧapote,ʧapote,NL
ʧapotea,ʧapotea,ʧapote,ʧapote,NL
ʧapotea,ʧapotea,ʧapote,ʧapote,NL
ʧapoteejs,ʧapoteejs,ʧapote,ʧapote,NL
ʧapoteejs,ʧapoteejs,ʧapote,ʧapote,NL
ʧapoteejs,ʧapoteejs,ʧapote,ʧapote,NL
ʧapoteejs,ʧapoteejs,ʧapote,ʧapote,NL
ʧapoteejs,ʧapoteejs,ʧapote,ʧapote,NL
ʧapoteejs,ʧapoteejs,ʧapote,ʧapote,NL
ʧapoteejs,ʧapoteejs,ʧapote,ʧapote,NL
ʧapoteejs,ʧapoteejs,ʧapote,ʧapote,NL
ʧapoteejs,ʧapoteejs,ʧapote,ʧapote,NL
ʧapoteejs,ʧapoteejs,ʧapote,ʧapote,NL
ʧapoteejs,ʧapoteejs,ʧapote,ʧapote,NL
ʧapoteejs,ʧapoteejs,ʧapote,ʧapote,NL
ʧapoteejs,ʧapoteejs,ʧapote,ʧapote,NL
ʧapoteejs,ʧapoteejs,ʧapote,ʧapote,NL
ʧapoteejs,ʧapoteejs,ʧapote,ʧapote,NL
ʧapoteejs,ʧapoteejs,ʧapote,ʧapote,NL
ʧapoteejs,ʧapoteejs,ʧapote,ʧapote,NL
ʧapoteejs,ʧapoteejs,ʧapote,ʧapote,NL
ʧapoteejs,ʧapoteejs,ʧapote,ʧapote,NL
ʧapoteejs,ʧapoteejs,ʧapote,ʧapote,NL
ʧapoteejs,ʧapoteejs,ʧapote,ʧapote,NL
ʧapoteejs,ʧapoteejs,ʧapote,ʧapote,NL
ʧapoteejs,ʧapoteejs,ʧapote,ʧapote,NL
ʧapoteejs,ʧapoteejs,ʧapote,ʧapote,NL
ʧapoteejs,ʧapoteejs,ʧapote,ʧapote,NL
ʧapoteejs,ʧapoteejs,ʧapote,ʧapote,NL
ʧapoteejs,ʧapoteejs,ʧapote,ʧapote,NL
ʧapoteejs,ʧapoteejs,ʧapote,ʧapote,NL
ʧapoteejs,ʧapoteejs,ʧapote,ʧapote,NL
ʧapoteejs,ʧapoteejs,ʧapote,ʧapote,NL
ʧapoteejs,ʧapoteejs,ʧapote,ʧapote,NL
ʧapoteejs,ʧapoteejs,ʧapote,ʧapote,NL
ʧapoteejs,ʧapoteejs,ʧapote,ʧapote,NL
ʧapoteejs,ʧapoteejs,ʧapote,ʧapote,NL
ʧapoteejs,ʧapoteejs,ʧapote,ʧapote,NL
ʧapoteejs,ʧapoteejs,ʧapote,ʧapote,NL
ʧapoteejs,ʧapoteejs,ʧapote,ʧapote,NL
ʧapoteejs,ʧapoteejs,ʧapote,ʧapote,NL
ʧapoteejs,ʧapoteejs,ʧapote,ʧapote,NL
ʧapoteejs,ʧapoteejs,ʧapote,ʧapote,NL
ʧapoteejs,ʧapoteejs,ʧapote,ʧapote,NL
ʧapoteejs,ʧapoteejs,ʧapote,ʧapote,NL
ʧapoteejs,ʧapoteejs,ʧapote,ʧapote,NL
ʧapoteejs,ʧapoteejs,ʧapote,ʧapote,NL
ʧapoteejs,ʧapoteejs,ʧapote,ʧapote,NL
ʧapoteejs,ʧapoteejs,ʧapote,ʧapote,NL
ʧapoteejs,ʧapoteejs,ʧapote,ʧapote,NL
ʧapoteejs,ʧapoteejs,ʧapote,ʧapote,NL
ʧapoteejs,ʧapoteejs,ʧapote,ʧapote,NL
ʧapoteejs,ʧapoteejs,ʧapote,ʧapote,NL
ʧapoteejs,ʧapoteejs,ʧapote,ʧapote,NL
ʧapoteejs,ʧapoteejs,ʧapote,ʧapote,NL
ʧapoteejs,ʧapoteejs,ʧapote,ʧapote,NL
ʧapoteejs,ʧapoteejs,ʧapote,ʧapote,NL
ʧapoteejs,ʧapoteejs,ʧapote,ʧapote,NL
ʧapoteemos,ʧapoteemos,ʧapote,ʧapote,NL
ʧapoteemos,ʧapoteemos,ʧapote,ʧapote,NL
ʧapoteemos,ʧapoteemos,ʧapote,ʧapote,NL
ʧapoteemos,ʧapoteemos,ʧapote,ʧapote,NL
ʧapoteemos,ʧapoteemos,ʧapote,ʧapote,NL
ʧapoteemos,ʧapoteemos,ʧapote,ʧapote,NL
ʧapoteemos,ʧapoteemos,ʧapote,ʧapote,NL
ʧapoteemos,ʧapoteemos,ʧapote,ʧapote,NL
ʧapoteemos,ʧapoteemos,ʧapote,ʧapote,NL
ʧapoteemos,ʧapoteemos,ʧapote,ʧapote,NL
ʧapoteemos,ʧapoteemos,ʧapote,ʧapote,NL
ʧapoteemos,ʧapoteemos,ʧapote,ʧapote,NL
ʧapoteemos,ʧapoteemos,ʧapote,ʧapote,NL
ʧapoteemos,ʧapoteemos,ʧapote,ʧapote,NL
ʧapoteemos,ʧapoteemos,ʧapote,ʧapote,NL
ʧapoteemos,ʧapoteemos,ʧapote,ʧapote,NL
ʧapoteemos,ʧapoteemos,ʧapote,ʧapote,NL
ʧapoteemos,ʧapoteemos,ʧapote,ʧapote,NL
ʧapoteemos,ʧapoteemos,ʧapote,ʧapote,NL
ʧapoteemos,ʧapoteemos,ʧapote,ʧapote,NL
ʧapoteemos,ʧapoteemos,ʧapote,ʧapote,NL
ʧapoteemos,ʧapoteemos,ʧapote,ʧapote,NL
ʧapoteemos,ʧapoteemos,ʧapote,ʧapote,NL
ʧapoteemos,ʧapoteemos,ʧapote,ʧapote,NL
ʧapoteemos,ʧapoteemos,ʧapote,ʧapote,NL
ʧapoteemos,ʧapoteemos,ʧapote,ʧapote,NL
ʧapoteemos,ʧapoteemos,ʧapote,ʧapote,NL
ʧapoteemos,ʧapoteemos,ʧapote,ʧapote,NL
ʧapoteemos,ʧapoteemos,ʧapote,ʧapote,NL
ʧapoteemos,ʧapoteemos,ʧapote,ʧapote,NL
ʧapoteemos,ʧapoteemos,ʧapote,ʧapote,NL
ʧapoteemos,ʧapoteemos,ʧapote,ʧapote,NL
ʧapoteemos,ʧapoteemos,ʧapote,ʧapote,NL
ʧapoteemos,ʧapoteemos,ʧapote,ʧapote,NL
ʧapoteemos,ʧapoteemos,ʧapote,ʧapote,NL
ʧapoteemos,ʧapoteemos,ʧapote,ʧapote,NL
ʧapoteemos,ʧapoteemos,ʧapote,ʧapote,NL
ʧapoteemos,ʧapoteemos,ʧapote,ʧapote,NL
ʧapoteemos,ʧapoteemos,ʧapote,ʧapote,NL
ʧapoteemos,ʧapoteemos,ʧapote,ʧapote,NL
ʧapoteemos,ʧapoteemos,ʧapote,ʧapote,NL
ʧapoteemos,ʧapoteemos,ʧapote,ʧapote,NL
ʧapoteemos,ʧapoteemos,ʧapote,ʧapote,NL
ʧapoteemos,ʧapoteemos,ʧapote,ʧapote,NL
ʧapoteemos,ʧapoteemos,ʧapote,ʧapote,NL
ʧapoteemos,ʧapoteemos,ʧapote,ʧapote,NL
ʧapoteemos,ʧapoteemos,ʧapote,ʧapote,NL
ʧapoteemos,ʧapoteemos,ʧapote,ʧapote,NL
ʧapoteemos,ʧapoteemos,ʧapote,ʧapote,NL
ʧapoteemos,ʧapoteemos,ʧapote,ʧapote,NL
ʧapoteemos,ʧapoteemos,ʧapote,ʧapote,NL
ʧapoteemos,ʧapoteemos,ʧapote,ʧapote,NL
ʧapoteemos,ʧapoteemos,ʧapote,ʧapote,NL
ʧapoteemos,ʧapoteemos,ʧapote,ʧapote,NL
ʧapoteemos,ʧapoteemos,ʧapote,ʧapote,NL
ʧapoteen,ʧapoteen,ʧapote,ʧapote,NL
ʧapoteen,ʧapoteen,ʧapote,ʧapote,NL
ʧapoteen,ʧapoteen,ʧapote,ʧapote,NL
ʧapoteen,ʧapoteen,ʧapote,ʧapote,NL
ʧapoteen,ʧapoteen,ʧapote,ʧapote,NL
ʧapoteen,ʧapoteen,ʧapote,ʧapote,NL
ʧapoteen,ʧapoteen,ʧapote,ʧapote,NL
ʧapoteen,ʧapoteen,ʧapote,ʧapote,NL
ʧapoteen,ʧapoteen,ʧapote,ʧapote,NL
ʧapoteen,ʧapoteen,ʧapote,ʧapote,NL
ʧapoteen,ʧapoteen,ʧapote,ʧapote,NL
ʧapoteen,ʧapoteen,ʧapote,ʧapote,NL
ʧapoteen,ʧapoteen,ʧapote,ʧapote,NL
ʧapoteen,ʧapoteen,ʧapote,ʧapote,NL
ʧapoteen,ʧapoteen,ʧapote,ʧapote,NL
ʧapoteen,ʧapoteen,ʧapote,ʧapote,NL
ʧapoteen,ʧapoteen,ʧapote,ʧapote,NL
ʧapoteen,ʧapoteen,ʧapote,ʧapote,NL
ʧapoteen,ʧapoteen,ʧapote,ʧapote,NL
ʧapoteen,ʧapoteen,ʧapote,ʧapote,NL
ʧapoteen,ʧapoteen,ʧapote,ʧapote,NL
ʧapoteen,ʧapoteen,ʧapote,ʧapote,NL
ʧapoteen,ʧapoteen,ʧapote,ʧapote,NL
ʧapoteen,ʧapoteen,ʧapote,ʧapote,NL
ʧapoteen,ʧapoteen,ʧapote,ʧapote,NL
ʧapoteen,ʧapoteen,ʧapote,ʧapote,NL
ʧapoteen,ʧapoteen,ʧapote,ʧapote,NL
ʧapoteen,ʧapoteen,ʧapote,ʧapote,NL
ʧapoteen,ʧapoteen,ʧapote,ʧapote,NL
ʧapoteen,ʧapoteen,ʧapote,ʧapote,NL
ʧapoteen,ʧapoteen,ʧapote,ʧapote,NL
ʧapoteen,ʧapoteen,ʧapote,ʧapote,NL
ʧapoteen,ʧapoteen,ʧapote,ʧapote,NL
ʧapoteen,ʧapoteen,ʧapote,ʧapote,NL
ʧapoteen,ʧapoteen,ʧapote,ʧapote,NL
ʧapoteen,ʧapoteen,ʧapote,ʧapote,NL
ʧapoteen,ʧapoteen,ʧapote,ʧapote,NL
ʧapoteen,ʧapoteen,ʧapote,ʧapote,NL
ʧapoteen,ʧapoteen,ʧapote,ʧapote,NL
ʧapoteen,ʧapoteen,ʧapote,ʧapote,NL
ʧapoteen,ʧapoteen,ʧapote,ʧapote,NL
ʧapoteen,ʧapoteen,ʧapote,ʧapote,NL
ʧapoteen,ʧapoteen,ʧapote,ʧapote,NL
ʧapoteen,ʧapoteen,ʧapote,ʧapote,NL
ʧapoteen,ʧapoteen,ʧapote,ʧapote,NL
ʧapoteen,ʧapoteen,ʧapote,ʧapote,NL
ʧapoteen,ʧapoteen,ʧapote,ʧapote,NL
ʧapoteen,ʧapoteen,ʧapote,ʧapote,NL
ʧapoteen,ʧapoteen,ʧapote,ʧapote,NL
ʧapoteen,ʧapoteen,ʧapote,ʧapote,NL
ʧapoteen,ʧapoteen,ʧapote,ʧapote,NL
ʧapoteen,ʧapoteen,ʧapote,ʧapote,NL
ʧapoteen,ʧapoteen,ʧapote,ʧapote,NL
ʧapoteen,ʧapoteen,ʧapote,ʧapote,NL
ʧapoteen,ʧapoteen,ʧapote,ʧapote,NL
ʧapotees,ʧapotees,ʧapote,ʧapote,NL
ʧapotees,ʧapotees,ʧapote,ʧapote,NL
ʧapotees,ʧapotees,ʧapote,ʧapote,NL
ʧapotees,ʧapotees,ʧapote,ʧapote,NL
ʧapotees,ʧapotees,ʧapote,ʧapote,NL
ʧapotees,ʧapotees,ʧapote,ʧapote,NL
ʧapotees,ʧapotees,ʧapote,ʧapote,NL
ʧapotees,ʧapotees,ʧapote,ʧapote,NL
ʧapotees,ʧapotees,ʧapote,ʧapote,NL
ʧapotees,ʧapotees,ʧapote,ʧapote,NL
ʧapotees,ʧapotees,ʧapote,ʧapote,NL
ʧapotees,ʧapotees,ʧapote,ʧapote,NL
ʧapotees,ʧapotees,ʧapote,ʧapote,NL
ʧapotees,ʧapotees,ʧapote,ʧapote,NL
ʧapotees,ʧapotees,ʧapote,ʧapote,NL
ʧapotees,ʧapotees,ʧapote,ʧapote,NL
ʧapotees,ʧapotees,ʧapote,ʧapote,NL
ʧapotees,ʧapotees,ʧapote,ʧapote,NL
ʧapotees,ʧapotees,ʧapote,ʧapote,NL
ʧapotees,ʧapotees,ʧapote,ʧapote,NL
ʧapotees,ʧapotees,ʧapote,ʧapote,NL
ʧapotees,ʧapotees,ʧapote,ʧapote,NL
ʧapotees,ʧapotees,ʧapote,ʧapote,NL
ʧapotees,ʧapotees,ʧapote,ʧapote,NL
ʧapotees,ʧapotees,ʧapote,ʧapote,NL
ʧapotees,ʧapotees,ʧapote,ʧapote,NL
ʧapotees,ʧapotees,ʧapote,ʧapote,NL
ʧapotees,ʧapotees,ʧapote,ʧapote,NL
ʧapotees,ʧapotees,ʧapote,ʧapote,NL
ʧapotees,ʧapotees,ʧapote,ʧapote,NL
ʧapotees,ʧapotees,ʧapote,ʧapote,NL
ʧapotees,ʧapotees,ʧapote,ʧapote,NL
ʧapotees,ʧapotees,ʧapote,ʧapote,NL
ʧapotees,ʧapotees,ʧapote,ʧapote,NL
ʧapotees,ʧapotees,ʧapote,ʧapote,NL
ʧapotees,ʧapotees,ʧapote,ʧapote,NL
ʧapotees,ʧapotees,ʧapote,ʧapote,NL
ʧapotees,ʧapotees,ʧapote,ʧapote,NL
ʧapotees,ʧapotees,ʧapote,ʧapote,NL
ʧapotees,ʧapotees,ʧapote,ʧapote,NL
ʧapotees,ʧapotees,ʧapote,ʧapote,NL
ʧapotees,ʧapotees,ʧapote,ʧapote,NL
ʧapotees,ʧapotees,ʧapote,ʧapote,NL
ʧapotees,ʧapotees,ʧapote,ʧapote,NL
ʧapotees,ʧapotees,ʧapote,ʧapote,NL
ʧapotees,ʧapotees,ʧapote,ʧapote,NL
ʧapotees,ʧapotees,ʧapote,ʧapote,NL
ʧapotees,ʧapotees,ʧapote,ʧapote,NL
ʧapotees,ʧapotees,ʧapote,ʧapote,NL
ʧapotees,ʧapotees,ʧapote,ʧapote,NL
ʧapotees,ʧapotees,ʧapote,ʧapote,NL
ʧapotees,ʧapotees,ʧapote,ʧapote,NL
ʧapotees,ʧapotees,ʧapote,ʧapote,NL
ʧapotees,ʧapotees,ʧapote,ʧapote,NL
ʧapotees,ʧapotees,ʧapote,ʧapote,NL
ʧapotee,ʧapotee,ʧapote,ʧapote,NL
ʧapotee,ʧapotee,ʧapote,ʧapote,NL
ʧapotee,ʧapotee,ʧapote,ʧapote,NL
ʧapotee,ʧapotee,ʧapote,ʧapote,NL
ʧapotee,ʧapotee,ʧapote,ʧapote,NL
ʧapotee,ʧapotee,ʧapote,ʧapote,NL
ʧapotee,ʧapotee,ʧapote,ʧapote,NL
ʧapotee,ʧapotee,ʧapote,ʧapote,NL
ʧapotee,ʧapotee,ʧapote,ʧapote,NL
ʧapotee,ʧapotee,ʧapote,ʧapote,NL
ʧapotee,ʧapotee,ʧapote,ʧapote,NL
ʧapotee,ʧapotee,ʧapote,ʧapote,NL
ʧapotee,ʧapotee,ʧapote,ʧapote,NL
ʧapotee,ʧapotee,ʧapote,ʧapote,NL
ʧapotee,ʧapotee,ʧapote,ʧapote,NL
ʧapotee,ʧapotee,ʧapote,ʧapote,NL
ʧapotee,ʧapotee,ʧapote,ʧapote,NL
ʧapotee,ʧapotee,ʧapote,ʧapote,NL
ʧapotee,ʧapotee,ʧapote,ʧapote,NL
ʧapotee,ʧapotee,ʧapote,ʧapote,NL
ʧapotee,ʧapotee,ʧapote,ʧapote,NL
ʧapotee,ʧapotee,ʧapote,ʧapote,NL
ʧapotee,ʧapotee,ʧapote,ʧapote,NL
ʧapotee,ʧapotee,ʧapote,ʧapote,NL
ʧapotee,ʧapotee,ʧapote,ʧapote,NL
ʧapotee,ʧapotee,ʧapote,ʧapote,NL
ʧapotee,ʧapotee,ʧapote,ʧapote,NL
ʧapotee,ʧapotee,ʧapote,ʧapote,NL
ʧapotee,ʧapotee,ʧapote,ʧapote,NL
ʧapotee,ʧapotee,ʧapote,ʧapote,NL
ʧapotee,ʧapotee,ʧapote,ʧapote,NL
ʧapotee,ʧapotee,ʧapote,ʧapote,NL
ʧapotee,ʧapotee,ʧapote,ʧapote,NL
ʧapotee,ʧapotee,ʧapote,ʧapote,NL
ʧapotee,ʧapotee,ʧapote,ʧapote,NL
ʧapotee,ʧapotee,ʧapote,ʧapote,NL
ʧapotee,ʧapotee,ʧapote,ʧapote,NL
ʧapotee,ʧapotee,ʧapote,ʧapote,NL
ʧapotee,ʧapotee,ʧapote,ʧapote,NL
ʧapotee,ʧapotee,ʧapote,ʧapote,NL
ʧapotee,ʧapotee,ʧapote,ʧapote,NL
ʧapotee,ʧapotee,ʧapote,ʧapote,NL
ʧapotee,ʧapotee,ʧapote,ʧapote,NL
ʧapotee,ʧapotee,ʧapote,ʧapote,NL
ʧapotee,ʧapotee,ʧapote,ʧapote,NL
ʧapotee,ʧapotee,ʧapote,ʧapote,NL
ʧapotee,ʧapotee,ʧapote,ʧapote,NL
ʧapotee,ʧapotee,ʧapote,ʧapote,NL
ʧapotee,ʧapotee,ʧapote,ʧapote,NL
ʧapotee,ʧapotee,ʧapote,ʧapote,NL
ʧapotee,ʧapotee,ʧapote,ʧapote,NL
ʧapotee,ʧapotee,ʧapote,ʧapote,NL
ʧapotee,ʧapotee,ʧapote,ʧapote,NL
ʧapotee,ʧapotee,ʧapote,ʧapote,NL
ʧapotee,ʧapotee,ʧapote,ʧapote,NL
ʧapotee,ʧapotee,ʧapote,ʧapote,NL
ʧapotee,ʧapotee,ʧapote,ʧapote,NL
ʧapotee,ʧapotee,ʧapote,ʧapote,NL
ʧapotee,ʧapotee,ʧapote,ʧapote,NL
ʧapotee,ʧapotee,ʧapote,ʧapote,NL
ʧapotee,ʧapotee,ʧapote,ʧapote,NL
ʧapotee,ʧapotee,ʧapote,ʧapote,NL
ʧapotee,ʧapotee,ʧapote,ʧapote,NL
ʧapotee,ʧapotee,ʧapote,ʧapote,NL
ʧapotee,ʧapotee,ʧapote,ʧapote,NL
ʧapotee,ʧapotee,ʧapote,ʧapote,NL
ʧapotee,ʧapotee,ʧapote,ʧapote,NL
ʧapotee,ʧapotee,ʧapote,ʧapote,NL
ʧapotee,ʧapotee,ʧapote,ʧapote,NL
ʧapotee,ʧapotee,ʧapote,ʧapote,NL
ʧapotee,ʧapotee,ʧapote,ʧapote,NL
ʧapotee,ʧapotee,ʧapote,ʧapote,NL
ʧapotee,ʧapotee,ʧapote,ʧapote,NL
ʧapotee,ʧapotee,ʧapote,ʧapote,NL
ʧapotee,ʧapotee,ʧapote,ʧapote,NL
ʧapotee,ʧapotee,ʧapote,ʧapote,NL
ʧapotee,ʧapotee,ʧapote,ʧapote,NL
ʧapotee,ʧapotee,ʧapote,ʧapote,NL
ʧapotee,ʧapotee,ʧapote,ʧapote,NL
ʧapotee,ʧapotee,ʧapote,ʧapote,NL
ʧapotee,ʧapotee,ʧapote,ʧapote,NL
ʧapotee,ʧapotee,ʧapote,ʧapote,NL
ʧapotee,ʧapotee,ʧapote,ʧapote,NL
ʧapotee,ʧapotee,ʧapote,ʧapote,NL
ʧapotee,ʧapotee,ʧapote,ʧapote,NL
ʧapotee,ʧapotee,ʧapote,ʧapote,NL
ʧapotee,ʧapotee,ʧapote,ʧapote,NL
ʧapotee,ʧapotee,ʧapote,ʧapote,NL
ʧapotee,ʧapotee,ʧapote,ʧapote,NL
ʧapotee,ʧapotee,ʧapote,ʧapote,NL
ʧapotee,ʧapotee,ʧapote,ʧapote,NL
ʧapotee,ʧapotee,ʧapote,ʧapote,NL
ʧapotee,ʧapotee,ʧapote,ʧapote,NL
ʧapotee,ʧapotee,ʧapote,ʧapote,NL
ʧapotee,ʧapotee,ʧapote,ʧapote,NL
ʧapotee,ʧapotee,ʧapote,ʧapote,NL
ʧapotee,ʧapotee,ʧapote,ʧapote,NL
ʧapotee,ʧapotee,ʧapote,ʧapote,NL
ʧapotee,ʧapotee,ʧapote,ʧapote,NL
ʧapotee,ʧapotee,ʧapote,ʧapote,NL
ʧapotee,ʧapotee,ʧapote,ʧapote,NL
ʧapotee,ʧapotee,ʧapote,ʧapote,NL
ʧapotee,ʧapotee,ʧapote,ʧapote,NL
ʧapotee,ʧapotee,ʧapote,ʧapote,NL
ʧapotee,ʧapotee,ʧapote,ʧapote,NL
ʧapotee,ʧapotee,ʧapote,ʧapote,NL
ʧapotee,ʧapotee,ʧapote,ʧapote,NL
ʧapotee,ʧapotee,ʧapote,ʧapote,NL
ʧapotee,ʧapotee,ʧapote,ʧapote,NL
ʧapotee,ʧapotee,ʧapote,ʧapote,NL
ʧapoteo,ʧapoteo,ʧapote,ʧapote,NL
ʧapoteo,ʧapoteo,ʧapote,ʧapote,NL
ʧapoteo,ʧapoteo,ʧapote,ʧapote,NL
ʧapoteo,ʧapoteo,ʧapote,ʧapote,NL
ʧapoteo,ʧapoteo,ʧapote,ʧapote,NL
ʧapoteo,ʧapoteo,ʧapote,ʧapote,NL
ʧapoteo,ʧapoteo,ʧapote,ʧapote,NL
ʧapoteo,ʧapoteo,ʧapote,ʧapote,NL
ʧapoteo,ʧapoteo,ʧapote,ʧapote,NL
ʧapoteo,ʧapoteo,ʧapote,ʧapote,NL
ʧapoteo,ʧapoteo,ʧapote,ʧapote,NL
ʧapoteo,ʧapoteo,ʧapote,ʧapote,NL
ʧapoteo,ʧapoteo,ʧapote,ʧapote,NL
ʧapoteo,ʧapoteo,ʧapote,ʧapote,NL
ʧapoteo,ʧapoteo,ʧapote,ʧapote,NL
ʧapoteo,ʧapoteo,ʧapote,ʧapote,NL
ʧapoteo,ʧapoteo,ʧapote,ʧapote,NL
ʧapoteo,ʧapoteo,ʧapote,ʧapote,NL
ʧapoteo,ʧapoteo,ʧapote,ʧapote,NL
ʧapoteo,ʧapoteo,ʧapote,ʧapote,NL
ʧapoteo,ʧapoteo,ʧapote,ʧapote,NL
ʧapoteo,ʧapoteo,ʧapote,ʧapote,NL
ʧapoteo,ʧapoteo,ʧapote,ʧapote,NL
ʧapoteo,ʧapoteo,ʧapote,ʧapote,NL
ʧapoteo,ʧapoteo,ʧapote,ʧapote,NL
ʧapoteo,ʧapoteo,ʧapote,ʧapote,NL
ʧapoteo,ʧapoteo,ʧapote,ʧapote,NL
ʧapoteo,ʧapoteo,ʧapote,ʧapote,NL
ʧapoteo,ʧapoteo,ʧapote,ʧapote,NL
ʧapoteo,ʧapoteo,ʧapote,ʧapote,NL
ʧapoteo,ʧapoteo,ʧapote,ʧapote,NL
ʧapoteo,ʧapoteo,ʧapote,ʧapote,NL
ʧapoteo,ʧapoteo,ʧapote,ʧapote,NL
ʧapoteo,ʧapoteo,ʧapote,ʧapote,NL
ʧapoteo,ʧapoteo,ʧapote,ʧapote,NL
ʧapoteo,ʧapoteo,ʧapote,ʧapote,NL
ʧapoteo,ʧapoteo,ʧapote,ʧapote,NL
ʧapoteo,ʧapoteo,ʧapote,ʧapote,NL
ʧapoteo,ʧapoteo,ʧapote,ʧapote,NL
ʧapoteo,ʧapoteo,ʧapote,ʧapote,NL
ʧapoteo,ʧapoteo,ʧapote,ʧapote,NL
ʧapoteo,ʧapoteo,ʧapote,ʧapote,NL
ʧapoteo,ʧapoteo,ʧapote,ʧapote,NL
ʧapoteo,ʧapoteo,ʧapote,ʧapote,NL
ʧapoteo,ʧapoteo,ʧapote,ʧapote,NL
ʧapoteo,ʧapoteo,ʧapote,ʧapote,NL
ʧapoteo,ʧapoteo,ʧapote,ʧapote,NL
ʧapoteo,ʧapoteo,ʧapote,ʧapote,NL
ʧapoteo,ʧapoteo,ʧapote,ʧapote,NL
ʧapoteo,ʧapoteo,ʧapote,ʧapote,NL
ʧapoteo,ʧapoteo,ʧapote,ʧapote,NL
ʧapoteo,ʧapoteo,ʧapote,ʧapote,NL
ʧapoteo,ʧapoteo,ʧapote,ʧapote,NL
ʧapoteo,ʧapoteo,ʧapote,ʧapote,NL
ʧapoteo,ʧapoteo,ʧapote,ʧapote,NL
flambeajs,flambeajs,flambe,flambe,NL
flambeajs,flambeajs,flambe,flambe,NL
flambeajs,flambeajs,flambe,flambe,NL
flambeajs,flambeajs,flambe,flambe,NL
flambeajs,flambeajs,flambe,flambe,NL
flambeajs,flambeajs,flambe,flambe,NL
flambeajs,flambeajs,flambe,flambe,NL
flambeajs,flambeajs,flambe,flambe,NL
flambeajs,flambeajs,flambe,flambe,NL
flambeajs,flambeajs,flambe,flambe,NL
flambeajs,flambeajs,flambe,flambe,NL
flambeajs,flambeajs,flambe,flambe,NL
flambeajs,flambeajs,flambe,flambe,NL
flambeajs,flambeajs,flambe,flambe,NL
flambeajs,flambeajs,flambe,flambe,NL
flambeajs,flambeajs,flambe,flambe,NL
flambeajs,flambeajs,flambe,flambe,NL
flambeajs,flambeajs,flambe,flambe,NL
flambeajs,flambeajs,flambe,flambe,NL
flambeajs,flambeajs,flambe,flambe,NL
flambeajs,flambeajs,flambe,flambe,NL
flambeajs,flambeajs,flambe,flambe,NL
flambeajs,flambeajs,flambe,flambe,NL
flambeajs,flambeajs,flambe,flambe,NL
flambeajs,flambeajs,flambe,flambe,NL
flambeajs,flambeajs,flambe,flambe,NL
flambeajs,flambeajs,flambe,flambe,NL
flambeajs,flambeajs,flambe,flambe,NL
flambeajs,flambeajs,flambe,flambe,NL
flambeajs,flambeajs,flambe,flambe,NL
flambeajs,flambeajs,flambe,flambe,NL
flambeajs,flambeajs,flambe,flambe,NL
flambeajs,flambeajs,flambe,flambe,NL
flambeajs,flambeajs,flambe,flambe,NL
flambeajs,flambeajs,flambe,flambe,NL
flambeajs,flambeajs,flambe,flambe,NL
flambeajs,flambeajs,flambe,flambe,NL
flambeajs,flambeajs,flambe,flambe,NL
flambeajs,flambeajs,flambe,flambe,NL
flambeajs,flambeajs,flambe,flambe,NL
flambeajs,flambeajs,flambe,flambe,NL
flambeajs,flambeajs,flambe,flambe,NL
flambeajs,flambeajs,flambe,flambe,NL
flambeajs,flambeajs,flambe,flambe,NL
flambeajs,flambeajs,flambe,flambe,NL
flambeajs,flambeajs,flambe,flambe,NL
flambeajs,flambeajs,flambe,flambe,NL
flambeajs,flambeajs,flambe,flambe,NL
flambeajs,flambeajs,flambe,flambe,NL
flambeajs,flambeajs,flambe,flambe,NL
flambeajs,flambeajs,flambe,flambe,NL
flambeajs,flambeajs,flambe,flambe,NL
flambeajs,flambeajs,flambe,flambe,NL
flambeajs,flambeajs,flambe,flambe,NL
flambeajs,flambeajs,flambe,flambe,NL
flambeamos,flambeamos,flambe,flambe,NL
flambeamos,flambeamos,flambe,flambe,NL
flambeamos,flambeamos,flambe,flambe,NL
flambeamos,flambeamos,flambe,flambe,NL
flambeamos,flambeamos,flambe,flambe,NL
flambeamos,flambeamos,flambe,flambe,NL
flambeamos,flambeamos,flambe,flambe,NL
flambeamos,flambeamos,flambe,flambe,NL
flambeamos,flambeamos,flambe,flambe,NL
flambeamos,flambeamos,flambe,flambe,NL
flambeamos,flambeamos,flambe,flambe,NL
flambeamos,flambeamos,flambe,flambe,NL
flambeamos,flambeamos,flambe,flambe,NL
flambeamos,flambeamos,flambe,flambe,NL
flambeamos,flambeamos,flambe,flambe,NL
flambeamos,flambeamos,flambe,flambe,NL
flambeamos,flambeamos,flambe,flambe,NL
flambeamos,flambeamos,flambe,flambe,NL
flambeamos,flambeamos,flambe,flambe,NL
flambeamos,flambeamos,flambe,flambe,NL
flambeamos,flambeamos,flambe,flambe,NL
flambeamos,flambeamos,flambe,flambe,NL
flambeamos,flambeamos,flambe,flambe,NL
flambeamos,flambeamos,flambe,flambe,NL
flambeamos,flambeamos,flambe,flambe,NL
flambeamos,flambeamos,flambe,flambe,NL
flambeamos,flambeamos,flambe,flambe,NL
flambeamos,flambeamos,flambe,flambe,NL
flambeamos,flambeamos,flambe,flambe,NL
flambeamos,flambeamos,flambe,flambe,NL
flambeamos,flambeamos,flambe,flambe,NL
flambeamos,flambeamos,flambe,flambe,NL
flambeamos,flambeamos,flambe,flambe,NL
flambeamos,flambeamos,flambe,flambe,NL
flambeamos,flambeamos,flambe,flambe,NL
flambeamos,flambeamos,flambe,flambe,NL
flambeamos,flambeamos,flambe,flambe,NL
flambeamos,flambeamos,flambe,flambe,NL
flambeamos,flambeamos,flambe,flambe,NL
flambeamos,flambeamos,flambe,flambe,NL
flambeamos,flambeamos,flambe,flambe,NL
flambeamos,flambeamos,flambe,flambe,NL
flambeamos,flambeamos,flambe,flambe,NL
flambeamos,flambeamos,flambe,flambe,NL
flambeamos,flambeamos,flambe,flambe,NL
flambeamos,flambeamos,flambe,flambe,NL
flambeamos,flambeamos,flambe,flambe,NL
flambeamos,flambeamos,flambe,flambe,NL
flambeamos,flambeamos,flambe,flambe,NL
flambeamos,flambeamos,flambe,flambe,NL
flambeamos,flambeamos,flambe,flambe,NL
flambeamos,flambeamos,flambe,flambe,NL
flambeamos,flambeamos,flambe,flambe,NL
flambeamos,flambeamos,flambe,flambe,NL
flambeamos,flambeamos,flambe,flambe,NL
flambean,flambean,flambe,flambe,NL
flambean,flambean,flambe,flambe,NL
flambean,flambean,flambe,flambe,NL
flambean,flambean,flambe,flambe,NL
flambean,flambean,flambe,flambe,NL
flambean,flambean,flambe,flambe,NL
flambean,flambean,flambe,flambe,NL
flambean,flambean,flambe,flambe,NL
flambean,flambean,flambe,flambe,NL
flambean,flambean,flambe,flambe,NL
flambean,flambean,flambe,flambe,NL
flambean,flambean,flambe,flambe,NL
flambean,flambean,flambe,flambe,NL
flambean,flambean,flambe,flambe,NL
flambean,flambean,flambe,flambe,NL
flambean,flambean,flambe,flambe,NL
flambean,flambean,flambe,flambe,NL
flambean,flambean,flambe,flambe,NL
flambean,flambean,flambe,flambe,NL
flambean,flambean,flambe,flambe,NL
flambean,flambean,flambe,flambe,NL
flambean,flambean,flambe,flambe,NL
flambean,flambean,flambe,flambe,NL
flambean,flambean,flambe,flambe,NL
flambean,flambean,flambe,flambe,NL
flambean,flambean,flambe,flambe,NL
flambean,flambean,flambe,flambe,NL
flambean,flambean,flambe,flambe,NL
flambean,flambean,flambe,flambe,NL
flambean,flambean,flambe,flambe,NL
flambean,flambean,flambe,flambe,NL
flambean,flambean,flambe,flambe,NL
flambean,flambean,flambe,flambe,NL
flambean,flambean,flambe,flambe,NL
flambean,flambean,flambe,flambe,NL
flambean,flambean,flambe,flambe,NL
flambean,flambean,flambe,flambe,NL
flambean,flambean,flambe,flambe,NL
flambean,flambean,flambe,flambe,NL
flambean,flambean,flambe,flambe,NL
flambean,flambean,flambe,flambe,NL
flambean,flambean,flambe,flambe,NL
flambean,flambean,flambe,flambe,NL
flambean,flambean,flambe,flambe,NL
flambean,flambean,flambe,flambe,NL
flambean,flambean,flambe,flambe,NL
flambean,flambean,flambe,flambe,NL
flambean,flambean,flambe,flambe,NL
flambean,flambean,flambe,flambe,NL
flambean,flambean,flambe,flambe,NL
flambean,flambean,flambe,flambe,NL
flambean,flambean,flambe,flambe,NL
flambean,flambean,flambe,flambe,NL
flambean,flambean,flambe,flambe,NL
flambean,flambean,flambe,flambe,NL
flambeas,flambeas,flambe,flambe,NL
flambeas,flambeas,flambe,flambe,NL
flambeas,flambeas,flambe,flambe,NL
flambeas,flambeas,flambe,flambe,NL
flambeas,flambeas,flambe,flambe,NL
flambeas,flambeas,flambe,flambe,NL
flambeas,flambeas,flambe,flambe,NL
flambeas,flambeas,flambe,flambe,NL
flambeas,flambeas,flambe,flambe,NL
flambeas,flambeas,flambe,flambe,NL
flambeas,flambeas,flambe,flambe,NL
flambeas,flambeas,flambe,flambe,NL
flambeas,flambeas,flambe,flambe,NL
flambeas,flambeas,flambe,flambe,NL
flambeas,flambeas,flambe,flambe,NL
flambeas,flambeas,flambe,flambe,NL
flambeas,flambeas,flambe,flambe,NL
flambeas,flambeas,flambe,flambe,NL
flambeas,flambeas,flambe,flambe,NL
flambeas,flambeas,flambe,flambe,NL
flambeas,flambeas,flambe,flambe,NL
flambeas,flambeas,flambe,flambe,NL
flambeas,flambeas,flambe,flambe,NL
flambeas,flambeas,flambe,flambe,NL
flambeas,flambeas,flambe,flambe,NL
flambeas,flambeas,flambe,flambe,NL
flambeas,flambeas,flambe,flambe,NL
flambeas,flambeas,flambe,flambe,NL
flambeas,flambeas,flambe,flambe,NL
flambeas,flambeas,flambe,flambe,NL
flambeas,flambeas,flambe,flambe,NL
flambeas,flambeas,flambe,flambe,NL
flambeas,flambeas,flambe,flambe,NL
flambeas,flambeas,flambe,flambe,NL
flambeas,flambeas,flambe,flambe,NL
flambeas,flambeas,flambe,flambe,NL
flambeas,flambeas,flambe,flambe,NL
flambeas,flambeas,flambe,flambe,NL
flambeas,flambeas,flambe,flambe,NL
flambeas,flambeas,flambe,flambe,NL
flambeas,flambeas,flambe,flambe,NL
flambeas,flambeas,flambe,flambe,NL
flambeas,flambeas,flambe,flambe,NL
flambeas,flambeas,flambe,flambe,NL
flambeas,flambeas,flambe,flambe,NL
flambeas,flambeas,flambe,flambe,NL
flambeas,flambeas,flambe,flambe,NL
flambeas,flambeas,flambe,flambe,NL
flambeas,flambeas,flambe,flambe,NL
flambeas,flambeas,flambe,flambe,NL
flambeas,flambeas,flambe,flambe,NL
flambeas,flambeas,flambe,flambe,NL
flambeas,flambeas,flambe,flambe,NL
flambeas,flambeas,flambe,flambe,NL
flambeas,flambeas,flambe,flambe,NL
flambea,flambea,flambe,flambe,NL
flambea,flambea,flambe,flambe,NL
flambea,flambea,flambe,flambe,NL
flambea,flambea,flambe,flambe,NL
flambea,flambea,flambe,flambe,NL
flambea,flambea,flambe,flambe,NL
flambea,flambea,flambe,flambe,NL
flambea,flambea,flambe,flambe,NL
flambea,flambea,flambe,flambe,NL
flambea,flambea,flambe,flambe,NL
flambea,flambea,flambe,flambe,NL
flambea,flambea,flambe,flambe,NL
flambea,flambea,flambe,flambe,NL
flambea,flambea,flambe,flambe,NL
flambea,flambea,flambe,flambe,NL
flambea,flambea,flambe,flambe,NL
flambea,flambea,flambe,flambe,NL
flambea,flambea,flambe,flambe,NL
flambea,flambea,flambe,flambe,NL
flambea,flambea,flambe,flambe,NL
flambea,flambea,flambe,flambe,NL
flambea,flambea,flambe,flambe,NL
flambea,flambea,flambe,flambe,NL
flambea,flambea,flambe,flambe,NL
flambea,flambea,flambe,flambe,NL
flambea,flambea,flambe,flambe,NL
flambea,flambea,flambe,flambe,NL
flambea,flambea,flambe,flambe,NL
flambea,flambea,flambe,flambe,NL
flambea,flambea,flambe,flambe,NL
flambea,flambea,flambe,flambe,NL
flambea,flambea,flambe,flambe,NL
flambea,flambea,flambe,flambe,NL
flambea,flambea,flambe,flambe,NL
flambea,flambea,flambe,flambe,NL
flambea,flambea,flambe,flambe,NL
flambea,flambea,flambe,flambe,NL
flambea,flambea,flambe,flambe,NL
flambea,flambea,flambe,flambe,NL
flambea,flambea,flambe,flambe,NL
flambea,flambea,flambe,flambe,NL
flambea,flambea,flambe,flambe,NL
flambea,flambea,flambe,flambe,NL
flambea,flambea,flambe,flambe,NL
flambea,flambea,flambe,flambe,NL
flambea,flambea,flambe,flambe,NL
flambea,flambea,flambe,flambe,NL
flambea,flambea,flambe,flambe,NL
flambea,flambea,flambe,flambe,NL
flambea,flambea,flambe,flambe,NL
flambea,flambea,flambe,flambe,NL
flambea,flambea,flambe,flambe,NL
flambea,flambea,flambe,flambe,NL
flambea,flambea,flambe,flambe,NL
flambea,flambea,flambe,flambe,NL
flambeejs,flambeejs,flambe,flambe,NL
flambeejs,flambeejs,flambe,flambe,NL
flambeejs,flambeejs,flambe,flambe,NL
flambeejs,flambeejs,flambe,flambe,NL
flambeejs,flambeejs,flambe,flambe,NL
flambeejs,flambeejs,flambe,flambe,NL
flambeejs,flambeejs,flambe,flambe,NL
flambeejs,flambeejs,flambe,flambe,NL
flambeejs,flambeejs,flambe,flambe,NL
flambeejs,flambeejs,flambe,flambe,NL
flambeejs,flambeejs,flambe,flambe,NL
flambeejs,flambeejs,flambe,flambe,NL
flambeejs,flambeejs,flambe,flambe,NL
flambeejs,flambeejs,flambe,flambe,NL
flambeejs,flambeejs,flambe,flambe,NL
flambeejs,flambeejs,flambe,flambe,NL
flambeejs,flambeejs,flambe,flambe,NL
flambeejs,flambeejs,flambe,flambe,NL
flambeejs,flambeejs,flambe,flambe,NL
flambeejs,flambeejs,flambe,flambe,NL
flambeejs,flambeejs,flambe,flambe,NL
flambeejs,flambeejs,flambe,flambe,NL
flambeejs,flambeejs,flambe,flambe,NL
flambeejs,flambeejs,flambe,flambe,NL
flambeejs,flambeejs,flambe,flambe,NL
flambeejs,flambeejs,flambe,flambe,NL
flambeejs,flambeejs,flambe,flambe,NL
flambeejs,flambeejs,flambe,flambe,NL
flambeejs,flambeejs,flambe,flambe,NL
flambeejs,flambeejs,flambe,flambe,NL
flambeejs,flambeejs,flambe,flambe,NL
flambeejs,flambeejs,flambe,flambe,NL
flambeejs,flambeejs,flambe,flambe,NL
flambeejs,flambeejs,flambe,flambe,NL
flambeejs,flambeejs,flambe,flambe,NL
flambeejs,flambeejs,flambe,flambe,NL
flambeejs,flambeejs,flambe,flambe,NL
flambeejs,flambeejs,flambe,flambe,NL
flambeejs,flambeejs,flambe,flambe,NL
flambeejs,flambeejs,flambe,flambe,NL
flambeejs,flambeejs,flambe,flambe,NL
flambeejs,flambeejs,flambe,flambe,NL
flambeejs,flambeejs,flambe,flambe,NL
flambeejs,flambeejs,flambe,flambe,NL
flambeejs,flambeejs,flambe,flambe,NL
flambeejs,flambeejs,flambe,flambe,NL
flambeejs,flambeejs,flambe,flambe,NL
flambeejs,flambeejs,flambe,flambe,NL
flambeejs,flambeejs,flambe,flambe,NL
flambeejs,flambeejs,flambe,flambe,NL
flambeejs,flambeejs,flambe,flambe,NL
flambeejs,flambeejs,flambe,flambe,NL
flambeejs,flambeejs,flambe,flambe,NL
flambeejs,flambeejs,flambe,flambe,NL
flambeejs,flambeejs,flambe,flambe,NL
flambeemos,flambeemos,flambe,flambe,NL
flambeemos,flambeemos,flambe,flambe,NL
flambeemos,flambeemos,flambe,flambe,NL
flambeemos,flambeemos,flambe,flambe,NL
flambeemos,flambeemos,flambe,flambe,NL
flambeemos,flambeemos,flambe,flambe,NL
flambeemos,flambeemos,flambe,flambe,NL
flambeemos,flambeemos,flambe,flambe,NL
flambeemos,flambeemos,flambe,flambe,NL
flambeemos,flambeemos,flambe,flambe,NL
flambeemos,flambeemos,flambe,flambe,NL
flambeemos,flambeemos,flambe,flambe,NL
flambeemos,flambeemos,flambe,flambe,NL
flambeemos,flambeemos,flambe,flambe,NL
flambeemos,flambeemos,flambe,flambe,NL
flambeemos,flambeemos,flambe,flambe,NL
flambeemos,flambeemos,flambe,flambe,NL
flambeemos,flambeemos,flambe,flambe,NL
flambeemos,flambeemos,flambe,flambe,NL
flambeemos,flambeemos,flambe,flambe,NL
flambeemos,flambeemos,flambe,flambe,NL
flambeemos,flambeemos,flambe,flambe,NL
flambeemos,flambeemos,flambe,flambe,NL
flambeemos,flambeemos,flambe,flambe,NL
flambeemos,flambeemos,flambe,flambe,NL
flambeemos,flambeemos,flambe,flambe,NL
flambeemos,flambeemos,flambe,flambe,NL
flambeemos,flambeemos,flambe,flambe,NL
flambeemos,flambeemos,flambe,flambe,NL
flambeemos,flambeemos,flambe,flambe,NL
flambeemos,flambeemos,flambe,flambe,NL
flambeemos,flambeemos,flambe,flambe,NL
flambeemos,flambeemos,flambe,flambe,NL
flambeemos,flambeemos,flambe,flambe,NL
flambeemos,flambeemos,flambe,flambe,NL
flambeemos,flambeemos,flambe,flambe,NL
flambeemos,flambeemos,flambe,flambe,NL
flambeemos,flambeemos,flambe,flambe,NL
flambeemos,flambeemos,flambe,flambe,NL
flambeemos,flambeemos,flambe,flambe,NL
flambeemos,flambeemos,flambe,flambe,NL
flambeemos,flambeemos,flambe,flambe,NL
flambeemos,flambeemos,flambe,flambe,NL
flambeemos,flambeemos,flambe,flambe,NL
flambeemos,flambeemos,flambe,flambe,NL
flambeemos,flambeemos,flambe,flambe,NL
flambeemos,flambeemos,flambe,flambe,NL
flambeemos,flambeemos,flambe,flambe,NL
flambeemos,flambeemos,flambe,flambe,NL
flambeemos,flambeemos,flambe,flambe,NL
flambeemos,flambeemos,flambe,flambe,NL
flambeemos,flambeemos,flambe,flambe,NL
flambeemos,flambeemos,flambe,flambe,NL
flambeemos,flambeemos,flambe,flambe,NL
flambeemos,flambeemos,flambe,flambe,NL
flambeen,flambeen,flambe,flambe,NL
flambeen,flambeen,flambe,flambe,NL
flambeen,flambeen,flambe,flambe,NL
flambeen,flambeen,flambe,flambe,NL
flambeen,flambeen,flambe,flambe,NL
flambeen,flambeen,flambe,flambe,NL
flambeen,flambeen,flambe,flambe,NL
flambeen,flambeen,flambe,flambe,NL
flambeen,flambeen,flambe,flambe,NL
flambeen,flambeen,flambe,flambe,NL
flambeen,flambeen,flambe,flambe,NL
flambeen,flambeen,flambe,flambe,NL
flambeen,flambeen,flambe,flambe,NL
flambeen,flambeen,flambe,flambe,NL
flambeen,flambeen,flambe,flambe,NL
flambeen,flambeen,flambe,flambe,NL
flambeen,flambeen,flambe,flambe,NL
flambeen,flambeen,flambe,flambe,NL
flambeen,flambeen,flambe,flambe,NL
flambeen,flambeen,flambe,flambe,NL
flambeen,flambeen,flambe,flambe,NL
flambeen,flambeen,flambe,flambe,NL
flambeen,flambeen,flambe,flambe,NL
flambeen,flambeen,flambe,flambe,NL
flambeen,flambeen,flambe,flambe,NL
flambeen,flambeen,flambe,flambe,NL
flambeen,flambeen,flambe,flambe,NL
flambeen,flambeen,flambe,flambe,NL
flambeen,flambeen,flambe,flambe,NL
flambeen,flambeen,flambe,flambe,NL
flambeen,flambeen,flambe,flambe,NL
flambeen,flambeen,flambe,flambe,NL
flambeen,flambeen,flambe,flambe,NL
flambeen,flambeen,flambe,flambe,NL
flambeen,flambeen,flambe,flambe,NL
flambeen,flambeen,flambe,flambe,NL
flambeen,flambeen,flambe,flambe,NL
flambeen,flambeen,flambe,flambe,NL
flambeen,flambeen,flambe,flambe,NL
flambeen,flambeen,flambe,flambe,NL
flambeen,flambeen,flambe,flambe,NL
flambeen,flambeen,flambe,flambe,NL
flambeen,flambeen,flambe,flambe,NL
flambeen,flambeen,flambe,flambe,NL
flambeen,flambeen,flambe,flambe,NL
flambeen,flambeen,flambe,flambe,NL
flambeen,flambeen,flambe,flambe,NL
flambeen,flambeen,flambe,flambe,NL
flambeen,flambeen,flambe,flambe,NL
flambeen,flambeen,flambe,flambe,NL
flambeen,flambeen,flambe,flambe,NL
flambeen,flambeen,flambe,flambe,NL
flambeen,flambeen,flambe,flambe,NL
flambeen,flambeen,flambe,flambe,NL
flambeen,flambeen,flambe,flambe,NL
flambees,flambees,flambe,flambe,NL
flambees,flambees,flambe,flambe,NL
flambees,flambees,flambe,flambe,NL
flambees,flambees,flambe,flambe,NL
flambees,flambees,flambe,flambe,NL
flambees,flambees,flambe,flambe,NL
flambees,flambees,flambe,flambe,NL
flambees,flambees,flambe,flambe,NL
flambees,flambees,flambe,flambe,NL
flambees,flambees,flambe,flambe,NL
flambees,flambees,flambe,flambe,NL
flambees,flambees,flambe,flambe,NL
flambees,flambees,flambe,flambe,NL
flambees,flambees,flambe,flambe,NL
flambees,flambees,flambe,flambe,NL
flambees,flambees,flambe,flambe,NL
flambees,flambees,flambe,flambe,NL
flambees,flambees,flambe,flambe,NL
flambees,flambees,flambe,flambe,NL
flambees,flambees,flambe,flambe,NL
flambees,flambees,flambe,flambe,NL
flambees,flambees,flambe,flambe,NL
flambees,flambees,flambe,flambe,NL
flambees,flambees,flambe,flambe,NL
flambees,flambees,flambe,flambe,NL
flambees,flambees,flambe,flambe,NL
flambees,flambees,flambe,flambe,NL
flambees,flambees,flambe,flambe,NL
flambees,flambees,flambe,flambe,NL
flambees,flambees,flambe,flambe,NL
flambees,flambees,flambe,flambe,NL
flambees,flambees,flambe,flambe,NL
flambees,flambees,flambe,flambe,NL
flambees,flambees,flambe,flambe,NL
flambees,flambees,flambe,flambe,NL
flambees,flambees,flambe,flambe,NL
flambees,flambees,flambe,flambe,NL
flambees,flambees,flambe,flambe,NL
flambees,flambees,flambe,flambe,NL
flambees,flambees,flambe,flambe,NL
flambees,flambees,flambe,flambe,NL
flambees,flambees,flambe,flambe,NL
flambees,flambees,flambe,flambe,NL
flambees,flambees,flambe,flambe,NL
flambees,flambees,flambe,flambe,NL
flambees,flambees,flambe,flambe,NL
flambees,flambees,flambe,flambe,NL
flambees,flambees,flambe,flambe,NL
flambees,flambees,flambe,flambe,NL
flambees,flambees,flambe,flambe,NL
flambees,flambees,flambe,flambe,NL
flambees,flambees,flambe,flambe,NL
flambees,flambees,flambe,flambe,NL
flambees,flambees,flambe,flambe,NL
flambees,flambees,flambe,flambe,NL
flambee,flambee,flambe,flambe,NL
flambee,flambee,flambe,flambe,NL
flambee,flambee,flambe,flambe,NL
flambee,flambee,flambe,flambe,NL
flambee,flambee,flambe,flambe,NL
flambee,flambee,flambe,flambe,NL
flambee,flambee,flambe,flambe,NL
flambee,flambee,flambe,flambe,NL
flambee,flambee,flambe,flambe,NL
flambee,flambee,flambe,flambe,NL
flambee,flambee,flambe,flambe,NL
flambee,flambee,flambe,flambe,NL
flambee,flambee,flambe,flambe,NL
flambee,flambee,flambe,flambe,NL
flambee,flambee,flambe,flambe,NL
flambee,flambee,flambe,flambe,NL
flambee,flambee,flambe,flambe,NL
flambee,flambee,flambe,flambe,NL
flambee,flambee,flambe,flambe,NL
flambee,flambee,flambe,flambe,NL
flambee,flambee,flambe,flambe,NL
flambee,flambee,flambe,flambe,NL
flambee,flambee,flambe,flambe,NL
flambee,flambee,flambe,flambe,NL
flambee,flambee,flambe,flambe,NL
flambee,flambee,flambe,flambe,NL
flambee,flambee,flambe,flambe,NL
flambee,flambee,flambe,flambe,NL
flambee,flambee,flambe,flambe,NL
flambee,flambee,flambe,flambe,NL
flambee,flambee,flambe,flambe,NL
flambee,flambee,flambe,flambe,NL
flambee,flambee,flambe,flambe,NL
flambee,flambee,flambe,flambe,NL
flambee,flambee,flambe,flambe,NL
flambee,flambee,flambe,flambe,NL
flambee,flambee,flambe,flambe,NL
flambee,flambee,flambe,flambe,NL
flambee,flambee,flambe,flambe,NL
flambee,flambee,flambe,flambe,NL
flambee,flambee,flambe,flambe,NL
flambee,flambee,flambe,flambe,NL
flambee,flambee,flambe,flambe,NL
flambee,flambee,flambe,flambe,NL
flambee,flambee,flambe,flambe,NL
flambee,flambee,flambe,flambe,NL
flambee,flambee,flambe,flambe,NL
flambee,flambee,flambe,flambe,NL
flambee,flambee,flambe,flambe,NL
flambee,flambee,flambe,flambe,NL
flambee,flambee,flambe,flambe,NL
flambee,flambee,flambe,flambe,NL
flambee,flambee,flambe,flambe,NL
flambee,flambee,flambe,flambe,NL
flambee,flambee,flambe,flambe,NL
flambee,flambee,flambe,flambe,NL
flambee,flambee,flambe,flambe,NL
flambee,flambee,flambe,flambe,NL
flambee,flambee,flambe,flambe,NL
flambee,flambee,flambe,flambe,NL
flambee,flambee,flambe,flambe,NL
flambee,flambee,flambe,flambe,NL
flambee,flambee,flambe,flambe,NL
flambee,flambee,flambe,flambe,NL
flambee,flambee,flambe,flambe,NL
flambee,flambee,flambe,flambe,NL
flambee,flambee,flambe,flambe,NL
flambee,flambee,flambe,flambe,NL
flambee,flambee,flambe,flambe,NL
flambee,flambee,flambe,flambe,NL
flambee,flambee,flambe,flambe,NL
flambee,flambee,flambe,flambe,NL
flambee,flambee,flambe,flambe,NL
flambee,flambee,flambe,flambe,NL
flambee,flambee,flambe,flambe,NL
flambee,flambee,flambe,flambe,NL
flambee,flambee,flambe,flambe,NL
flambee,flambee,flambe,flambe,NL
flambee,flambee,flambe,flambe,NL
flambee,flambee,flambe,flambe,NL
flambee,flambee,flambe,flambe,NL
flambee,flambee,flambe,flambe,NL
flambee,flambee,flambe,flambe,NL
flambee,flambee,flambe,flambe,NL
flambee,flambee,flambe,flambe,NL
flambee,flambee,flambe,flambe,NL
flambee,flambee,flambe,flambe,NL
flambee,flambee,flambe,flambe,NL
flambee,flambee,flambe,flambe,NL
flambee,flambee,flambe,flambe,NL
flambee,flambee,flambe,flambe,NL
flambee,flambee,flambe,flambe,NL
flambee,flambee,flambe,flambe,NL
flambee,flambee,flambe,flambe,NL
flambee,flambee,flambe,flambe,NL
flambee,flambee,flambe,flambe,NL
flambee,flambee,flambe,flambe,NL
flambee,flambee,flambe,flambe,NL
flambee,flambee,flambe,flambe,NL
flambee,flambee,flambe,flambe,NL
flambee,flambee,flambe,flambe,NL
flambee,flambee,flambe,flambe,NL
flambee,flambee,flambe,flambe,NL
flambee,flambee,flambe,flambe,NL
flambee,flambee,flambe,flambe,NL
flambee,flambee,flambe,flambe,NL
flambee,flambee,flambe,flambe,NL
flambee,flambee,flambe,flambe,NL
flambee,flambee,flambe,flambe,NL
flambee,flambee,flambe,flambe,NL
flambeo,flambeo,flambe,flambe,NL
flambeo,flambeo,flambe,flambe,NL
flambeo,flambeo,flambe,flambe,NL
flambeo,flambeo,flambe,flambe,NL
flambeo,flambeo,flambe,flambe,NL
flambeo,flambeo,flambe,flambe,NL
flambeo,flambeo,flambe,flambe,NL
flambeo,flambeo,flambe,flambe,NL
flambeo,flambeo,flambe,flambe,NL
flambeo,flambeo,flambe,flambe,NL
flambeo,flambeo,flambe,flambe,NL
flambeo,flambeo,flambe,flambe,NL
flambeo,flambeo,flambe,flambe,NL
flambeo,flambeo,flambe,flambe,NL
flambeo,flambeo,flambe,flambe,NL
flambeo,flambeo,flambe,flambe,NL
flambeo,flambeo,flambe,flambe,NL
flambeo,flambeo,flambe,flambe,NL
flambeo,flambeo,flambe,flambe,NL
flambeo,flambeo,flambe,flambe,NL
flambeo,flambeo,flambe,flambe,NL
flambeo,flambeo,flambe,flambe,NL
flambeo,flambeo,flambe,flambe,NL
flambeo,flambeo,flambe,flambe,NL
flambeo,flambeo,flambe,flambe,NL
flambeo,flambeo,flambe,flambe,NL
flambeo,flambeo,flambe,flambe,NL
flambeo,flambeo,flambe,flambe,NL
flambeo,flambeo,flambe,flambe,NL
flambeo,flambeo,flambe,flambe,NL
flambeo,flambeo,flambe,flambe,NL
flambeo,flambeo,flambe,flambe,NL
flambeo,flambeo,flambe,flambe,NL
flambeo,flambeo,flambe,flambe,NL
flambeo,flambeo,flambe,flambe,NL
flambeo,flambeo,flambe,flambe,NL
flambeo,flambeo,flambe,flambe,NL
flambeo,flambeo,flambe,flambe,NL
flambeo,flambeo,flambe,flambe,NL
flambeo,flambeo,flambe,flambe,NL
flambeo,flambeo,flambe,flambe,NL
flambeo,flambeo,flambe,flambe,NL
flambeo,flambeo,flambe,flambe,NL
flambeo,flambeo,flambe,flambe,NL
flambeo,flambeo,flambe,flambe,NL
flambeo,flambeo,flambe,flambe,NL
flambeo,flambeo,flambe,flambe,NL
flambeo,flambeo,flambe,flambe,NL
flambeo,flambeo,flambe,flambe,NL
flambeo,flambeo,flambe,flambe,NL
flambeo,flambeo,flambe,flambe,NL
flambeo,flambeo,flambe,flambe,NL
flambeo,flambeo,flambe,flambe,NL
flambeo,flambeo,flambe,flambe,NL
flambeo,flambeo,flambe,flambe,NL
paɾlajs,paɾlajs,paɾl,paɾl,NL
paɾlajs,paɾlajs,paɾl,paɾl,NL
paɾlajs,paɾlajs,paɾl,paɾl,NL
paɾlajs,paɾlajs,paɾl,paɾl,NL
paɾlajs,paɾlajs,paɾl,paɾl,NL
paɾlajs,paɾlajs,paɾl,paɾl,NL
paɾlajs,paɾlajs,paɾl,paɾl,NL
paɾlajs,paɾlajs,paɾl,paɾl,NL
paɾlajs,paɾlajs,paɾl,paɾl,NL
paɾlajs,paɾlajs,paɾl,paɾl,NL
paɾlajs,paɾlajs,paɾl,paɾl,NL
paɾlajs,paɾlajs,paɾl,paɾl,NL
paɾlajs,paɾlajs,paɾl,paɾl,NL
paɾlajs,paɾlajs,paɾl,paɾl,NL
paɾlajs,paɾlajs,paɾl,paɾl,NL
paɾlajs,paɾlajs,paɾl,paɾl,NL
paɾlajs,paɾlajs,paɾl,paɾl,NL
paɾlajs,paɾlajs,paɾl,paɾl,NL
paɾlajs,paɾlajs,paɾl,paɾl,NL
paɾlajs,paɾlajs,paɾl,paɾl,NL
paɾlajs,paɾlajs,paɾl,paɾl,NL
paɾlajs,paɾlajs,paɾl,paɾl,NL
paɾlajs,paɾlajs,paɾl,paɾl,NL
paɾlajs,paɾlajs,paɾl,paɾl,NL
paɾlajs,paɾlajs,paɾl,paɾl,NL
paɾlajs,paɾlajs,paɾl,paɾl,NL
paɾlajs,paɾlajs,paɾl,paɾl,NL
paɾlajs,paɾlajs,paɾl,paɾl,NL
paɾlajs,paɾlajs,paɾl,paɾl,NL
paɾlajs,paɾlajs,paɾl,paɾl,NL
paɾlajs,paɾlajs,paɾl,paɾl,NL
paɾlajs,paɾlajs,paɾl,paɾl,NL
paɾlajs,paɾlajs,paɾl,paɾl,NL
paɾlajs,paɾlajs,paɾl,paɾl,NL
paɾlajs,paɾlajs,paɾl,paɾl,NL
paɾlajs,paɾlajs,paɾl,paɾl,NL
paɾlajs,paɾlajs,paɾl,paɾl,NL
paɾlajs,paɾlajs,paɾl,paɾl,NL
paɾlajs,paɾlajs,paɾl,paɾl,NL
paɾlajs,paɾlajs,paɾl,paɾl,NL
paɾlajs,paɾlajs,paɾl,paɾl,NL
paɾlajs,paɾlajs,paɾl,paɾl,NL
paɾlajs,paɾlajs,paɾl,paɾl,NL
paɾlajs,paɾlajs,paɾl,paɾl,NL
paɾlajs,paɾlajs,paɾl,paɾl,NL
paɾlajs,paɾlajs,paɾl,paɾl,NL
paɾlajs,paɾlajs,paɾl,paɾl,NL
paɾlajs,paɾlajs,paɾl,paɾl,NL
paɾlajs,paɾlajs,paɾl,paɾl,NL
paɾlajs,paɾlajs,paɾl,paɾl,NL
paɾlajs,paɾlajs,paɾl,paɾl,NL
paɾlajs,paɾlajs,paɾl,paɾl,NL
paɾlajs,paɾlajs,paɾl,paɾl,NL
paɾlajs,paɾlajs,paɾl,paɾl,NL
paɾlajs,paɾlajs,paɾl,paɾl,NL
paɾlamos,paɾlamos,paɾl,paɾl,NL
paɾlamos,paɾlamos,paɾl,paɾl,NL
paɾlamos,paɾlamos,paɾl,paɾl,NL
paɾlamos,paɾlamos,paɾl,paɾl,NL
paɾlamos,paɾlamos,paɾl,paɾl,NL
paɾlamos,paɾlamos,paɾl,paɾl,NL
paɾlamos,paɾlamos,paɾl,paɾl,NL
paɾlamos,paɾlamos,paɾl,paɾl,NL
paɾlamos,paɾlamos,paɾl,paɾl,NL
paɾlamos,paɾlamos,paɾl,paɾl,NL
paɾlamos,paɾlamos,paɾl,paɾl,NL
paɾlamos,paɾlamos,paɾl,paɾl,NL
paɾlamos,paɾlamos,paɾl,paɾl,NL
paɾlamos,paɾlamos,paɾl,paɾl,NL
paɾlamos,paɾlamos,paɾl,paɾl,NL
paɾlamos,paɾlamos,paɾl,paɾl,NL
paɾlamos,paɾlamos,paɾl,paɾl,NL
paɾlamos,paɾlamos,paɾl,paɾl,NL
paɾlamos,paɾlamos,paɾl,paɾl,NL
paɾlamos,paɾlamos,paɾl,paɾl,NL
paɾlamos,paɾlamos,paɾl,paɾl,NL
paɾlamos,paɾlamos,paɾl,paɾl,NL
paɾlamos,paɾlamos,paɾl,paɾl,NL
paɾlamos,paɾlamos,paɾl,paɾl,NL
paɾlamos,paɾlamos,paɾl,paɾl,NL
paɾlamos,paɾlamos,paɾl,paɾl,NL
paɾlamos,paɾlamos,paɾl,paɾl,NL
paɾlamos,paɾlamos,paɾl,paɾl,NL
paɾlamos,paɾlamos,paɾl,paɾl,NL
paɾlamos,paɾlamos,paɾl,paɾl,NL
paɾlamos,paɾlamos,paɾl,paɾl,NL
paɾlamos,paɾlamos,paɾl,paɾl,NL
paɾlamos,paɾlamos,paɾl,paɾl,NL
paɾlamos,paɾlamos,paɾl,paɾl,NL
paɾlamos,paɾlamos,paɾl,paɾl,NL
paɾlamos,paɾlamos,paɾl,paɾl,NL
paɾlamos,paɾlamos,paɾl,paɾl,NL
paɾlamos,paɾlamos,paɾl,paɾl,NL
paɾlamos,paɾlamos,paɾl,paɾl,NL
paɾlamos,paɾlamos,paɾl,paɾl,NL
paɾlamos,paɾlamos,paɾl,paɾl,NL
paɾlamos,paɾlamos,paɾl,paɾl,NL
paɾlamos,paɾlamos,paɾl,paɾl,NL
paɾlamos,paɾlamos,paɾl,paɾl,NL
paɾlamos,paɾlamos,paɾl,paɾl,NL
paɾlamos,paɾlamos,paɾl,paɾl,NL
paɾlamos,paɾlamos,paɾl,paɾl,NL
paɾlamos,paɾlamos,paɾl,paɾl,NL
paɾlamos,paɾlamos,paɾl,paɾl,NL
paɾlamos,paɾlamos,paɾl,paɾl,NL
paɾlamos,paɾlamos,paɾl,paɾl,NL
paɾlamos,paɾlamos,paɾl,paɾl,NL
paɾlamos,paɾlamos,paɾl,paɾl,NL
paɾlamos,paɾlamos,paɾl,paɾl,NL
paɾlamos,paɾlamos,paɾl,paɾl,NL
paɾlan,paɾlan,paɾl,paɾl,NL
paɾlan,paɾlan,paɾl,paɾl,NL
paɾlan,paɾlan,paɾl,paɾl,NL
paɾlan,paɾlan,paɾl,paɾl,NL
paɾlan,paɾlan,paɾl,paɾl,NL
paɾlan,paɾlan,paɾl,paɾl,NL
paɾlan,paɾlan,paɾl,paɾl,NL
paɾlan,paɾlan,paɾl,paɾl,NL
paɾlan,paɾlan,paɾl,paɾl,NL
paɾlan,paɾlan,paɾl,paɾl,NL
paɾlan,paɾlan,paɾl,paɾl,NL
paɾlan,paɾlan,paɾl,paɾl,NL
paɾlan,paɾlan,paɾl,paɾl,NL
paɾlan,paɾlan,paɾl,paɾl,NL
paɾlan,paɾlan,paɾl,paɾl,NL
paɾlan,paɾlan,paɾl,paɾl,NL
paɾlan,paɾlan,paɾl,paɾl,NL
paɾlan,paɾlan,paɾl,paɾl,NL
paɾlan,paɾlan,paɾl,paɾl,NL
paɾlan,paɾlan,paɾl,paɾl,NL
paɾlan,paɾlan,paɾl,paɾl,NL
paɾlan,paɾlan,paɾl,paɾl,NL
paɾlan,paɾlan,paɾl,paɾl,NL
paɾlan,paɾlan,paɾl,paɾl,NL
paɾlan,paɾlan,paɾl,paɾl,NL
paɾlan,paɾlan,paɾl,paɾl,NL
paɾlan,paɾlan,paɾl,paɾl,NL
paɾlan,paɾlan,paɾl,paɾl,NL
paɾlan,paɾlan,paɾl,paɾl,NL
paɾlan,paɾlan,paɾl,paɾl,NL
paɾlan,paɾlan,paɾl,paɾl,NL
paɾlan,paɾlan,paɾl,paɾl,NL
paɾlan,paɾlan,paɾl,paɾl,NL
paɾlan,paɾlan,paɾl,paɾl,NL
paɾlan,paɾlan,paɾl,paɾl,NL
paɾlan,paɾlan,paɾl,paɾl,NL
paɾlan,paɾlan,paɾl,paɾl,NL
paɾlan,paɾlan,paɾl,paɾl,NL
paɾlan,paɾlan,paɾl,paɾl,NL
paɾlan,paɾlan,paɾl,paɾl,NL
paɾlan,paɾlan,paɾl,paɾl,NL
paɾlan,paɾlan,paɾl,paɾl,NL
paɾlan,paɾlan,paɾl,paɾl,NL
paɾlan,paɾlan,paɾl,paɾl,NL
paɾlan,paɾlan,paɾl,paɾl,NL
paɾlan,paɾlan,paɾl,paɾl,NL
paɾlan,paɾlan,paɾl,paɾl,NL
paɾlan,paɾlan,paɾl,paɾl,NL
paɾlan,paɾlan,paɾl,paɾl,NL
paɾlan,paɾlan,paɾl,paɾl,NL
paɾlan,paɾlan,paɾl,paɾl,NL
paɾlan,paɾlan,paɾl,paɾl,NL
paɾlan,paɾlan,paɾl,paɾl,NL
paɾlan,paɾlen,paɾl,paɾl,NL
paɾlan,paɾlen,paɾl,paɾl,NL
paɾlas,paɾlas,paɾl,paɾl,NL
paɾlas,paɾlas,paɾl,paɾl,NL
paɾlas,paɾlas,paɾl,paɾl,NL
paɾlas,paɾlas,paɾl,paɾl,NL
paɾlas,paɾlas,paɾl,paɾl,NL
paɾlas,paɾlas,paɾl,paɾl,NL
paɾlas,paɾlas,paɾl,paɾl,NL
paɾlas,paɾlas,paɾl,paɾl,NL
paɾlas,paɾlas,paɾl,paɾl,NL
paɾlas,paɾlas,paɾl,paɾl,NL
paɾlas,paɾlas,paɾl,paɾl,NL
paɾlas,paɾlas,paɾl,paɾl,NL
paɾlas,paɾlas,paɾl,paɾl,NL
paɾlas,paɾlas,paɾl,paɾl,NL
paɾlas,paɾlas,paɾl,paɾl,NL
paɾlas,paɾlas,paɾl,paɾl,NL
paɾlas,paɾlas,paɾl,paɾl,NL
paɾlas,paɾlas,paɾl,paɾl,NL
paɾlas,paɾlas,paɾl,paɾl,NL
paɾlas,paɾlas,paɾl,paɾl,NL
paɾlas,paɾlas,paɾl,paɾl,NL
paɾlas,paɾlas,paɾl,paɾl,NL
paɾlas,paɾlas,paɾl,paɾl,NL
paɾlas,paɾlas,paɾl,paɾl,NL
paɾlas,paɾlas,paɾl,paɾl,NL
paɾlas,paɾlas,paɾl,paɾl,NL
paɾlas,paɾlas,paɾl,paɾl,NL
paɾlas,paɾlas,paɾl,paɾl,NL
paɾlas,paɾlas,paɾl,paɾl,NL
paɾlas,paɾlas,paɾl,paɾl,NL
paɾlas,paɾlas,paɾl,paɾl,NL
paɾlas,paɾlas,paɾl,paɾl,NL
paɾlas,paɾlas,paɾl,paɾl,NL
paɾlas,paɾlas,paɾl,paɾl,NL
paɾlas,paɾlas,paɾl,paɾl,NL
paɾlas,paɾlas,paɾl,paɾl,NL
paɾlas,paɾlas,paɾl,paɾl,NL
paɾlas,paɾlas,paɾl,paɾl,NL
paɾlas,paɾlas,paɾl,paɾl,NL
paɾlas,paɾlas,paɾl,paɾl,NL
paɾlas,paɾlas,paɾl,paɾl,NL
paɾlas,paɾlas,paɾl,paɾl,NL
paɾlas,paɾlas,paɾl,paɾl,NL
paɾlas,paɾlas,paɾl,paɾl,NL
paɾlas,paɾlas,paɾl,paɾl,NL
paɾlas,paɾlas,paɾl,paɾl,NL
paɾlas,paɾlas,paɾl,paɾl,NL
paɾlas,paɾlas,paɾl,paɾl,NL
paɾlas,paɾlas,paɾl,paɾl,NL
paɾlas,paɾlas,paɾl,paɾl,NL
paɾlas,paɾlas,paɾl,paɾl,NL
paɾlas,paɾlas,paɾl,paɾl,NL
paɾlas,paɾlas,paɾl,paɾl,NL
paɾlas,paɾlas,paɾl,paɾl,NL
paɾlas,paɾlas,paɾl,paɾl,NL
paɾla,paɾla,paɾl,paɾl,NL
paɾla,paɾla,paɾl,paɾl,NL
paɾla,paɾla,paɾl,paɾl,NL
paɾla,paɾla,paɾl,paɾl,NL
paɾla,paɾla,paɾl,paɾl,NL
paɾla,paɾla,paɾl,paɾl,NL
paɾla,paɾla,paɾl,paɾl,NL
paɾla,paɾla,paɾl,paɾl,NL
paɾla,paɾla,paɾl,paɾl,NL
paɾla,paɾla,paɾl,paɾl,NL
paɾla,paɾla,paɾl,paɾl,NL
paɾla,paɾla,paɾl,paɾl,NL
paɾla,paɾla,paɾl,paɾl,NL
paɾla,paɾla,paɾl,paɾl,NL
paɾla,paɾla,paɾl,paɾl,NL
paɾla,paɾla,paɾl,paɾl,NL
paɾla,paɾla,paɾl,paɾl,NL
paɾla,paɾla,paɾl,paɾl,NL
paɾla,paɾla,paɾl,paɾl,NL
paɾla,paɾla,paɾl,paɾl,NL
paɾla,paɾla,paɾl,paɾl,NL
paɾla,paɾla,paɾl,paɾl,NL
paɾla,paɾla,paɾl,paɾl,NL
paɾla,paɾla,paɾl,paɾl,NL
paɾla,paɾla,paɾl,paɾl,NL
paɾla,paɾla,paɾl,paɾl,NL
paɾla,paɾla,paɾl,paɾl,NL
paɾla,paɾla,paɾl,paɾl,NL
paɾla,paɾla,paɾl,paɾl,NL
paɾla,paɾla,paɾl,paɾl,NL
paɾla,paɾla,paɾl,paɾl,NL
paɾla,paɾla,paɾl,paɾl,NL
paɾla,paɾla,paɾl,paɾl,NL
paɾla,paɾla,paɾl,paɾl,NL
paɾla,paɾla,paɾl,paɾl,NL
paɾla,paɾla,paɾl,paɾl,NL
paɾla,paɾla,paɾl,paɾl,NL
paɾla,paɾla,paɾl,paɾl,NL
paɾla,paɾla,paɾl,paɾl,NL
paɾla,paɾla,paɾl,paɾl,NL
paɾla,paɾla,paɾl,paɾl,NL
paɾla,paɾla,paɾl,paɾl,NL
paɾla,paɾla,paɾl,paɾl,NL
paɾla,paɾla,paɾl,paɾl,NL
paɾla,paɾla,paɾl,paɾl,NL
paɾla,paɾla,paɾl,paɾl,NL
paɾla,paɾla,paɾl,paɾl,NL
paɾla,paɾla,paɾl,paɾl,NL
paɾla,paɾla,paɾl,paɾl,NL
paɾla,paɾla,paɾl,paɾl,NL
paɾla,paɾla,paɾl,paɾl,NL
paɾla,paɾla,paɾl,paɾl,NL
paɾla,paɾla,paɾl,paɾl,NL
paɾla,paɾla,paɾl,paɾl,NL
paɾla,paɾla,paɾl,paɾl,NL
paɾlejs,paɾlejs,paɾl,paɾl,NL
paɾlejs,paɾlejs,paɾl,paɾl,NL
paɾlejs,paɾlejs,paɾl,paɾl,NL
paɾlejs,paɾlejs,paɾl,paɾl,NL
paɾlejs,paɾlejs,paɾl,paɾl,NL
paɾlejs,paɾlejs,paɾl,paɾl,NL
paɾlejs,paɾlejs,paɾl,paɾl,NL
paɾlejs,paɾlejs,paɾl,paɾl,NL
paɾlejs,paɾlejs,paɾl,paɾl,NL
paɾlejs,paɾlejs,paɾl,paɾl,NL
paɾlejs,paɾlejs,paɾl,paɾl,NL
paɾlejs,paɾlejs,paɾl,paɾl,NL
paɾlejs,paɾlejs,paɾl,paɾl,NL
paɾlejs,paɾlejs,paɾl,paɾl,NL
paɾlejs,paɾlejs,paɾl,paɾl,NL
paɾlejs,paɾlejs,paɾl,paɾl,NL
paɾlejs,paɾlejs,paɾl,paɾl,NL
paɾlejs,paɾlejs,paɾl,paɾl,NL
paɾlejs,paɾlejs,paɾl,paɾl,NL
paɾlejs,paɾlejs,paɾl,paɾl,NL
paɾlejs,paɾlejs,paɾl,paɾl,NL
paɾlejs,paɾlejs,paɾl,paɾl,NL
paɾlejs,paɾlejs,paɾl,paɾl,NL
paɾlejs,paɾlejs,paɾl,paɾl,NL
paɾlejs,paɾlejs,paɾl,paɾl,NL
paɾlejs,paɾlejs,paɾl,paɾl,NL
paɾlejs,paɾlejs,paɾl,paɾl,NL
paɾlejs,paɾlejs,paɾl,paɾl,NL
paɾlejs,paɾlejs,paɾl,paɾl,NL
paɾlejs,paɾlejs,paɾl,paɾl,NL
paɾlejs,paɾlejs,paɾl,paɾl,NL
paɾlejs,paɾlejs,paɾl,paɾl,NL
paɾlejs,paɾlejs,paɾl,paɾl,NL
paɾlejs,paɾlejs,paɾl,paɾl,NL
paɾlejs,paɾlejs,paɾl,paɾl,NL
paɾlejs,paɾlejs,paɾl,paɾl,NL
paɾlejs,paɾlejs,paɾl,paɾl,NL
paɾlejs,paɾlejs,paɾl,paɾl,NL
paɾlejs,paɾlejs,paɾl,paɾl,NL
paɾlejs,paɾlejs,paɾl,paɾl,NL
paɾlejs,paɾlejs,paɾl,paɾl,NL
paɾlejs,paɾlejs,paɾl,paɾl,NL
paɾlejs,paɾlejs,paɾl,paɾl,NL
paɾlejs,paɾlejs,paɾl,paɾl,NL
paɾlejs,paɾlejs,paɾl,paɾl,NL
paɾlejs,paɾlejs,paɾl,paɾl,NL
paɾlejs,paɾlejs,paɾl,paɾl,NL
paɾlejs,paɾlejs,paɾl,paɾl,NL
paɾlejs,paɾlejs,paɾl,paɾl,NL
paɾlejs,paɾlejs,paɾl,paɾl,NL
paɾlejs,paɾlejs,paɾl,paɾl,NL
paɾlejs,paɾlejs,paɾl,paɾl,NL
paɾlejs,paɾlejs,paɾl,paɾl,NL
paɾlejs,paɾlejs,paɾl,paɾl,NL
paɾlejs,paɾlejs,paɾl,paɾl,NL
paɾlemos,paɾlemos,paɾl,paɾl,NL
paɾlemos,paɾlemos,paɾl,paɾl,NL
paɾlemos,paɾlemos,paɾl,paɾl,NL
paɾlemos,paɾlemos,paɾl,paɾl,NL
paɾlemos,paɾlemos,paɾl,paɾl,NL
paɾlemos,paɾlemos,paɾl,paɾl,NL
paɾlemos,paɾlemos,paɾl,paɾl,NL
paɾlemos,paɾlemos,paɾl,paɾl,NL
paɾlemos,paɾlemos,paɾl,paɾl,NL
paɾlemos,paɾlemos,paɾl,paɾl,NL
paɾlemos,paɾlemos,paɾl,paɾl,NL
paɾlemos,paɾlemos,paɾl,paɾl,NL
paɾlemos,paɾlemos,paɾl,paɾl,NL
paɾlemos,paɾlemos,paɾl,paɾl,NL
paɾlemos,paɾlemos,paɾl,paɾl,NL
paɾlemos,paɾlemos,paɾl,paɾl,NL
paɾlemos,paɾlemos,paɾl,paɾl,NL
paɾlemos,paɾlemos,paɾl,paɾl,NL
paɾlemos,paɾlemos,paɾl,paɾl,NL
paɾlemos,paɾlemos,paɾl,paɾl,NL
paɾlemos,paɾlemos,paɾl,paɾl,NL
paɾlemos,paɾlemos,paɾl,paɾl,NL
paɾlemos,paɾlemos,paɾl,paɾl,NL
paɾlemos,paɾlemos,paɾl,paɾl,NL
paɾlemos,paɾlemos,paɾl,paɾl,NL
paɾlemos,paɾlemos,paɾl,paɾl,NL
paɾlemos,paɾlemos,paɾl,paɾl,NL
paɾlemos,paɾlemos,paɾl,paɾl,NL
paɾlemos,paɾlemos,paɾl,paɾl,NL
paɾlemos,paɾlemos,paɾl,paɾl,NL
paɾlemos,paɾlemos,paɾl,paɾl,NL
paɾlemos,paɾlemos,paɾl,paɾl,NL
paɾlemos,paɾlemos,paɾl,paɾl,NL
paɾlemos,paɾlemos,paɾl,paɾl,NL
paɾlemos,paɾlemos,paɾl,paɾl,NL
paɾlemos,paɾlemos,paɾl,paɾl,NL
paɾlemos,paɾlemos,paɾl,paɾl,NL
paɾlemos,paɾlemos,paɾl,paɾl,NL
paɾlemos,paɾlemos,paɾl,paɾl,NL
paɾlemos,paɾlemos,paɾl,paɾl,NL
paɾlemos,paɾlemos,paɾl,paɾl,NL
paɾlemos,paɾlemos,paɾl,paɾl,NL
paɾlemos,paɾlemos,paɾl,paɾl,NL
paɾlemos,paɾlemos,paɾl,paɾl,NL
paɾlemos,paɾlemos,paɾl,paɾl,NL
paɾlemos,paɾlemos,paɾl,paɾl,NL
paɾlemos,paɾlemos,paɾl,paɾl,NL
paɾlemos,paɾlemos,paɾl,paɾl,NL
paɾlemos,paɾlemos,paɾl,paɾl,NL
paɾlemos,paɾlemos,paɾl,paɾl,NL
paɾlemos,paɾlemos,paɾl,paɾl,NL
paɾlemos,paɾlemos,paɾl,paɾl,NL
paɾlemos,paɾlemos,paɾl,paɾl,NL
paɾlemos,paɾlemos,paɾl,paɾl,NL
paɾlemos,paɾlemos,paɾl,paɾl,NL
paɾlen,paɾlen,paɾl,paɾl,NL
paɾlen,paɾlen,paɾl,paɾl,NL
paɾlen,paɾlen,paɾl,paɾl,NL
paɾlen,paɾlen,paɾl,paɾl,NL
paɾlen,paɾlen,paɾl,paɾl,NL
paɾlen,paɾlen,paɾl,paɾl,NL
paɾlen,paɾlen,paɾl,paɾl,NL
paɾlen,paɾlen,paɾl,paɾl,NL
paɾlen,paɾlen,paɾl,paɾl,NL
paɾlen,paɾlen,paɾl,paɾl,NL
paɾlen,paɾlen,paɾl,paɾl,NL
paɾlen,paɾlen,paɾl,paɾl,NL
paɾlen,paɾlen,paɾl,paɾl,NL
paɾlen,paɾlen,paɾl,paɾl,NL
paɾlen,paɾlen,paɾl,paɾl,NL
paɾlen,paɾlen,paɾl,paɾl,NL
paɾlen,paɾlen,paɾl,paɾl,NL
paɾlen,paɾlen,paɾl,paɾl,NL
paɾlen,paɾlen,paɾl,paɾl,NL
paɾlen,paɾlen,paɾl,paɾl,NL
paɾlen,paɾlen,paɾl,paɾl,NL
paɾlen,paɾlen,paɾl,paɾl,NL
paɾlen,paɾlen,paɾl,paɾl,NL
paɾlen,paɾlen,paɾl,paɾl,NL
paɾlen,paɾlen,paɾl,paɾl,NL
paɾlen,paɾlen,paɾl,paɾl,NL
paɾlen,paɾlen,paɾl,paɾl,NL
paɾlen,paɾlen,paɾl,paɾl,NL
paɾlen,paɾlen,paɾl,paɾl,NL
paɾlen,paɾlen,paɾl,paɾl,NL
paɾlen,paɾlen,paɾl,paɾl,NL
paɾlen,paɾlen,paɾl,paɾl,NL
paɾlen,paɾlen,paɾl,paɾl,NL
paɾlen,paɾlen,paɾl,paɾl,NL
paɾlen,paɾlen,paɾl,paɾl,NL
paɾlen,paɾlen,paɾl,paɾl,NL
paɾlen,paɾlen,paɾl,paɾl,NL
paɾlen,paɾlen,paɾl,paɾl,NL
paɾlen,paɾlen,paɾl,paɾl,NL
paɾlen,paɾlen,paɾl,paɾl,NL
paɾlen,paɾlen,paɾl,paɾl,NL
paɾlen,paɾlen,paɾl,paɾl,NL
paɾlen,paɾlen,paɾl,paɾl,NL
paɾlen,paɾlen,paɾl,paɾl,NL
paɾlen,paɾlen,paɾl,paɾl,NL
paɾlen,paɾlen,paɾl,paɾl,NL
paɾlen,paɾlen,paɾl,paɾl,NL
paɾlen,paɾlen,paɾl,paɾl,NL
paɾlen,paɾlen,paɾl,paɾl,NL
paɾlen,paɾlen,paɾl,paɾl,NL
paɾlen,paɾlen,paɾl,paɾl,NL
paɾlen,paɾlen,paɾl,paɾl,NL
paɾlen,paɾlen,paɾl,paɾl,NL
paɾlen,paɾlen,paɾl,paɾl,NL
paɾlen,paɾlen,paɾl,paɾl,NL
paɾles,paɾles,paɾl,paɾl,NL
paɾles,paɾles,paɾl,paɾl,NL
paɾles,paɾles,paɾl,paɾl,NL
paɾles,paɾles,paɾl,paɾl,NL
paɾles,paɾles,paɾl,paɾl,NL
paɾles,paɾles,paɾl,paɾl,NL
paɾles,paɾles,paɾl,paɾl,NL
paɾles,paɾles,paɾl,paɾl,NL
paɾles,paɾles,paɾl,paɾl,NL
paɾles,paɾles,paɾl,paɾl,NL
paɾles,paɾles,paɾl,paɾl,NL
paɾles,paɾles,paɾl,paɾl,NL
paɾles,paɾles,paɾl,paɾl,NL
paɾles,paɾles,paɾl,paɾl,NL
paɾles,paɾles,paɾl,paɾl,NL
paɾles,paɾles,paɾl,paɾl,NL
paɾles,paɾles,paɾl,paɾl,NL
paɾles,paɾles,paɾl,paɾl,NL
paɾles,paɾles,paɾl,paɾl,NL
paɾles,paɾles,paɾl,paɾl,NL
paɾles,paɾles,paɾl,paɾl,NL
paɾles,paɾles,paɾl,paɾl,NL
paɾles,paɾles,paɾl,paɾl,NL
paɾles,paɾles,paɾl,paɾl,NL
paɾles,paɾles,paɾl,paɾl,NL
paɾles,paɾles,paɾl,paɾl,NL
paɾles,paɾles,paɾl,paɾl,NL
paɾles,paɾles,paɾl,paɾl,NL
paɾles,paɾles,paɾl,paɾl,NL
paɾles,paɾles,paɾl,paɾl,NL
paɾles,paɾles,paɾl,paɾl,NL
paɾles,paɾles,paɾl,paɾl,NL
paɾles,paɾles,paɾl,paɾl,NL
paɾles,paɾles,paɾl,paɾl,NL
paɾles,paɾles,paɾl,paɾl,NL
paɾles,paɾles,paɾl,paɾl,NL
paɾles,paɾles,paɾl,paɾl,NL
paɾles,paɾles,paɾl,paɾl,NL
paɾles,paɾles,paɾl,paɾl,NL
paɾles,paɾles,paɾl,paɾl,NL
paɾles,paɾles,paɾl,paɾl,NL
paɾles,paɾles,paɾl,paɾl,NL
paɾles,paɾles,paɾl,paɾl,NL
paɾles,paɾles,paɾl,paɾl,NL
paɾles,paɾles,paɾl,paɾl,NL
paɾles,paɾles,paɾl,paɾl,NL
paɾles,paɾles,paɾl,paɾl,NL
paɾles,paɾles,paɾl,paɾl,NL
paɾles,paɾles,paɾl,paɾl,NL
paɾles,paɾles,paɾl,paɾl,NL
paɾles,paɾles,paɾl,paɾl,NL
paɾles,paɾles,paɾl,paɾl,NL
paɾles,paɾles,paɾl,paɾl,NL
paɾles,paɾles,paɾl,paɾl,NL
paɾles,paɾles,paɾl,paɾl,NL
paɾle,paɾle,paɾl,paɾl,NL
paɾle,paɾle,paɾl,paɾl,NL
paɾle,paɾle,paɾl,paɾl,NL
paɾle,paɾle,paɾl,paɾl,NL
paɾle,paɾle,paɾl,paɾl,NL
paɾle,paɾle,paɾl,paɾl,NL
paɾle,paɾle,paɾl,paɾl,NL
paɾle,paɾle,paɾl,paɾl,NL
paɾle,paɾle,paɾl,paɾl,NL
paɾle,paɾle,paɾl,paɾl,NL
paɾle,paɾle,paɾl,paɾl,NL
paɾle,paɾle,paɾl,paɾl,NL
paɾle,paɾle,paɾl,paɾl,NL
paɾle,paɾle,paɾl,paɾl,NL
paɾle,paɾle,paɾl,paɾl,NL
paɾle,paɾle,paɾl,paɾl,NL
paɾle,paɾle,paɾl,paɾl,NL
paɾle,paɾle,paɾl,paɾl,NL
paɾle,paɾle,paɾl,paɾl,NL
paɾle,paɾle,paɾl,paɾl,NL
paɾle,paɾle,paɾl,paɾl,NL
paɾle,paɾle,paɾl,paɾl,NL
paɾle,paɾle,paɾl,paɾl,NL
paɾle,paɾle,paɾl,paɾl,NL
paɾle,paɾle,paɾl,paɾl,NL
paɾle,paɾle,paɾl,paɾl,NL
paɾle,paɾle,paɾl,paɾl,NL
paɾle,paɾle,paɾl,paɾl,NL
paɾle,paɾle,paɾl,paɾl,NL
paɾle,paɾle,paɾl,paɾl,NL
paɾle,paɾle,paɾl,paɾl,NL
paɾle,paɾle,paɾl,paɾl,NL
paɾle,paɾle,paɾl,paɾl,NL
paɾle,paɾle,paɾl,paɾl,NL
paɾle,paɾle,paɾl,paɾl,NL
paɾle,paɾle,paɾl,paɾl,NL
paɾle,paɾle,paɾl,paɾl,NL
paɾle,paɾle,paɾl,paɾl,NL
paɾle,paɾle,paɾl,paɾl,NL
paɾle,paɾle,paɾl,paɾl,NL
paɾle,paɾle,paɾl,paɾl,NL
paɾle,paɾle,paɾl,paɾl,NL
paɾle,paɾle,paɾl,paɾl,NL
paɾle,paɾle,paɾl,paɾl,NL
paɾle,paɾle,paɾl,paɾl,NL
paɾle,paɾle,paɾl,paɾl,NL
paɾle,paɾle,paɾl,paɾl,NL
paɾle,paɾle,paɾl,paɾl,NL
paɾle,paɾle,paɾl,paɾl,NL
paɾle,paɾle,paɾl,paɾl,NL
paɾle,paɾle,paɾl,paɾl,NL
paɾle,paɾle,paɾl,paɾl,NL
paɾle,paɾle,paɾl,paɾl,NL
paɾle,paɾle,paɾl,paɾl,NL
paɾle,paɾle,paɾl,paɾl,NL
paɾle,paɾle,paɾl,paɾl,NL
paɾle,paɾle,paɾl,paɾl,NL
paɾle,paɾle,paɾl,paɾl,NL
paɾle,paɾle,paɾl,paɾl,NL
paɾle,paɾle,paɾl,paɾl,NL
paɾle,paɾle,paɾl,paɾl,NL
paɾle,paɾle,paɾl,paɾl,NL
paɾle,paɾle,paɾl,paɾl,NL
paɾle,paɾle,paɾl,paɾl,NL
paɾle,paɾle,paɾl,paɾl,NL
paɾle,paɾle,paɾl,paɾl,NL
paɾle,paɾle,paɾl,paɾl,NL
paɾle,paɾle,paɾl,paɾl,NL
paɾle,paɾle,paɾl,paɾl,NL
paɾle,paɾle,paɾl,paɾl,NL
paɾle,paɾle,paɾl,paɾl,NL
paɾle,paɾle,paɾl,paɾl,NL
paɾle,paɾle,paɾl,paɾl,NL
paɾle,paɾle,paɾl,paɾl,NL
paɾle,paɾle,paɾl,paɾl,NL
paɾle,paɾle,paɾl,paɾl,NL
paɾle,paɾle,paɾl,paɾl,NL
paɾle,paɾle,paɾl,paɾl,NL
paɾle,paɾle,paɾl,paɾl,NL
paɾle,paɾle,paɾl,paɾl,NL
paɾle,paɾle,paɾl,paɾl,NL
paɾle,paɾle,paɾl,paɾl,NL
paɾle,paɾle,paɾl,paɾl,NL
paɾle,paɾle,paɾl,paɾl,NL
paɾle,paɾle,paɾl,paɾl,NL
paɾle,paɾle,paɾl,paɾl,NL
paɾle,paɾle,paɾl,paɾl,NL
paɾle,paɾle,paɾl,paɾl,NL
paɾle,paɾle,paɾl,paɾl,NL
paɾle,paɾle,paɾl,paɾl,NL
paɾle,paɾle,paɾl,paɾl,NL
paɾle,paɾle,paɾl,paɾl,NL
paɾle,paɾle,paɾl,paɾl,NL
paɾle,paɾle,paɾl,paɾl,NL
paɾle,paɾle,paɾl,paɾl,NL
paɾle,paɾle,paɾl,paɾl,NL
paɾle,paɾle,paɾl,paɾl,NL
paɾle,paɾle,paɾl,paɾl,NL
paɾle,paɾle,paɾl,paɾl,NL
paɾle,paɾle,paɾl,paɾl,NL
paɾle,paɾle,paɾl,paɾl,NL
paɾle,paɾle,paɾl,paɾl,NL
paɾle,paɾle,paɾl,paɾl,NL
paɾle,paɾle,paɾl,paɾl,NL
paɾle,paɾle,paɾl,paɾl,NL
paɾle,paɾle,paɾl,paɾl,NL
paɾle,paɾle,paɾl,paɾl,NL
paɾle,paɾle,paɾl,paɾl,NL
paɾle,paɾle,paɾl,paɾl,NL
paɾle,paɾle,paɾl,paɾl,NL
paɾlo,paɾlo,paɾl,paɾl,NL
paɾlo,paɾlo,paɾl,paɾl,NL
paɾlo,paɾlo,paɾl,paɾl,NL
paɾlo,paɾlo,paɾl,paɾl,NL
paɾlo,paɾlo,paɾl,paɾl,NL
paɾlo,paɾlo,paɾl,paɾl,NL
paɾlo,paɾlo,paɾl,paɾl,NL
paɾlo,paɾlo,paɾl,paɾl,NL
paɾlo,paɾlo,paɾl,paɾl,NL
paɾlo,paɾlo,paɾl,paɾl,NL
paɾlo,paɾlo,paɾl,paɾl,NL
paɾlo,paɾlo,paɾl,paɾl,NL
paɾlo,paɾlo,paɾl,paɾl,NL
paɾlo,paɾlo,paɾl,paɾl,NL
paɾlo,paɾlo,paɾl,paɾl,NL
paɾlo,paɾlo,paɾl,paɾl,NL
paɾlo,paɾlo,paɾl,paɾl,NL
paɾlo,paɾlo,paɾl,paɾl,NL
paɾlo,paɾlo,paɾl,paɾl,NL
paɾlo,paɾlo,paɾl,paɾl,NL
paɾlo,paɾlo,paɾl,paɾl,NL
paɾlo,paɾlo,paɾl,paɾl,NL
paɾlo,paɾlo,paɾl,paɾl,NL
paɾlo,paɾlo,paɾl,paɾl,NL
paɾlo,paɾlo,paɾl,paɾl,NL
paɾlo,paɾlo,paɾl,paɾl,NL
paɾlo,paɾlo,paɾl,paɾl,NL
paɾlo,paɾlo,paɾl,paɾl,NL
paɾlo,paɾlo,paɾl,paɾl,NL
paɾlo,paɾlo,paɾl,paɾl,NL
paɾlo,paɾlo,paɾl,paɾl,NL
paɾlo,paɾlo,paɾl,paɾl,NL
paɾlo,paɾlo,paɾl,paɾl,NL
paɾlo,paɾlo,paɾl,paɾl,NL
paɾlo,paɾlo,paɾl,paɾl,NL
paɾlo,paɾlo,paɾl,paɾl,NL
paɾlo,paɾlo,paɾl,paɾl,NL
paɾlo,paɾlo,paɾl,paɾl,NL
paɾlo,paɾlo,paɾl,paɾl,NL
paɾlo,paɾlo,paɾl,paɾl,NL
paɾlo,paɾlo,paɾl,paɾl,NL
paɾlo,paɾlo,paɾl,paɾl,NL
paɾlo,paɾlo,paɾl,paɾl,NL
paɾlo,paɾlo,paɾl,paɾl,NL
paɾlo,paɾlo,paɾl,paɾl,NL
paɾlo,paɾlo,paɾl,paɾl,NL
paɾlo,paɾlo,paɾl,paɾl,NL
paɾlo,paɾlo,paɾl,paɾl,NL
paɾlo,paɾlo,paɾl,paɾl,NL
paɾlo,paɾlo,paɾl,paɾl,NL
paɾlo,paɾlo,paɾl,paɾl,NL
paɾlo,paɾlo,paɾl,paɾl,NL
paɾlo,paɾlo,paɾl,paɾl,NL
paɾlo,paɾlo,paɾl,paɾl,NL
paɾlo,paɾlo,paɾl,paɾl,NL
desbarajs,desbarajs,desbar,desbar,NL
desbarajs,desbarajs,desbar,desbar,NL
desbarajs,desbarajs,desbar,desbar,NL
desbarajs,desbarajs,desbar,desbar,NL
desbarajs,desbarajs,desbar,desbar,NL
desbarajs,desbarajs,desbar,desbar,NL
desbarajs,desbarajs,desbar,desbar,NL
desbarajs,desbarajs,desbar,desbar,NL
desbarajs,desbarajs,desbar,desbar,NL
desbarajs,desbarajs,desbar,desbar,NL
desbarajs,desbarajs,desbar,desbar,NL
desbarajs,desbarajs,desbar,desbar,NL
desbarajs,desbarajs,desbar,desbar,NL
desbarajs,desbarajs,desbar,desbar,NL
desbarajs,desbarajs,desbar,desbar,NL
desbarajs,desbarajs,desbar,desbar,NL
desbarajs,desbarajs,desbar,desbar,NL
desbarajs,desbarajs,desbar,desbar,NL
desbarajs,desbarajs,desbar,desbar,NL
desbarajs,desbarajs,desbar,desbar,NL
desbarajs,desbarajs,desbar,desbar,NL
desbarajs,desbarajs,desbar,desbar,NL
desbarajs,desbarajs,desbar,desbar,NL
desbarajs,desbarajs,desbar,desbar,NL
desbarajs,desbarajs,desbar,desbar,NL
desbarajs,desbarajs,desbar,desbar,NL
desbarajs,desbarajs,desbar,desbar,NL
desbarajs,desbarajs,desbar,desbar,NL
desbarajs,desbarajs,desbar,desbar,NL
desbarajs,desbarajs,desbar,desbar,NL
desbarajs,desbarajs,desbar,desbar,NL
desbarajs,desbarajs,desbar,desbar,NL
desbarajs,desbarajs,desbar,desbar,NL
desbarajs,desbarajs,desbar,desbar,NL
desbarajs,desbarajs,desbar,desbar,NL
desbarajs,desbarajs,desbar,desbar,NL
desbarajs,desbarajs,desbar,desbar,NL
desbarajs,desbarajs,desbar,desbar,NL
desbarajs,desbarajs,desbar,desbar,NL
desbarajs,desbarajs,desbar,desbar,NL
desbarajs,desbarajs,desbar,desbar,NL
desbarajs,desbarajs,desbar,desbar,NL
desbarajs,desbarajs,desbar,desbar,NL
desbarajs,desbarajs,desbar,desbar,NL
desbarajs,desbarajs,desbar,desbar,NL
desbarajs,desbarajs,desbar,desbar,NL
desbarajs,desbarajs,desbar,desbar,NL
desbarajs,desbarajs,desbar,desbar,NL
desbarajs,desbarajs,desbar,desbar,NL
desbarajs,desbarajs,desbar,desbar,NL
desbarajs,desbarajs,desbar,desbar,NL
desbarajs,desbarajs,desbar,desbar,NL
desbarajs,desbarajs,desbar,desbar,NL
desbarajs,desbarajs,desbar,desbar,NL
desbarajs,desbarajs,desbar,desbar,NL
desbaramos,desbaramos,desbar,desbar,NL
desbaramos,desbaramos,desbar,desbar,NL
desbaramos,desbaramos,desbar,desbar,NL
desbaramos,desbaramos,desbar,desbar,NL
desbaramos,desbaramos,desbar,desbar,NL
desbaramos,desbaramos,desbar,desbar,NL
desbaramos,desbaramos,desbar,desbar,NL
desbaramos,desbaramos,desbar,desbar,NL
desbaramos,desbaramos,desbar,desbar,NL
desbaramos,desbaramos,desbar,desbar,NL
desbaramos,desbaramos,desbar,desbar,NL
desbaramos,desbaramos,desbar,desbar,NL
desbaramos,desbaramos,desbar,desbar,NL
desbaramos,desbaramos,desbar,desbar,NL
desbaramos,desbaramos,desbar,desbar,NL
desbaramos,desbaramos,desbar,desbar,NL
desbaramos,desbaramos,desbar,desbar,NL
desbaramos,desbaramos,desbar,desbar,NL
desbaramos,desbaramos,desbar,desbar,NL
desbaramos,desbaramos,desbar,desbar,NL
desbaramos,desbaramos,desbar,desbar,NL
desbaramos,desbaramos,desbar,desbar,NL
desbaramos,desbaramos,desbar,desbar,NL
desbaramos,desbaramos,desbar,desbar,NL
desbaramos,desbaramos,desbar,desbar,NL
desbaramos,desbaramos,desbar,desbar,NL
desbaramos,desbaramos,desbar,desbar,NL
desbaramos,desbaramos,desbar,desbar,NL
desbaramos,desbaramos,desbar,desbar,NL
desbaramos,desbaramos,desbar,desbar,NL
desbaramos,desbaramos,desbar,desbar,NL
desbaramos,desbaramos,desbar,desbar,NL
desbaramos,desbaramos,desbar,desbar,NL
desbaramos,desbaramos,desbar,desbar,NL
desbaramos,desbaramos,desbar,desbar,NL
desbaramos,desbaramos,desbar,desbar,NL
desbaramos,desbaramos,desbar,desbar,NL
desbaramos,desbaramos,desbar,desbar,NL
desbaramos,desbaramos,desbar,desbar,NL
desbaramos,desbaramos,desbar,desbar,NL
desbaramos,desbaramos,desbar,desbar,NL
desbaramos,desbaramos,desbar,desbar,NL
desbaramos,desbaramos,desbar,desbar,NL
desbaramos,desbaramos,desbar,desbar,NL
desbaramos,desbaramos,desbar,desbar,NL
desbaramos,desbaramos,desbar,desbar,NL
desbaramos,desbaramos,desbar,desbar,NL
desbaramos,desbaramos,desbar,desbar,NL
desbaramos,desbaramos,desbar,desbar,NL
desbaramos,desbaramos,desbar,desbar,NL
desbaramos,desbaramos,desbar,desbar,NL
desbaramos,desbaramos,desbar,desbar,NL
desbaramos,desbaramos,desbar,desbar,NL
desbaramos,desbaramos,desbar,desbar,NL
desbaramos,desbaramos,desbar,desbar,NL
desbaran,desbaran,desbar,desbar,NL
desbaran,desbaran,desbar,desbar,NL
desbaran,desbaran,desbar,desbar,NL
desbaran,desbaran,desbar,desbar,NL
desbaran,desbaran,desbar,desbar,NL
desbaran,desbaran,desbar,desbar,NL
desbaran,desbaran,desbar,desbar,NL
desbaran,desbaran,desbar,desbar,NL
desbaran,desbaran,desbar,desbar,NL
desbaran,desbaran,desbar,desbar,NL
desbaran,desbaran,desbar,desbar,NL
desbaran,desbaran,desbar,desbar,NL
desbaran,desbaran,desbar,desbar,NL
desbaran,desbaran,desbar,desbar,NL
desbaran,desbaran,desbar,desbar,NL
desbaran,desbaran,desbar,desbar,NL
desbaran,desbaran,desbar,desbar,NL
desbaran,desbaran,desbar,desbar,NL
desbaran,desbaran,desbar,desbar,NL
desbaran,desbaran,desbar,desbar,NL
desbaran,desbaran,desbar,desbar,NL
desbaran,desbaran,desbar,desbar,NL
desbaran,desbaran,desbar,desbar,NL
desbaran,desbaran,desbar,desbar,NL
desbaran,desbaran,desbar,desbar,NL
desbaran,desbaran,desbar,desbar,NL
desbaran,desbaran,desbar,desbar,NL
desbaran,desbaran,desbar,desbar,NL
desbaran,desbaran,desbar,desbar,NL
desbaran,desbaran,desbar,desbar,NL
desbaran,desbaran,desbar,desbar,NL
desbaran,desbaran,desbar,desbar,NL
desbaran,desbaran,desbar,desbar,NL
desbaran,desbaran,desbar,desbar,NL
desbaran,desbaran,desbar,desbar,NL
desbaran,desbaran,desbar,desbar,NL
desbaran,desbaran,desbar,desbar,NL
desbaran,desbaran,desbar,desbar,NL
desbaran,desbaran,desbar,desbar,NL
desbaran,desbaran,desbar,desbar,NL
desbaran,desbaran,desbar,desbar,NL
desbaran,desbaran,desbar,desbar,NL
desbaran,desbaran,desbar,desbar,NL
desbaran,desbaran,desbar,desbar,NL
desbaran,desbaran,desbar,desbar,NL
desbaran,desbaran,desbar,desbar,NL
desbaran,desbaran,desbar,desbar,NL
desbaran,desbaran,desbar,desbar,NL
desbaran,desbaran,desbar,desbar,NL
desbaran,desbaran,desbar,desbar,NL
desbaran,desbaran,desbar,desbar,NL
desbaran,desbaran,desbar,desbar,NL
desbaran,desbaran,desbar,desbar,NL
desbaran,desbaran,desbar,desbar,NL
desbaran,desbaran,desbar,desbar,NL
desbaras,desbaras,desbar,desbar,NL
desbaras,desbaras,desbar,desbar,NL
desbaras,desbaras,desbar,desbar,NL
desbaras,desbaras,desbar,desbar,NL
desbaras,desbaras,desbar,desbar,NL
desbaras,desbaras,desbar,desbar,NL
desbaras,desbaras,desbar,desbar,NL
desbaras,desbaras,desbar,desbar,NL
desbaras,desbaras,desbar,desbar,NL
desbaras,desbaras,desbar,desbar,NL
desbaras,desbaras,desbar,desbar,NL
desbaras,desbaras,desbar,desbar,NL
desbaras,desbaras,desbar,desbar,NL
desbaras,desbaras,desbar,desbar,NL
desbaras,desbaras,desbar,desbar,NL
desbaras,desbaras,desbar,desbar,NL
desbaras,desbaras,desbar,desbar,NL
desbaras,desbaras,desbar,desbar,NL
desbaras,desbaras,desbar,desbar,NL
desbaras,desbaras,desbar,desbar,NL
desbaras,desbaras,desbar,desbar,NL
desbaras,desbaras,desbar,desbar,NL
desbaras,desbaras,desbar,desbar,NL
desbaras,desbaras,desbar,desbar,NL
desbaras,desbaras,desbar,desbar,NL
desbaras,desbaras,desbar,desbar,NL
desbaras,desbaras,desbar,desbar,NL
desbaras,desbaras,desbar,desbar,NL
desbaras,desbaras,desbar,desbar,NL
desbaras,desbaras,desbar,desbar,NL
desbaras,desbaras,desbar,desbar,NL
desbaras,desbaras,desbar,desbar,NL
desbaras,desbaras,desbar,desbar,NL
desbaras,desbaras,desbar,desbar,NL
desbaras,desbaras,desbar,desbar,NL
desbaras,desbaras,desbar,desbar,NL
desbaras,desbaras,desbar,desbar,NL
desbaras,desbaras,desbar,desbar,NL
desbaras,desbaras,desbar,desbar,NL
desbaras,desbaras,desbar,desbar,NL
desbaras,desbaras,desbar,desbar,NL
desbaras,desbaras,desbar,desbar,NL
desbaras,desbaras,desbar,desbar,NL
desbaras,desbaras,desbar,desbar,NL
desbaras,desbaras,desbar,desbar,NL
desbaras,desbaras,desbar,desbar,NL
desbaras,desbaras,desbar,desbar,NL
desbaras,desbaras,desbar,desbar,NL
desbaras,desbaras,desbar,desbar,NL
desbaras,desbaras,desbar,desbar,NL
desbaras,desbaras,desbar,desbar,NL
desbaras,desbaras,desbar,desbar,NL
desbaras,desbaras,desbar,desbar,NL
desbaras,desbaras,desbar,desbar,NL
desbaras,desbaras,desbar,desbar,NL
desbara,desbara,desbar,desbar,NL
desbara,desbara,desbar,desbar,NL
desbara,desbara,desbar,desbar,NL
desbara,desbara,desbar,desbar,NL
desbara,desbara,desbar,desbar,NL
desbara,desbara,desbar,desbar,NL
desbara,desbara,desbar,desbar,NL
desbara,desbara,desbar,desbar,NL
desbara,desbara,desbar,desbar,NL
desbara,desbara,desbar,desbar,NL
desbara,desbara,desbar,desbar,NL
desbara,desbara,desbar,desbar,NL
desbara,desbara,desbar,desbar,NL
desbara,desbara,desbar,desbar,NL
desbara,desbara,desbar,desbar,NL
desbara,desbara,desbar,desbar,NL
desbara,desbara,desbar,desbar,NL
desbara,desbara,desbar,desbar,NL
desbara,desbara,desbar,desbar,NL
desbara,desbara,desbar,desbar,NL
desbara,desbara,desbar,desbar,NL
desbara,desbara,desbar,desbar,NL
desbara,desbara,desbar,desbar,NL
desbara,desbara,desbar,desbar,NL
desbara,desbara,desbar,desbar,NL
desbara,desbara,desbar,desbar,NL
desbara,desbara,desbar,desbar,NL
desbara,desbara,desbar,desbar,NL
desbara,desbara,desbar,desbar,NL
desbara,desbara,desbar,desbar,NL
desbara,desbara,desbar,desbar,NL
desbara,desbara,desbar,desbar,NL
desbara,desbara,desbar,desbar,NL
desbara,desbara,desbar,desbar,NL
desbara,desbara,desbar,desbar,NL
desbara,desbara,desbar,desbar,NL
desbara,desbara,desbar,desbar,NL
desbara,desbara,desbar,desbar,NL
desbara,desbara,desbar,desbar,NL
desbara,desbara,desbar,desbar,NL
desbara,desbara,desbar,desbar,NL
desbara,desbara,desbar,desbar,NL
desbara,desbara,desbar,desbar,NL
desbara,desbara,desbar,desbar,NL
desbara,desbara,desbar,desbar,NL
desbara,desbara,desbar,desbar,NL
desbara,desbara,desbar,desbar,NL
desbara,desbara,desbar,desbar,NL
desbara,desbara,desbar,desbar,NL
desbara,desbara,desbar,desbar,NL
desbara,desbara,desbar,desbar,NL
desbara,desbara,desbar,desbar,NL
desbara,desbara,desbar,desbar,NL
desbara,desbara,desbar,desbar,NL
desbara,desbara,desbar,desbar,NL
desbarejs,desbarejs,desbar,desbar,NL
desbarejs,desbarejs,desbar,desbar,NL
desbarejs,desbarejs,desbar,desbar,NL
desbarejs,desbarejs,desbar,desbar,NL
desbarejs,desbarejs,desbar,desbar,NL
desbarejs,desbarejs,desbar,desbar,NL
desbarejs,desbarejs,desbar,desbar,NL
desbarejs,desbarejs,desbar,desbar,NL
desbarejs,desbarejs,desbar,desbar,NL
desbarejs,desbarejs,desbar,desbar,NL
desbarejs,desbarejs,desbar,desbar,NL
desbarejs,desbarejs,desbar,desbar,NL
desbarejs,desbarejs,desbar,desbar,NL
desbarejs,desbarejs,desbar,desbar,NL
desbarejs,desbarejs,desbar,desbar,NL
desbarejs,desbarejs,desbar,desbar,NL
desbarejs,desbarejs,desbar,desbar,NL
desbarejs,desbarejs,desbar,desbar,NL
desbarejs,desbarejs,desbar,desbar,NL
desbarejs,desbarejs,desbar,desbar,NL
desbarejs,desbarejs,desbar,desbar,NL
desbarejs,desbarejs,desbar,desbar,NL
desbarejs,desbarejs,desbar,desbar,NL
desbarejs,desbarejs,desbar,desbar,NL
desbarejs,desbarejs,desbar,desbar,NL
desbarejs,desbarejs,desbar,desbar,NL
desbarejs,desbarejs,desbar,desbar,NL
desbarejs,desbarejs,desbar,desbar,NL
desbarejs,desbarejs,desbar,desbar,NL
desbarejs,desbarejs,desbar,desbar,NL
desbarejs,desbarejs,desbar,desbar,NL
desbarejs,desbarejs,desbar,desbar,NL
desbarejs,desbarejs,desbar,desbar,NL
desbarejs,desbarejs,desbar,desbar,NL
desbarejs,desbarejs,desbar,desbar,NL
desbarejs,desbarejs,desbar,desbar,NL
desbarejs,desbarejs,desbar,desbar,NL
desbarejs,desbarejs,desbar,desbar,NL
desbarejs,desbarejs,desbar,desbar,NL
desbarejs,desbarejs,desbar,desbar,NL
desbarejs,desbarejs,desbar,desbar,NL
desbarejs,desbarejs,desbar,desbar,NL
desbarejs,desbarejs,desbar,desbar,NL
desbarejs,desbarejs,desbar,desbar,NL
desbarejs,desbarejs,desbar,desbar,NL
desbarejs,desbarejs,desbar,desbar,NL
desbarejs,desbarejs,desbar,desbar,NL
desbarejs,desbarejs,desbar,desbar,NL
desbarejs,desbarejs,desbar,desbar,NL
desbarejs,desbarejs,desbar,desbar,NL
desbarejs,desbarejs,desbar,desbar,NL
desbarejs,desbarejs,desbar,desbar,NL
desbarejs,desbarejs,desbar,desbar,NL
desbarejs,desbarejs,desbar,desbar,NL
desbarejs,desbarejs,desbar,desbar,NL
desbaremos,desbaremos,desbar,desbar,NL
desbaremos,desbaremos,desbar,desbar,NL
desbaremos,desbaremos,desbar,desbar,NL
desbaremos,desbaremos,desbar,desbar,NL
desbaremos,desbaremos,desbar,desbar,NL
desbaremos,desbaremos,desbar,desbar,NL
desbaremos,desbaremos,desbar,desbar,NL
desbaremos,desbaremos,desbar,desbar,NL
desbaremos,desbaremos,desbar,desbar,NL
desbaremos,desbaremos,desbar,desbar,NL
desbaremos,desbaremos,desbar,desbar,NL
desbaremos,desbaremos,desbar,desbar,NL
desbaremos,desbaremos,desbar,desbar,NL
desbaremos,desbaremos,desbar,desbar,NL
desbaremos,desbaremos,desbar,desbar,NL
desbaremos,desbaremos,desbar,desbar,NL
desbaremos,desbaremos,desbar,desbar,NL
desbaremos,desbaremos,desbar,desbar,NL
desbaremos,desbaremos,desbar,desbar,NL
desbaremos,desbaremos,desbar,desbar,NL
desbaremos,desbaremos,desbar,desbar,NL
desbaremos,desbaremos,desbar,desbar,NL
desbaremos,desbaremos,desbar,desbar,NL
desbaremos,desbaremos,desbar,desbar,NL
desbaremos,desbaremos,desbar,desbar,NL
desbaremos,desbaremos,desbar,desbar,NL
desbaremos,desbaremos,desbar,desbar,NL
desbaremos,desbaremos,desbar,desbar,NL
desbaremos,desbaremos,desbar,desbar,NL
desbaremos,desbaremos,desbar,desbar,NL
desbaremos,desbaremos,desbar,desbar,NL
desbaremos,desbaremos,desbar,desbar,NL
desbaremos,desbaremos,desbar,desbar,NL
desbaremos,desbaremos,desbar,desbar,NL
desbaremos,desbaremos,desbar,desbar,NL
desbaremos,desbaremos,desbar,desbar,NL
desbaremos,desbaremos,desbar,desbar,NL
desbaremos,desbaremos,desbar,desbar,NL
desbaremos,desbaremos,desbar,desbar,NL
desbaremos,desbaremos,desbar,desbar,NL
desbaremos,desbaremos,desbar,desbar,NL
desbaremos,desbaremos,desbar,desbar,NL
desbaremos,desbaremos,desbar,desbar,NL
desbaremos,desbaremos,desbar,desbar,NL
desbaremos,desbaremos,desbar,desbar,NL
desbaremos,desbaremos,desbar,desbar,NL
desbaremos,desbaremos,desbar,desbar,NL
desbaremos,desbaremos,desbar,desbar,NL
desbaremos,desbaremos,desbar,desbar,NL
desbaremos,desbaremos,desbar,desbar,NL
desbaremos,desbaremos,desbar,desbar,NL
desbaremos,desbaremos,desbar,desbar,NL
desbaremos,desbaremos,desbar,desbar,NL
desbaremos,desbaremos,desbar,desbar,NL
desbaremos,desbaremos,desbar,desbar,NL
desbaren,desbaren,desbar,desbar,NL
desbaren,desbaren,desbar,desbar,NL
desbaren,desbaren,desbar,desbar,NL
desbaren,desbaren,desbar,desbar,NL
desbaren,desbaren,desbar,desbar,NL
desbaren,desbaren,desbar,desbar,NL
desbaren,desbaren,desbar,desbar,NL
desbaren,desbaren,desbar,desbar,NL
desbaren,desbaren,desbar,desbar,NL
desbaren,desbaren,desbar,desbar,NL
desbaren,desbaren,desbar,desbar,NL
desbaren,desbaren,desbar,desbar,NL
desbaren,desbaren,desbar,desbar,NL
desbaren,desbaren,desbar,desbar,NL
desbaren,desbaren,desbar,desbar,NL
desbaren,desbaren,desbar,desbar,NL
desbaren,desbaren,desbar,desbar,NL
desbaren,desbaren,desbar,desbar,NL
desbaren,desbaren,desbar,desbar,NL
desbaren,desbaren,desbar,desbar,NL
desbaren,desbaren,desbar,desbar,NL
desbaren,desbaren,desbar,desbar,NL
desbaren,desbaren,desbar,desbar,NL
desbaren,desbaren,desbar,desbar,NL
desbaren,desbaren,desbar,desbar,NL
desbaren,desbaren,desbar,desbar,NL
desbaren,desbaren,desbar,desbar,NL
desbaren,desbaren,desbar,desbar,NL
desbaren,desbaren,desbar,desbar,NL
desbaren,desbaren,desbar,desbar,NL
desbaren,desbaren,desbar,desbar,NL
desbaren,desbaren,desbar,desbar,NL
desbaren,desbaren,desbar,desbar,NL
desbaren,desbaren,desbar,desbar,NL
desbaren,desbaren,desbar,desbar,NL
desbaren,desbaren,desbar,desbar,NL
desbaren,desbaren,desbar,desbar,NL
desbaren,desbaren,desbar,desbar,NL
desbaren,desbaren,desbar,desbar,NL
desbaren,desbaren,desbar,desbar,NL
desbaren,desbaren,desbar,desbar,NL
desbaren,desbaren,desbar,desbar,NL
desbaren,desbaren,desbar,desbar,NL
desbaren,desbaren,desbar,desbar,NL
desbaren,desbaren,desbar,desbar,NL
desbaren,desbaren,desbar,desbar,NL
desbaren,desbaren,desbar,desbar,NL
desbaren,desbaren,desbar,desbar,NL
desbaren,desbaren,desbar,desbar,NL
desbaren,desbaren,desbar,desbar,NL
desbaren,desbaren,desbar,desbar,NL
desbaren,desbaren,desbar,desbar,NL
desbaren,desbaren,desbar,desbar,NL
desbaren,desbaren,desbar,desbar,NL
desbaren,desbaren,desbar,desbar,NL
desbares,desbares,desbar,desbar,NL
desbares,desbares,desbar,desbar,NL
desbares,desbares,desbar,desbar,NL
desbares,desbares,desbar,desbar,NL
desbares,desbares,desbar,desbar,NL
desbares,desbares,desbar,desbar,NL
desbares,desbares,desbar,desbar,NL
desbares,desbares,desbar,desbar,NL
desbares,desbares,desbar,desbar,NL
desbares,desbares,desbar,desbar,NL
desbares,desbares,desbar,desbar,NL
desbares,desbares,desbar,desbar,NL
desbares,desbares,desbar,desbar,NL
desbares,desbares,desbar,desbar,NL
desbares,desbares,desbar,desbar,NL
desbares,desbares,desbar,desbar,NL
desbares,desbares,desbar,desbar,NL
desbares,desbares,desbar,desbar,NL
desbares,desbares,desbar,desbar,NL
desbares,desbares,desbar,desbar,NL
desbares,desbares,desbar,desbar,NL
desbares,desbares,desbar,desbar,NL
desbares,desbares,desbar,desbar,NL
desbares,desbares,desbar,desbar,NL
desbares,desbares,desbar,desbar,NL
desbares,desbares,desbar,desbar,NL
desbares,desbares,desbar,desbar,NL
desbares,desbares,desbar,desbar,NL
desbares,desbares,desbar,desbar,NL
desbares,desbares,desbar,desbar,NL
desbares,desbares,desbar,desbar,NL
desbares,desbares,desbar,desbar,NL
desbares,desbares,desbar,desbar,NL
desbares,desbares,desbar,desbar,NL
desbares,desbares,desbar,desbar,NL
desbares,desbares,desbar,desbar,NL
desbares,desbares,desbar,desbar,NL
desbares,desbares,desbar,desbar,NL
desbares,desbares,desbar,desbar,NL
desbares,desbares,desbar,desbar,NL
desbares,desbares,desbar,desbar,NL
desbares,desbares,desbar,desbar,NL
desbares,desbares,desbar,desbar,NL
desbares,desbares,desbar,desbar,NL
desbares,desbares,desbar,desbar,NL
desbares,desbares,desbar,desbar,NL
desbares,desbares,desbar,desbar,NL
desbares,desbares,desbar,desbar,NL
desbares,desbares,desbar,desbar,NL
desbares,desbares,desbar,desbar,NL
desbares,desbares,desbar,desbar,NL
desbares,desbares,desbar,desbar,NL
desbares,desbares,desbar,desbar,NL
desbares,desbares,desbar,desbar,NL
desbares,desbares,desbar,desbar,NL
desbare,desbare,desbar,desbar,NL
desbare,desbare,desbar,desbar,NL
desbare,desbare,desbar,desbar,NL
desbare,desbare,desbar,desbar,NL
desbare,desbare,desbar,desbar,NL
desbare,desbare,desbar,desbar,NL
desbare,desbare,desbar,desbar,NL
desbare,desbare,desbar,desbar,NL
desbare,desbare,desbar,desbar,NL
desbare,desbare,desbar,desbar,NL
desbare,desbare,desbar,desbar,NL
desbare,desbare,desbar,desbar,NL
desbare,desbare,desbar,desbar,NL
desbare,desbare,desbar,desbar,NL
desbare,desbare,desbar,desbar,NL
desbare,desbare,desbar,desbar,NL
desbare,desbare,desbar,desbar,NL
desbare,desbare,desbar,desbar,NL
desbare,desbare,desbar,desbar,NL
desbare,desbare,desbar,desbar,NL
desbare,desbare,desbar,desbar,NL
desbare,desbare,desbar,desbar,NL
desbare,desbare,desbar,desbar,NL
desbare,desbare,desbar,desbar,NL
desbare,desbare,desbar,desbar,NL
desbare,desbare,desbar,desbar,NL
desbare,desbare,desbar,desbar,NL
desbare,desbare,desbar,desbar,NL
desbare,desbare,desbar,desbar,NL
desbare,desbare,desbar,desbar,NL
desbare,desbare,desbar,desbar,NL
desbare,desbare,desbar,desbar,NL
desbare,desbare,desbar,desbar,NL
desbare,desbare,desbar,desbar,NL
desbare,desbare,desbar,desbar,NL
desbare,desbare,desbar,desbar,NL
desbare,desbare,desbar,desbar,NL
desbare,desbare,desbar,desbar,NL
desbare,desbare,desbar,desbar,NL
desbare,desbare,desbar,desbar,NL
desbare,desbare,desbar,desbar,NL
desbare,desbare,desbar,desbar,NL
desbare,desbare,desbar,desbar,NL
desbare,desbare,desbar,desbar,NL
desbare,desbare,desbar,desbar,NL
desbare,desbare,desbar,desbar,NL
desbare,desbare,desbar,desbar,NL
desbare,desbare,desbar,desbar,NL
desbare,desbare,desbar,desbar,NL
desbare,desbare,desbar,desbar,NL
desbare,desbare,desbar,desbar,NL
desbare,desbare,desbar,desbar,NL
desbare,desbare,desbar,desbar,NL
desbare,desbare,desbar,desbar,NL
desbare,desbare,desbar,desbar,NL
desbare,desbare,desbar,desbar,NL
desbare,desbare,desbar,desbar,NL
desbare,desbare,desbar,desbar,NL
desbare,desbare,desbar,desbar,NL
desbare,desbare,desbar,desbar,NL
desbare,desbare,desbar,desbar,NL
desbare,desbare,desbar,desbar,NL
desbare,desbare,desbar,desbar,NL
desbare,desbare,desbar,desbar,NL
desbare,desbare,desbar,desbar,NL
desbare,desbare,desbar,desbar,NL
desbare,desbare,desbar,desbar,NL
desbare,desbare,desbar,desbar,NL
desbare,desbare,desbar,desbar,NL
desbare,desbare,desbar,desbar,NL
desbare,desbare,desbar,desbar,NL
desbare,desbare,desbar,desbar,NL
desbare,desbare,desbar,desbar,NL
desbare,desbare,desbar,desbar,NL
desbare,desbare,desbar,desbar,NL
desbare,desbare,desbar,desbar,NL
desbare,desbare,desbar,desbar,NL
desbare,desbare,desbar,desbar,NL
desbare,desbare,desbar,desbar,NL
desbare,desbare,desbar,desbar,NL
desbare,desbare,desbar,desbar,NL
desbare,desbare,desbar,desbar,NL
desbare,desbare,desbar,desbar,NL
desbare,desbare,desbar,desbar,NL
desbare,desbare,desbar,desbar,NL
desbare,desbare,desbar,desbar,NL
desbare,desbare,desbar,desbar,NL
desbare,desbare,desbar,desbar,NL
desbare,desbare,desbar,desbar,NL
desbare,desbare,desbar,desbar,NL
desbare,desbare,desbar,desbar,NL
desbare,desbare,desbar,desbar,NL
desbare,desbare,desbar,desbar,NL
desbare,desbare,desbar,desbar,NL
desbare,desbare,desbar,desbar,NL
desbare,desbare,desbar,desbar,NL
desbare,desbare,desbar,desbar,NL
desbare,desbare,desbar,desbar,NL
desbare,desbare,desbar,desbar,NL
desbare,desbare,desbar,desbar,NL
desbare,desbare,desbar,desbar,NL
desbare,desbare,desbar,desbar,NL
desbare,desbare,desbar,desbar,NL
desbare,desbare,desbar,desbar,NL
desbare,desbare,desbar,desbar,NL
desbare,desbare,desbar,desbar,NL
desbare,desbare,desbar,desbar,NL
desbare,desbare,desbar,desbar,NL
desbare,desbare,desbar,desbar,NL
desbare,desbare,desbar,desbar,NL
desbaro,desbaro,desbar,desbar,NL
desbaro,desbaro,desbar,desbar,NL
desbaro,desbaro,desbar,desbar,NL
desbaro,desbaro,desbar,desbar,NL
desbaro,desbaro,desbar,desbar,NL
desbaro,desbaro,desbar,desbar,NL
desbaro,desbaro,desbar,desbar,NL
desbaro,desbaro,desbar,desbar,NL
desbaro,desbaro,desbar,desbar,NL
desbaro,desbaro,desbar,desbar,NL
desbaro,desbaro,desbar,desbar,NL
desbaro,desbaro,desbar,desbar,NL
desbaro,desbaro,desbar,desbar,NL
desbaro,desbaro,desbar,desbar,NL
desbaro,desbaro,desbar,desbar,NL
desbaro,desbaro,desbar,desbar,NL
desbaro,desbaro,desbar,desbar,NL
desbaro,desbaro,desbar,desbar,NL
desbaro,desbaro,desbar,desbar,NL
desbaro,desbaro,desbar,desbar,NL
desbaro,desbaro,desbar,desbar,NL
desbaro,desbaro,desbar,desbar,NL
desbaro,desbaro,desbar,desbar,NL
desbaro,desbaro,desbar,desbar,NL
desbaro,desbaro,desbar,desbar,NL
desbaro,desbaro,desbar,desbar,NL
desbaro,desbaro,desbar,desbar,NL
desbaro,desbaro,desbar,desbar,NL
desbaro,desbaro,desbar,desbar,NL
desbaro,desbaro,desbar,desbar,NL
desbaro,desbaro,desbar,desbar,NL
desbaro,desbaro,desbar,desbar,NL
desbaro,desbaro,desbar,desbar,NL
desbaro,desbaro,desbar,desbar,NL
desbaro,desbaro,desbar,desbar,NL
desbaro,desbaro,desbar,desbar,NL
desbaro,desbaro,desbar,desbar,NL
desbaro,desbaro,desbar,desbar,NL
desbaro,desbaro,desbar,desbar,NL
desbaro,desbaro,desbar,desbar,NL
desbaro,desbaro,desbar,desbar,NL
desbaro,desbaro,desbar,desbar,NL
desbaro,desbaro,desbar,desbar,NL
desbaro,desbaro,desbar,desbar,NL
desbaro,desbaro,desbar,desbar,NL
desbaro,desbaro,desbar,desbar,NL
desbaro,desbaro,desbar,desbar,NL
desbaro,desbaro,desbar,desbar,NL
desbaro,desbaro,desbar,desbar,NL
desbaro,desbaro,desbar,desbar,NL
desbaro,desbaro,desbar,desbar,NL
desbaro,desbaro,desbar,desbar,NL
desbaro,desbaro,desbar,desbar,NL
desbaro,desbaro,desbar,desbar,NL
desbaro,desbaro,desbar,desbar,NL
abeɾiɡwais,abeɾiɡuɲajs,abeɾiɡuɲ,abeɾiɡwa,NL
abeɾiɡwais,abeɾiɡuɲajs,abeɾiɡuɲ,abeɾiɡwa,NL
abeɾiɡwais,abeɾiɡuɲajs,abeɾiɡuɲ,abeɾiɡwa,NL
abeɾiɡwais,abeɾiɡuajs,abeɾiɡu,abeɾiɡwa,NL
abeɾiɡwais,abeɾiɡuɾajs,abeɾiɡuɾ,abeɾiɡwa,NL
abeɾiɡwais,abeɾiɡuɲajs,abeɾiɡuɲ,abeɾiɡwa,NL
abeɾiɡwais,abeɾiɡuɲajs,abeɾiɡuɲ,abeɾiɡwa,NL
abeɾiɡwais,abeɾiɡuɲajs,abeɾiɡuɲ,abeɾiɡwa,NL
abeɾiɡwais,abeɾiɡuɲajs,abeɾiɡuɲ,abeɾiɡwa,NL
abeɾiɡwais,abeɾiɡuɲajs,abeɾiɡuɲ,abeɾiɡwa,NL
abeɾiɡwais,abeɾiɡuɲajs,abeɾiɡuɲ,abeɾiɡwa,NL
abeɾiɡwais,abeɾiɡuajs,abeɾiɡu,abeɾiɡwa,NL
abeɾiɡwais,abeɾiɡuʃajs,abeɾiɡuʃ,abeɾiɡwa,NL
abeɾiɡwais,abeɾiɡuʃajs,abeɾiɡuʃ,abeɾiɡwa,NL
abeɾiɡwais,abeɾiɡuajs,abeɾiɡu,abeɾiɡwa,NL
abeɾiɡwais,abeɾiɡuajs,abeɾiɡu,abeɾiɡwa,NL
abeɾiɡwais,abeɾiɡuajs,abeɾiɡu,abeɾiɡwa,NL
abeɾiɡwais,abeɾiɡuajs,abeɾiɡu,abeɾiɡwa,NL
abeɾiɡwais,abeɾiɡuajs,abeɾiɡu,abeɾiɡwa,NL
abeɾiɡwais,abeɾiɡuajs,abeɾiɡu,abeɾiɡwa,NL
abeɾiɡwais,abeɾiɡuʃajs,abeɾiɡuʃ,abeɾiɡwa,NL
abeɾiɡwais,abeɾiɡuajs,abeɾiɡu,abeɾiɡwa,NL
abeɾiɡwais,abeɾiɡuajs,abeɾiɡu,abeɾiɡwa,NL
abeɾiɡwais,abeɾiɡuajs,abeɾiɡu,abeɾiɡwa,NL
abeɾiɡwais,abeɾiɡuajs,abeɾiɡu,abeɾiɡwa,NL
abeɾiɡwais,abeɾiɡuajs,abeɾiɡu,abeɾiɡwa,NL
abeɾiɡwais,abeɾiɡuajs,abeɾiɡu,abeɾiɡwa,NL
abeɾiɡwais,abeɾiɡuʃajs,abeɾiɡuʃ,abeɾiɡwa,NL
abeɾiɡwais,abeɾiɡuajs,abeɾiɡu,abeɾiɡwa,NL
abeɾiɡwais,abeɾiɡuajs,abeɾiɡu,abeɾiɡwa,NL
abeɾiɡwais,abeɾiɡuajs,abeɾiɡu,abeɾiɡwa,NL
abeɾiɡwais,abeɾiɡuajs,abeɾiɡu,abeɾiɡwa,NL
abeɾiɡwais,abeɾiɡuajs,abeɾiɡu,abeɾiɡwa,NL
abeɾiɡwais,abeɾiɡuʃajs,abeɾiɡuʃ,abeɾiɡwa,NL
abeɾiɡwais,abeɾiɡuajs,abeɾiɡu,abeɾiɡwa,NL
abeɾiɡwais,abeɾiɡuajajs,abeɾiɡuaj,abeɾiɡwa,NL
abeɾiɡwais,abeɾiɡuajs,abeɾiɡu,abeɾiɡwa,NL
abeɾiɡwais,abeɾiɡuajs,abeɾiɡu,abeɾiɡwa,NL
abeɾiɡwais,abeɾiɡuajs,abeɾiɡu,abeɾiɡwa,NL
abeɾiɡwais,abeɾiɡuajs,abeɾiɡu,abeɾiɡwa,NL
abeɾiɡwais,abeɾiɡuɲajs,abeɾiɡuɲ,abeɾiɡwa,NL
abeɾiɡwais,abeɾiɡuɲajs,abeɾiɡuɲ,abeɾiɡwa,NL
abeɾiɡwais,abeɾiɡuɲajs,abeɾiɡuɲ,abeɾiɡwa,NL
abeɾiɡwais,abeɾiɡuɲajs,abeɾiɡuɲ,abeɾiɡwa,NL
abeɾiɡwais,abeɾiɡuɲajs,abeɾiɡuɲ,abeɾiɡwa,NL
abeɾiɡwais,abeɾiɡuajs,abeɾiɡu,abeɾiɡwa,NL
abeɾiɡwais,abeɾiɡuajs,abeɾiɡu,abeɾiɡwa,NL
abeɾiɡwais,abeɾiɡuajs,abeɾiɡu,abeɾiɡwa,NL
abeɾiɡwais,abeɾiɡuajs,abeɾiɡu,abeɾiɡwa,NL
abeɾiɡwais,abeɾiɡuajs,abeɾiɡu,abeɾiɡwa,NL
abeɾiɡwais,abeɾiɡuajs,abeɾiɡu,abeɾiɡwa,NL
abeɾiɡwais,abeɾiɡuajs,abeɾiɡu,abeɾiɡwa,NL
abeɾiɡwais,abeɾiɡuajs,abeɾiɡu,abeɾiɡwa,NL
abeɾiɡwais,abeɾiɡuajs,abeɾiɡu,abeɾiɡwa,NL
abeɾiɡwais,abeɾiɡuʃajs,abeɾiɡuʃ,abeɾiɡwa,NL
abeɾiɡwamos,abeɾiɡuamos,abeɾiɡu,abeɾiɡw,NL
abeɾiɡwamos,abeɾiɡuamos,abeɾiɡu,abeɾiɡw,NL
abeɾiɡwamos,abeɾiɡuamos,abeɾiɡu,abeɾiɡw,NL
abeɾiɡwamos,abeɾiɡuamos,abeɾiɡu,abeɾiɡw,NL
abeɾiɡwamos,abeɾiɡuamos,abeɾiɡu,abeɾiɡw,NL
abeɾiɡwamos,abeɾiɡuamos,abeɾiɡu,abeɾiɡw,NL
abeɾiɡwamos,abeɾiɡuamos,abeɾiɡu,abeɾiɡw,NL
abeɾiɡwamos,abeɾiɡuamos,abeɾiɡu,abeɾiɡw,NL
abeɾiɡwamos,abeɾiɡuamos,abeɾiɡu,abeɾiɡw,NL
abeɾiɡwamos,abeɾiɡuamos,abeɾiɡu,abeɾiɡw,NL
abeɾiɡwamos,abeɾiɡuɾamos,abeɾiɡuɾ,abeɾiɡw,NL
abeɾiɡwamos,abeɾiɡuɾamos,abeɾiɡuɾ,abeɾiɡw,NL
abeɾiɡwamos,abeɾiɡuʃamos,abeɾiɡuʃ,abeɾiɡw,NL
abeɾiɡwamos,abeɾiɡuɾamos,abeɾiɡuɾ,abeɾiɡw,NL
abeɾiɡwamos,abeɾiɡuɾamos,abeɾiɡuɾ,abeɾiɡw,NL
abeɾiɡwamos,abeɾiɡuɾamos,abeɾiɡuɾ,abeɾiɡw,NL
abeɾiɡwamos,abeɾiɡuɾamos,abeɾiɡuɾ,abeɾiɡw,NL
abeɾiɡwamos,abeɾiɡuɾamos,abeɾiɡuɾ,abeɾiɡw,NL
abeɾiɡwamos,abeɾiɡuamos,abeɾiɡu,abeɾiɡw,NL
abeɾiɡwamos,abeɾiɡuɾamos,abeɾiɡuɾ,abeɾiɡw,NL
abeɾiɡwamos,abeɾiɡuʃamos,abeɾiɡuʃ,abeɾiɡw,NL
abeɾiɡwamos,abeɾiɡuamos,abeɾiɡu,abeɾiɡw,NL
abeɾiɡwamos,abeɾiɡuɾamos,abeɾiɡuɾ,abeɾiɡw,NL
abeɾiɡwamos,abeɾiɡuɾamos,abeɾiɡuɾ,abeɾiɡw,NL
abeɾiɡwamos,abeɾiɡuamos,abeɾiɡu,abeɾiɡw,NL
abeɾiɡwamos,abeɾiɡuɾamos,abeɾiɡuɾ,abeɾiɡw,NL
abeɾiɡwamos,abeɾiɡuamos,abeɾiɡu,abeɾiɡw,NL
abeɾiɡwamos,abeɾiɡuɾamos,abeɾiɡuɾ,abeɾiɡw,NL
abeɾiɡwamos,abeɾiɡuɾamos,abeɾiɡuɾ,abeɾiɡw,NL
abeɾiɡwamos,abeɾiɡuɾamos,abeɾiɡuɾ,abeɾiɡw,NL
abeɾiɡwamos,abeɾiɡuɾamos,abeɾiɡuɾ,abeɾiɡw,NL
abeɾiɡwamos,abeɾiɡuɾamos,abeɾiɡuɾ,abeɾiɡw,NL
abeɾiɡwamos,abeɾiɡuɾamos,abeɾiɡuɾ,abeɾiɡw,NL
abeɾiɡwamos,abeɾiɡuɾamos,abeɾiɡuɾ,abeɾiɡw,NL
abeɾiɡwamos,abeɾiɡuamos,abeɾiɡu,abeɾiɡw,NL
abeɾiɡwamos,abeɾiɡuamos,abeɾiɡu,abeɾiɡw,NL
abeɾiɡwamos,abeɾiɡuamos,abeɾiɡu,abeɾiɡw,NL
abeɾiɡwamos,abeɾiɡuamos,abeɾiɡu,abeɾiɡw,NL
abeɾiɡwamos,abeɾiɡuamos,abeɾiɡu,abeɾiɡw,NL
abeɾiɡwamos,abeɾiɡuamos,abeɾiɡu,abeɾiɡw,NL
abeɾiɡwamos,abeɾiɡuɾamos,abeɾiɡuɾ,abeɾiɡw,NL
abeɾiɡwamos,abeɾiɡuamos,abeɾiɡu,abeɾiɡw,NL
abeɾiɡwamos,abeɾiɡuamos,abeɾiɡu,abeɾiɡw,NL
abeɾiɡwamos,abeɾiɡuamos,abeɾiɡu,abeɾiɡw,NL
abeɾiɡwamos,abeɾiɡumamos,abeɾiɡum,abeɾiɡw,NL
abeɾiɡwamos,abeɾiɡuamos,abeɾiɡu,abeɾiɡw,NL
abeɾiɡwamos,abeɾiɡuamos,abeɾiɡu,abeɾiɡw,NL
abeɾiɡwamos,abeɾiɡuamos,abeɾiɡu,abeɾiɡw,NL
abeɾiɡwamos,abeɾiɡuamos,abeɾiɡu,abeɾiɡw,NL
abeɾiɡwamos,abeɾiɡuamos,abeɾiɡu,abeɾiɡw,NL
abeɾiɡwamos,abeɾiɡuamos,abeɾiɡu,abeɾiɡw,NL
abeɾiɡwamos,abeɾiɡuamos,abeɾiɡu,abeɾiɡw,NL
abeɾiɡwamos,abeɾiɡuamos,abeɾiɡu,abeɾiɡw,NL
abeɾiɡwamos,abeɾiɡuamos,abeɾiɡu,abeɾiɡw,NL
abeɾiɡwamos,abeɾiɡuamos,abeɾiɡu,abeɾiɡw,NL
abeɾiɡwan,abeɾiɡuan,abeɾiɡu,abeɾiɡw,NL
abeɾiɡwan,abeɾiɡuan,abeɾiɡu,abeɾiɡw,NL
abeɾiɡwan,abeɾiɡuan,abeɾiɡu,abeɾiɡw,NL
abeɾiɡwan,abeɾiɡuan,abeɾiɡu,abeɾiɡw,NL
abeɾiɡwan,abeɾiɡuan,abeɾiɡu,abeɾiɡw,NL
abeɾiɡwan,abeɾiɡuan,abeɾiɡu,abeɾiɡw,NL
abeɾiɡwan,abeɾiɡuan,abeɾiɡu,abeɾiɡw,NL
abeɾiɡwan,abeɾiɡuan,abeɾiɡu,abeɾiɡw,NL
abeɾiɡwan,abeɾiɡuan,abeɾiɡu,abeɾiɡw,NL
abeɾiɡwan,abeɾiɡuan,abeɾiɡu,abeɾiɡw,NL
abeɾiɡwan,abeɾiɡuan,abeɾiɡu,abeɾiɡw,NL
abeɾiɡwan,abeɾiɡuan,abeɾiɡu,abeɾiɡw,NL
abeɾiɡwan,abeɾiɡuan,abeɾiɡu,abeɾiɡw,NL
abeɾiɡwan,abeɾiɡuan,abeɾiɡu,abeɾiɡw,NL
abeɾiɡwan,abeɾiɡuan,abeɾiɡu,abeɾiɡw,NL
abeɾiɡwan,abeɾiɡuan,abeɾiɡu,abeɾiɡw,NL
abeɾiɡwan,abeɾiɡuan,abeɾiɡu,abeɾiɡw,NL
abeɾiɡwan,abeɾiɡuan,abeɾiɡu,abeɾiɡw,NL
abeɾiɡwan,abeɾiɡuan,abeɾiɡu,abeɾiɡw,NL
abeɾiɡwan,abeɾiɡuan,abeɾiɡu,abeɾiɡw,NL
abeɾiɡwan,abeɾiɡuan,abeɾiɡu,abeɾiɡw,NL
abeɾiɡwan,abeɾiɡuan,abeɾiɡu,abeɾiɡw,NL
abeɾiɡwan,abeɾiɡuan,abeɾiɡu,abeɾiɡw,NL
abeɾiɡwan,abeɾiɡuan,abeɾiɡu,abeɾiɡw,NL
abeɾiɡwan,abeɾiɡuan,abeɾiɡu,abeɾiɡw,NL
abeɾiɡwan,abeɾiɡuan,abeɾiɡu,abeɾiɡw,NL
abeɾiɡwan,abeɾiɡuan,abeɾiɡu,abeɾiɡw,NL
abeɾiɡwan,abeɾiɡuan,abeɾiɡu,abeɾiɡw,NL
abeɾiɡwan,abeɾiɡuan,abeɾiɡu,abeɾiɡw,NL
abeɾiɡwan,abeɾiɡuan,abeɾiɡu,abeɾiɡw,NL
abeɾiɡwan,abeɾiɡuan,abeɾiɡu,abeɾiɡw,NL
abeɾiɡwan,abeɾiɡuan,abeɾiɡu,abeɾiɡw,NL
abeɾiɡwan,abeɾiɡuan,abeɾiɡu,abeɾiɡw,NL
abeɾiɡwan,abeɾiɡuan,abeɾiɡu,abeɾiɡw,NL
abeɾiɡwan,abeɾiɡuan,abeɾiɡu,abeɾiɡw,NL
abeɾiɡwan,abeɾiɡuan,abeɾiɡu,abeɾiɡw,NL
abeɾiɡwan,abeɾiɡuan,abeɾiɡu,abeɾiɡw,NL
abeɾiɡwan,abeɾiɡuan,abeɾiɡu,abeɾiɡw,NL
abeɾiɡwan,abeɾiɡuan,abeɾiɡu,abeɾiɡw,NL
abeɾiɡwan,abeɾiɡuan,abeɾiɡu,abeɾiɡw,NL
abeɾiɡwan,abeɾiɡuan,abeɾiɡu,abeɾiɡw,NL
abeɾiɡwan,abeɾiɡuan,abeɾiɡu,abeɾiɡw,NL
abeɾiɡwan,abeɾiɡuan,abeɾiɡu,abeɾiɡw,NL
abeɾiɡwan,abeɾiɡuan,abeɾiɡu,abeɾiɡw,NL
abeɾiɡwan,abeɾiɡuan,abeɾiɡu,abeɾiɡw,NL
abeɾiɡwan,abeɾiɡuan,abeɾiɡu,abeɾiɡw,NL
abeɾiɡwan,abeɾiɡuan,abeɾiɡu,abeɾiɡw,NL
abeɾiɡwan,abeɾiɡuan,abeɾiɡu,abeɾiɡw,NL
abeɾiɡwan,abeɾiɡuan,abeɾiɡu,abeɾiɡw,NL
abeɾiɡwan,abeɾiɡuan,abeɾiɡu,abeɾiɡw,NL
abeɾiɡwan,abeɾiɡuan,abeɾiɡu,abeɾiɡw,NL
abeɾiɡwan,abeɾiɡuan,abeɾiɡu,abeɾiɡw,NL
abeɾiɡwan,abeɾiɡuan,abeɾiɡu,abeɾiɡw,NL
abeɾiɡwan,abeɾiɡuan,abeɾiɡu,abeɾiɡw,NL
abeɾiɡwan,abeɾiɡuan,abeɾiɡu,abeɾiɡw,NL
abeɾiɡwas,abeɾiɡuas,abeɾiɡu,abeɾiɡw,NL
abeɾiɡwas,abeɾiɡuas,abeɾiɡu,abeɾiɡw,NL
abeɾiɡwas,abeɾiɡuas,abeɾiɡu,abeɾiɡw,NL
abeɾiɡwas,abeɾiɡuas,abeɾiɡu,abeɾiɡw,NL
abeɾiɡwas,abeɾiɡuas,abeɾiɡu,abeɾiɡw,NL
abeɾiɡwas,abeɾiɡuas,abeɾiɡu,abeɾiɡw,NL
abeɾiɡwas,abeɾiɡuas,abeɾiɡu,abeɾiɡw,NL
abeɾiɡwas,abeɾiɡuas,abeɾiɡu,abeɾiɡw,NL
abeɾiɡwas,abeɾiɡuas,abeɾiɡu,abeɾiɡw,NL
abeɾiɡwas,abeɾiɡuas,abeɾiɡu,abeɾiɡw,NL
abeɾiɡwas,abeɾiɡuas,abeɾiɡu,abeɾiɡw,NL
abeɾiɡwas,abeɾiɡuas,abeɾiɡu,abeɾiɡw,NL
abeɾiɡwas,abeɾiɡuas,abeɾiɡu,abeɾiɡw,NL
abeɾiɡwas,abeɾiɡuas,abeɾiɡu,abeɾiɡw,NL
abeɾiɡwas,abeɾiɡuas,abeɾiɡu,abeɾiɡw,NL
abeɾiɡwas,abeɾiɡuas,abeɾiɡu,abeɾiɡw,NL
abeɾiɡwas,abeɾiɡuas,abeɾiɡu,abeɾiɡw,NL
abeɾiɡwas,abeɾiɡuas,abeɾiɡu,abeɾiɡw,NL
abeɾiɡwas,abeɾiɡuas,abeɾiɡu,abeɾiɡw,NL
abeɾiɡwas,abeɾiɡuas,abeɾiɡu,abeɾiɡw,NL
abeɾiɡwas,abeɾiɡuas,abeɾiɡu,abeɾiɡw,NL
abeɾiɡwas,abeɾiɡuas,abeɾiɡu,abeɾiɡw,NL
abeɾiɡwas,abeɾiɡuas,abeɾiɡu,abeɾiɡw,NL
abeɾiɡwas,abeɾiɡuas,abeɾiɡu,abeɾiɡw,NL
abeɾiɡwas,abeɾiɡuas,abeɾiɡu,abeɾiɡw,NL
abeɾiɡwas,abeɾiɡuas,abeɾiɡu,abeɾiɡw,NL
abeɾiɡwas,abeɾiɡuas,abeɾiɡu,abeɾiɡw,NL
abeɾiɡwas,abeɾiɡuas,abeɾiɡu,abeɾiɡw,NL
abeɾiɡwas,abeɾiɡuas,abeɾiɡu,abeɾiɡw,NL
abeɾiɡwas,abeɾiɡuas,abeɾiɡu,abeɾiɡw,NL
abeɾiɡwas,abeɾiɡuas,abeɾiɡu,abeɾiɡw,NL
abeɾiɡwas,abeɾiɡuas,abeɾiɡu,abeɾiɡw,NL
abeɾiɡwas,abeɾiɡuas,abeɾiɡu,abeɾiɡw,NL
abeɾiɡwas,abeɾiɡuas,abeɾiɡu,abeɾiɡw,NL
abeɾiɡwas,abeɾiɡuas,abeɾiɡu,abeɾiɡw,NL
abeɾiɡwas,abeɾiɡuas,abeɾiɡu,abeɾiɡw,NL
abeɾiɡwas,abeɾiɡuas,abeɾiɡu,abeɾiɡw,NL
abeɾiɡwas,abeɾiɡuas,abeɾiɡu,abeɾiɡw,NL
abeɾiɡwas,abeɾiɡuas,abeɾiɡu,abeɾiɡw,NL
abeɾiɡwas,abeɾiɡuas,abeɾiɡu,abeɾiɡw,NL
abeɾiɡwas,abeɾiɡuas,abeɾiɡu,abeɾiɡw,NL
abeɾiɡwas,abeɾiɡuas,abeɾiɡu,abeɾiɡw,NL
abeɾiɡwas,abeɾiɡuas,abeɾiɡu,abeɾiɡw,NL
abeɾiɡwas,abeɾiɡuas,abeɾiɡu,abeɾiɡw,NL
abeɾiɡwas,abeɾiɡuas,abeɾiɡu,abeɾiɡw,NL
abeɾiɡwas,abeɾiɡuas,abeɾiɡu,abeɾiɡw,NL
abeɾiɡwas,abeɾiɡuas,abeɾiɡu,abeɾiɡw,NL
abeɾiɡwas,abeɾiɡuas,abeɾiɡu,abeɾiɡw,NL
abeɾiɡwas,abeɾiɡuas,abeɾiɡu,abeɾiɡw,NL
abeɾiɡwas,abeɾiɡuas,abeɾiɡu,abeɾiɡw,NL
abeɾiɡwas,abeɾiɡuas,abeɾiɡu,abeɾiɡw,NL
abeɾiɡwas,abeɾiɡuas,abeɾiɡu,abeɾiɡw,NL
abeɾiɡwas,abeɾiɡuas,abeɾiɡu,abeɾiɡw,NL
abeɾiɡwas,abeɾiɡuas,abeɾiɡu,abeɾiɡw,NL
abeɾiɡwas,abeɾiɡuas,abeɾiɡu,abeɾiɡw,NL
abeɾiɡwa,abeɾiɡua,abeɾiɡu,abeɾiɡw,NL
abeɾiɡwa,abeɾiɡua,abeɾiɡu,abeɾiɡw,NL
abeɾiɡwa,abeɾiɡua,abeɾiɡu,abeɾiɡw,NL
abeɾiɡwa,abeɾiɡua,abeɾiɡu,abeɾiɡw,NL
abeɾiɡwa,abeɾiɡua,abeɾiɡu,abeɾiɡw,NL
abeɾiɡwa,abeɾiɡua,abeɾiɡu,abeɾiɡw,NL
abeɾiɡwa,abeɾiɡua,abeɾiɡu,abeɾiɡw,NL
abeɾiɡwa,abeɾiɡua,abeɾiɡu,abeɾiɡw,NL
abeɾiɡwa,abeɾiɡua,abeɾiɡu,abeɾiɡw,NL
abeɾiɡwa,abeɾiɡua,abeɾiɡu,abeɾiɡw,NL
abeɾiɡwa,abeɾiɡua,abeɾiɡu,abeɾiɡw,NL
abeɾiɡwa,abeɾiɡua,abeɾiɡu,abeɾiɡw,NL
abeɾiɡwa,abeɾiɡua,abeɾiɡu,abeɾiɡw,NL
abeɾiɡwa,abeɾiɡua,abeɾiɡu,abeɾiɡw,NL
abeɾiɡwa,abeɾiɡua,abeɾiɡu,abeɾiɡw,NL
abeɾiɡwa,abeɾiɡua,abeɾiɡu,abeɾiɡw,NL
abeɾiɡwa,abeɾiɡua,abeɾiɡu,abeɾiɡw,NL
abeɾiɡwa,abeɾiɡua,abeɾiɡu,abeɾiɡw,NL
abeɾiɡwa,abeɾiɡua,abeɾiɡu,abeɾiɡw,NL
abeɾiɡwa,abeɾiɡua,abeɾiɡu,abeɾiɡw,NL
abeɾiɡwa,abeɾiɡua,abeɾiɡu,abeɾiɡw,NL
abeɾiɡwa,abeɾiɡua,abeɾiɡu,abeɾiɡw,NL
abeɾiɡwa,abeɾiɡua,abeɾiɡu,abeɾiɡw,NL
abeɾiɡwa,abeɾiɡua,abeɾiɡu,abeɾiɡw,NL
abeɾiɡwa,abeɾiɡua,abeɾiɡu,abeɾiɡw,NL
abeɾiɡwa,abeɾiɡua,abeɾiɡu,abeɾiɡw,NL
abeɾiɡwa,abeɾiɡua,abeɾiɡu,abeɾiɡw,NL
abeɾiɡwa,abeɾiɡua,abeɾiɡu,abeɾiɡw,NL
abeɾiɡwa,abeɾiɡua,abeɾiɡu,abeɾiɡw,NL
abeɾiɡwa,abeɾiɡua,abeɾiɡu,abeɾiɡw,NL
abeɾiɡwa,abeɾiɡua,abeɾiɡu,abeɾiɡw,NL
abeɾiɡwa,abeɾiɡua,abeɾiɡu,abeɾiɡw,NL
abeɾiɡwa,abeɾiɡua,abeɾiɡu,abeɾiɡw,NL
abeɾiɡwa,abeɾiɡua,abeɾiɡu,abeɾiɡw,NL
abeɾiɡwa,abeɾiɡua,abeɾiɡu,abeɾiɡw,NL
abeɾiɡwa,abeɾiɡua,abeɾiɡu,abeɾiɡw,NL
abeɾiɡwa,abeɾiɡua,abeɾiɡu,abeɾiɡw,NL
abeɾiɡwa,abeɾiɡua,abeɾiɡu,abeɾiɡw,NL
abeɾiɡwa,abeɾiɡua,abeɾiɡu,abeɾiɡw,NL
abeɾiɡwa,abeɾiɡua,abeɾiɡu,abeɾiɡw,NL
abeɾiɡwa,abeɾiɡua,abeɾiɡu,abeɾiɡw,NL
abeɾiɡwa,abeɾiɡua,abeɾiɡu,abeɾiɡw,NL
abeɾiɡwa,abeɾiɡua,abeɾiɡu,abeɾiɡw,NL
abeɾiɡwa,abeɾiɡua,abeɾiɡu,abeɾiɡw,NL
abeɾiɡwa,abeɾiɡua,abeɾiɡu,abeɾiɡw,NL
abeɾiɡwa,abeɾiɡua,abeɾiɡu,abeɾiɡw,NL
abeɾiɡwa,abeɾiɡua,abeɾiɡu,abeɾiɡw,NL
abeɾiɡwa,abeɾiɡua,abeɾiɡu,abeɾiɡw,NL
abeɾiɡwa,abeɾiɡua,abeɾiɡu,abeɾiɡw,NL
abeɾiɡwa,abeɾiɡua,abeɾiɡu,abeɾiɡw,NL
abeɾiɡwa,abeɾiɡua,abeɾiɡu,abeɾiɡw,NL
abeɾiɡwa,abeɾiɡua,abeɾiɡu,abeɾiɡw,NL
abeɾiɡwa,abeɾiɡua,abeɾiɡu,abeɾiɡw,NL
abeɾiɡwa,abeɾiɡua,abeɾiɡu,abeɾiɡw,NL
abeɾiɡwa,abeɾiɡua,abeɾiɡu,abeɾiɡw,NL
abeɾiɡweis,abeɾiɡuejs,abeɾiɡu,abeɾiɡwe,NL
abeɾiɡweis,abeɾiɡuejs,abeɾiɡu,abeɾiɡwe,NL
abeɾiɡweis,abeɾiɡuejs,abeɾiɡu,abeɾiɡwe,NL
abeɾiɡweis,abeɾiɡuejs,abeɾiɡu,abeɾiɡwe,NL
abeɾiɡweis,abeɾiɡuejs,abeɾiɡu,abeɾiɡwe,NL
abeɾiɡweis,abeɾiɡuejs,abeɾiɡu,abeɾiɡwe,NL
abeɾiɡweis,abeɾiɡuejs,abeɾiɡu,abeɾiɡwe,NL
abeɾiɡweis,abeɾiɡuɾejs,abeɾiɡuɾ,abeɾiɡwe,NL
abeɾiɡweis,abeɾiɡuʃejs,abeɾiɡuʃ,abeɾiɡwe,NL
abeɾiɡweis,abeɾiɡuɾejs,abeɾiɡuɾ,abeɾiɡwe,NL
abeɾiɡweis,abeɾiɡuɾejs,abeɾiɡuɾ,abeɾiɡwe,NL
abeɾiɡweis,abeɾiɡuɾejs,abeɾiɡuɾ,abeɾiɡwe,NL
abeɾiɡweis,abeɾiɡuɾejs,abeɾiɡuɾ,abeɾiɡwe,NL
abeɾiɡweis,abeɾiɡuʃejs,abeɾiɡuʃ,abeɾiɡwe,NL
abeɾiɡweis,abeɾiɡuɾejs,abeɾiɡuɾ,abeɾiɡwe,NL
abeɾiɡweis,abeɾiɡuɾejs,abeɾiɡuɾ,abeɾiɡwe,NL
abeɾiɡweis,abeɾiɡuɾejs,abeɾiɡuɾ,abeɾiɡwe,NL
abeɾiɡweis,abeɾiɡuɾejs,abeɾiɡuɾ,abeɾiɡwe,NL
abeɾiɡweis,abeɾiɡuɾejs,abeɾiɡuɾ,abeɾiɡwe,NL
abeɾiɡweis,abeɾiɡuʃejs,abeɾiɡuʃ,abeɾiɡwe,NL
abeɾiɡweis,abeɾiɡuʃejs,abeɾiɡuʃ,abeɾiɡwe,NL
abeɾiɡweis,abeɾiɡuʃejs,abeɾiɡuʃ,abeɾiɡwe,NL
abeɾiɡweis,abeɾiɡuʃejs,abeɾiɡuʃ,abeɾiɡwe,NL
abeɾiɡweis,abeɾiɡuʃejs,abeɾiɡuʃ,abeɾiɡwe,NL
abeɾiɡweis,abeɾiɡuʃejs,abeɾiɡuʃ,abeɾiɡwe,NL
abeɾiɡweis,abeɾiɡuʃejs,abeɾiɡuʃ,abeɾiɡwe,NL
abeɾiɡweis,abeɾiɡwejs,abeɾiɡw,abeɾiɡwe,NL
abeɾiɡweis,abeɾiɡuʃejs,abeɾiɡuʃ,abeɾiɡwe,NL
abeɾiɡweis,abeɾiɡuʃejs,abeɾiɡuʃ,abeɾiɡwe,NL
abeɾiɡweis,abeɾiɡuɲejs,abeɾiɡuɲ,abeɾiɡwe,NL
abeɾiɡweis,abeɾiɡuʃejs,abeɾiɡuʃ,abeɾiɡwe,NL
abeɾiɡweis,abeɾiɡuʃejs,abeɾiɡuʃ,abeɾiɡwe,NL
abeɾiɡweis,abeɾiɡuʃejs,abeɾiɡuʃ,abeɾiɡwe,NL
abeɾiɡweis,abeɾiɡuʃejs,abeɾiɡuʃ,abeɾiɡwe,NL
abeɾiɡweis,abeɾiɡuʃejs,abeɾiɡuʃ,abeɾiɡwe,NL
abeɾiɡweis,abeɾiɡwejs,abeɾiɡw,abeɾiɡwe,NL
abeɾiɡweis,abeɾiɡwejs,abeɾiɡw,abeɾiɡwe,NL
abeɾiɡweis,abeɾiɡwejs,abeɾiɡw,abeɾiɡwe,NL
abeɾiɡweis,abeɾiɡuʃejs,abeɾiɡuʃ,abeɾiɡwe,NL
abeɾiɡweis,abeɾiɡwejs,abeɾiɡw,abeɾiɡwe,NL
abeɾiɡweis,abeɾiɡuɾejs,abeɾiɡuɾ,abeɾiɡwe,NL
abeɾiɡweis,abeɾiɡuɾejs,abeɾiɡuɾ,abeɾiɡwe,NL
abeɾiɡweis,abeɾiɡuɾejs,abeɾiɡuɾ,abeɾiɡwe,NL
abeɾiɡweis,abeɾiɡuɾejs,abeɾiɡuɾ,abeɾiɡwe,NL
abeɾiɡweis,abeɾiɡuɾejs,abeɾiɡuɾ,abeɾiɡwe,NL
abeɾiɡweis,abeɾiɡwejs,abeɾiɡw,abeɾiɡwe,NL
abeɾiɡweis,abeɾiɡwejs,abeɾiɡw,abeɾiɡwe,NL
abeɾiɡweis,abeɾiɡwejs,abeɾiɡw,abeɾiɡwe,NL
abeɾiɡweis,abeɾiɡwejs,abeɾiɡw,abeɾiɡwe,NL
abeɾiɡweis,abeɾiɡuʃejs,abeɾiɡuʃ,abeɾiɡwe,NL
abeɾiɡweis,abeɾiɡuʃejs,abeɾiɡuʃ,abeɾiɡwe,NL
abeɾiɡweis,abeɾiɡwejs,abeɾiɡw,abeɾiɡwe,NL
abeɾiɡweis,abeɾiɡwejs,abeɾiɡw,abeɾiɡwe,NL
abeɾiɡweis,abeɾiɡwejs,abeɾiɡw,abeɾiɡwe,NL
abeɾiɡweis,abeɾiɡwejs,abeɾiɡw,abeɾiɡwe,NL
abeɾiɡwemos,abeɾiɡuemos,abeɾiɡu,abeɾiɡw,NL
abeɾiɡwemos,abeɾiɡuemos,abeɾiɡu,abeɾiɡw,NL
abeɾiɡwemos,abeɾiɡuemos,abeɾiɡu,abeɾiɡw,NL
abeɾiɡwemos,abeɾiɡuemos,abeɾiɡu,abeɾiɡw,NL
abeɾiɡwemos,abeɾiɡuʃemos,abeɾiɡuʃ,abeɾiɡw,NL
abeɾiɡwemos,abeɾiɡuemos,abeɾiɡu,abeɾiɡw,NL
abeɾiɡwemos,abeɾiɡuemos,abeɾiɡu,abeɾiɡw,NL
abeɾiɡwemos,abeɾiɡuemos,abeɾiɡu,abeɾiɡw,NL
abeɾiɡwemos,abeɾiɡuemos,abeɾiɡu,abeɾiɡw,NL
abeɾiɡwemos,abeɾiɡuemos,abeɾiɡu,abeɾiɡw,NL
abeɾiɡwemos,abeɾiɡuʃemos,abeɾiɡuʃ,abeɾiɡw,NL
abeɾiɡwemos,abeɾiɡuemos,abeɾiɡu,abeɾiɡw,NL
abeɾiɡwemos,abeɾiɡuɾemos,abeɾiɡuɾ,abeɾiɡw,NL
abeɾiɡwemos,abeɾiɡuʃemos,abeɾiɡuʃ,abeɾiɡw,NL
abeɾiɡwemos,abeɾiɡuemos,abeɾiɡu,abeɾiɡw,NL
abeɾiɡwemos,abeɾiɡuemos,abeɾiɡu,abeɾiɡw,NL
abeɾiɡwemos,abeɾiɡuɾemos,abeɾiɡuɾ,abeɾiɡw,NL
abeɾiɡwemos,abeɾiɡuɾemos,abeɾiɡuɾ,abeɾiɡw,NL
abeɾiɡwemos,abeɾiɡuɾemos,abeɾiɡuɾ,abeɾiɡw,NL
abeɾiɡwemos,abeɾiɡuʃemos,abeɾiɡuʃ,abeɾiɡw,NL
abeɾiɡwemos,abeɾiɡuʃemos,abeɾiɡuʃ,abeɾiɡw,NL
abeɾiɡwemos,abeɾiɡuʃemos,abeɾiɡuʃ,abeɾiɡw,NL
abeɾiɡwemos,abeɾiɡuɲemos,abeɾiɡuɲ,abeɾiɡw,NL
abeɾiɡwemos,abeɾiɡwemos,abeɾiɡw,abeɾiɡw,NL
abeɾiɡwemos,abeɾiɡwemos,abeɾiɡw,abeɾiɡw,NL
abeɾiɡwemos,abeɾiɡuʃemos,abeɾiɡuʃ,abeɾiɡw,NL
abeɾiɡwemos,abeɾiɡwemos,abeɾiɡw,abeɾiɡw,NL
abeɾiɡwemos,abeɾiɡuʃemos,abeɾiɡuʃ,abeɾiɡw,NL
abeɾiɡwemos,abeɾiɡuʃemos,abeɾiɡuʃ,abeɾiɡw,NL
abeɾiɡwemos,abeɾiɡuɲemos,abeɾiɡuɲ,abeɾiɡw,NL
abeɾiɡwemos,abeɾiɡuʃemos,abeɾiɡuʃ,abeɾiɡw,NL
abeɾiɡwemos,abeɾiɡuʃemos,abeɾiɡuʃ,abeɾiɡw,NL
abeɾiɡwemos,abeɾiɡuʃemos,abeɾiɡuʃ,abeɾiɡw,NL
abeɾiɡwemos,abeɾiɡwemos,abeɾiɡw,abeɾiɡw,NL
abeɾiɡwemos,abeɾiɡuʃemos,abeɾiɡuʃ,abeɾiɡw,NL
abeɾiɡwemos,abeɾiɡwemos,abeɾiɡw,abeɾiɡw,NL
abeɾiɡwemos,abeɾiɡwemos,abeɾiɡw,abeɾiɡw,NL
abeɾiɡwemos,abeɾiɡwemos,abeɾiɡw,abeɾiɡw,NL
abeɾiɡwemos,abeɾiɡwemos,abeɾiɡw,abeɾiɡw,NL
abeɾiɡwemos,abeɾiɡwemos,abeɾiɡw,abeɾiɡw,NL
abeɾiɡwemos,abeɾiɡuemos,abeɾiɡu,abeɾiɡw,NL
abeɾiɡwemos,abeɾiɡuemos,abeɾiɡu,abeɾiɡw,NL
abeɾiɡwemos,abeɾiɡuemos,abeɾiɡu,abeɾiɡw,NL
abeɾiɡwemos,abeɾiɡuemos,abeɾiɡu,abeɾiɡw,NL
abeɾiɡwemos,abeɾiɡuemos,abeɾiɡu,abeɾiɡw,NL
abeɾiɡwemos,abeɾiɡwemos,abeɾiɡw,abeɾiɡw,NL
abeɾiɡwemos,abeɾiɡwemos,abeɾiɡw,abeɾiɡw,NL
abeɾiɡwemos,abeɾiɡwemos,abeɾiɡw,abeɾiɡw,NL
abeɾiɡwemos,abeɾiɡwemos,abeɾiɡw,abeɾiɡw,NL
abeɾiɡwemos,abeɾiɡwemos,abeɾiɡw,abeɾiɡw,NL
abeɾiɡwemos,abeɾiɡuʃemos,abeɾiɡuʃ,abeɾiɡw,NL
abeɾiɡwemos,abeɾiɡwemos,abeɾiɡw,abeɾiɡw,NL
abeɾiɡwemos,abeɾiɡwemos,abeɾiɡw,abeɾiɡw,NL
abeɾiɡwemos,abeɾiɡwemos,abeɾiɡw,abeɾiɡw,NL
abeɾiɡwemos,abeɾiɡwemos,abeɾiɡw,abeɾiɡw,NL
abeɾiɡwen,abeɾiɡuen,abeɾiɡu,abeɾiɡw,NL
abeɾiɡwen,abeɾiɡuen,abeɾiɡu,abeɾiɡw,NL
abeɾiɡwen,abeɾiɡuen,abeɾiɡu,abeɾiɡw,NL
abeɾiɡwen,abeɾiɡuen,abeɾiɡu,abeɾiɡw,NL
abeɾiɡwen,abeɾiɡuen,abeɾiɡu,abeɾiɡw,NL
abeɾiɡwen,abeɾiɡuen,abeɾiɡu,abeɾiɡw,NL
abeɾiɡwen,abeɾiɡuen,abeɾiɡu,abeɾiɡw,NL
abeɾiɡwen,abeɾiɡuen,abeɾiɡu,abeɾiɡw,NL
abeɾiɡwen,abeɾiɡuen,abeɾiɡu,abeɾiɡw,NL
abeɾiɡwen,abeɾiɡuen,abeɾiɡu,abeɾiɡw,NL
abeɾiɡwen,abeɾiɡuen,abeɾiɡu,abeɾiɡw,NL
abeɾiɡwen,abeɾiɡuen,abeɾiɡu,abeɾiɡw,NL
abeɾiɡwen,abeɾiɡuen,abeɾiɡu,abeɾiɡw,NL
abeɾiɡwen,abeɾiɡuen,abeɾiɡu,abeɾiɡw,NL
abeɾiɡwen,abeɾiɡuʃan,abeɾiɡuʃ,abeɾiɡw,NL
abeɾiɡwen,abeɾiɡuen,abeɾiɡu,abeɾiɡw,NL
abeɾiɡwen,abeɾiɡuen,abeɾiɡu,abeɾiɡw,NL
abeɾiɡwen,abeɾiɡuen,abeɾiɡu,abeɾiɡw,NL
abeɾiɡwen,abeɾiɡuen,abeɾiɡu,abeɾiɡw,NL
abeɾiɡwen,abeɾiɡuen,abeɾiɡu,abeɾiɡw,NL
abeɾiɡwen,abeɾiɡuen,abeɾiɡu,abeɾiɡw,NL
abeɾiɡwen,abeɾiɡuen,abeɾiɡu,abeɾiɡw,NL
abeɾiɡwen,abeɾiɡuen,abeɾiɡu,abeɾiɡw,NL
abeɾiɡwen,abeɾiɡuen,abeɾiɡu,abeɾiɡw,NL
abeɾiɡwen,abeɾiɡuen,abeɾiɡu,abeɾiɡw,NL
abeɾiɡwen,abeɾiɡuen,abeɾiɡu,abeɾiɡw,NL
abeɾiɡwen,abeɾiɡuen,abeɾiɡu,abeɾiɡw,NL
abeɾiɡwen,abeɾiɡuʃan,abeɾiɡuʃ,abeɾiɡw,NL
abeɾiɡwen,abeɾiɡuɾen,abeɾiɡuɾ,abeɾiɡw,NL
abeɾiɡwen,abeɾiɡuen,abeɾiɡu,abeɾiɡw,NL
abeɾiɡwen,abeɾiɡuʃan,abeɾiɡuʃ,abeɾiɡw,NL
abeɾiɡwen,abeɾiɡuen,abeɾiɡu,abeɾiɡw,NL
abeɾiɡwen,abeɾiɡuen,abeɾiɡu,abeɾiɡw,NL
abeɾiɡwen,abeɾiɡuen,abeɾiɡu,abeɾiɡw,NL
abeɾiɡwen,abeɾiɡuɾen,abeɾiɡuɾ,abeɾiɡw,NL
abeɾiɡwen,abeɾiɡuen,abeɾiɡu,abeɾiɡw,NL
abeɾiɡwen,abeɾiɡuʃan,abeɾiɡuʃ,abeɾiɡw,NL
abeɾiɡwen,abeɾiɡuen,abeɾiɡu,abeɾiɡw,NL
abeɾiɡwen,abeɾiɡuʃan,abeɾiɡuʃ,abeɾiɡw,NL
abeɾiɡwen,abeɾiɡuen,abeɾiɡu,abeɾiɡw,NL
abeɾiɡwen,abeɾiɡuen,abeɾiɡu,abeɾiɡw,NL
abeɾiɡwen,abeɾiɡuen,abeɾiɡu,abeɾiɡw,NL
abeɾiɡwen,abeɾiɡuen,abeɾiɡu,abeɾiɡw,NL
abeɾiɡwen,abeɾiɡuen,abeɾiɡu,abeɾiɡw,NL
abeɾiɡwen,abeɾiɡuen,abeɾiɡu,abeɾiɡw,NL
abeɾiɡwen,abeɾiɡuen,abeɾiɡu,abeɾiɡw,NL
abeɾiɡwen,abeɾiɡuen,abeɾiɡu,abeɾiɡw,NL
abeɾiɡwen,abeɾiɡuen,abeɾiɡu,abeɾiɡw,NL
abeɾiɡwen,abeɾiɡuen,abeɾiɡu,abeɾiɡw,NL
abeɾiɡwen,abeɾiɡuen,abeɾiɡu,abeɾiɡw,NL
abeɾiɡwen,abeɾiɡuen,abeɾiɡu,abeɾiɡw,NL
abeɾiɡwen,abeɾiɡuen,abeɾiɡu,abeɾiɡw,NL
abeɾiɡwen,abeɾiɡuen,abeɾiɡu,abeɾiɡw,NL
abeɾiɡwen,abeɾiɡuen,abeɾiɡu,abeɾiɡw,NL
abeɾiɡwen,abeɾiɡuɾen,abeɾiɡuɾ,abeɾiɡw,NL
abeɾiɡwes,abeɾiɡues,abeɾiɡu,abeɾiɡw,NL
abeɾiɡwes,abeɾiɡues,abeɾiɡu,abeɾiɡw,NL
abeɾiɡwes,abeɾiɡues,abeɾiɡu,abeɾiɡw,NL
abeɾiɡwes,abeɾiɡues,abeɾiɡu,abeɾiɡw,NL
abeɾiɡwes,abeɾiɡues,abeɾiɡu,abeɾiɡw,NL
abeɾiɡwes,abeɾiɡues,abeɾiɡu,abeɾiɡw,NL
abeɾiɡwes,abeɾiɡues,abeɾiɡu,abeɾiɡw,NL
abeɾiɡwes,abeɾiɡues,abeɾiɡu,abeɾiɡw,NL
abeɾiɡwes,abeɾiɡues,abeɾiɡu,abeɾiɡw,NL
abeɾiɡwes,abeɾiɡues,abeɾiɡu,abeɾiɡw,NL
abeɾiɡwes,abeɾiɡuas,abeɾiɡu,abeɾiɡw,NL
abeɾiɡwes,abeɾiɡues,abeɾiɡu,abeɾiɡw,NL
abeɾiɡwes,abeɾiɡues,abeɾiɡu,abeɾiɡw,NL
abeɾiɡwes,abeɾiɡues,abeɾiɡu,abeɾiɡw,NL
abeɾiɡwes,abeɾiɡues,abeɾiɡu,abeɾiɡw,NL
abeɾiɡwes,abeɾiɡues,abeɾiɡu,abeɾiɡw,NL
abeɾiɡwes,abeɾiɡues,abeɾiɡu,abeɾiɡw,NL
abeɾiɡwes,abeɾiɡues,abeɾiɡu,abeɾiɡw,NL
abeɾiɡwes,abeɾiɡues,abeɾiɡu,abeɾiɡw,NL
abeɾiɡwes,abeɾiɡuʃas,abeɾiɡuʃ,abeɾiɡw,NL
abeɾiɡwes,abeɾiɡuas,abeɾiɡu,abeɾiɡw,NL
abeɾiɡwes,abeɾiɡuʃas,abeɾiɡuʃ,abeɾiɡw,NL
abeɾiɡwes,abeɾiɡues,abeɾiɡu,abeɾiɡw,NL
abeɾiɡwes,abeɾiɡues,abeɾiɡu,abeɾiɡw,NL
abeɾiɡwes,abeɾiɡues,abeɾiɡu,abeɾiɡw,NL
abeɾiɡwes,abeɾiɡues,abeɾiɡu,abeɾiɡw,NL
abeɾiɡwes,abeɾiɡues,abeɾiɡu,abeɾiɡw,NL
abeɾiɡwes,abeɾiɡuas,abeɾiɡu,abeɾiɡw,NL
abeɾiɡwes,abeɾiɡues,abeɾiɡu,abeɾiɡw,NL
abeɾiɡwes,abeɾiɡuas,abeɾiɡu,abeɾiɡw,NL
abeɾiɡwes,abeɾiɡues,abeɾiɡu,abeɾiɡw,NL
abeɾiɡwes,abeɾiɡues,abeɾiɡu,abeɾiɡw,NL
abeɾiɡwes,abeɾiɡues,abeɾiɡu,abeɾiɡw,NL
abeɾiɡwes,abeɾiɡuas,abeɾiɡu,abeɾiɡw,NL
abeɾiɡwes,abeɾiɡuas,abeɾiɡu,abeɾiɡw,NL
abeɾiɡwes,abeɾiɡuas,abeɾiɡu,abeɾiɡw,NL
abeɾiɡwes,abeɾiɡues,abeɾiɡu,abeɾiɡw,NL
abeɾiɡwes,abeɾiɡues,abeɾiɡu,abeɾiɡw,NL
abeɾiɡwes,abeɾiɡuas,abeɾiɡu,abeɾiɡw,NL
abeɾiɡwes,abeɾiɡuas,abeɾiɡu,abeɾiɡw,NL
abeɾiɡwes,abeɾiɡues,abeɾiɡu,abeɾiɡw,NL
abeɾiɡwes,abeɾiɡues,abeɾiɡu,abeɾiɡw,NL
abeɾiɡwes,abeɾiɡues,abeɾiɡu,abeɾiɡw,NL
abeɾiɡwes,abeɾiɡues,abeɾiɡu,abeɾiɡw,NL
abeɾiɡwes,abeɾiɡues,abeɾiɡu,abeɾiɡw,NL
abeɾiɡwes,abeɾiɡuɾes,abeɾiɡuɾ,abeɾiɡw,NL
abeɾiɡwes,abeɾiɡues,abeɾiɡu,abeɾiɡw,NL
abeɾiɡwes,abeɾiɡues,abeɾiɡu,abeɾiɡw,NL
abeɾiɡwes,abeɾiɡues,abeɾiɡu,abeɾiɡw,NL
abeɾiɡwes,abeɾiɡues,abeɾiɡu,abeɾiɡw,NL
abeɾiɡwes,abeɾiɡues,abeɾiɡu,abeɾiɡw,NL
abeɾiɡwes,abeɾiɡues,abeɾiɡu,abeɾiɡw,NL
abeɾiɡwes,abeɾiɡues,abeɾiɡu,abeɾiɡw,NL
abeɾiɡwes,abeɾiɡues,abeɾiɡu,abeɾiɡw,NL
abeɾiɡwes,abeɾiɡues,abeɾiɡu,abeɾiɡw,NL
abeɾiɡwe,abeɾiɡuʃa,abeɾiɡuʃ,abeɾiɡw,NL
abeɾiɡwe,abeɾiɡua,abeɾiɡu,abeɾiɡw,NL
abeɾiɡwe,abeɾiɡue,abeɾiɡu,abeɾiɡw,NL
abeɾiɡwe,abeɾiɡue,abeɾiɡu,abeɾiɡw,NL
abeɾiɡwe,abeɾiɡuʃa,abeɾiɡuʃ,abeɾiɡw,NL
abeɾiɡwe,abeɾiɡuʃa,abeɾiɡuʃ,abeɾiɡw,NL
abeɾiɡwe,abeɾiɡue,abeɾiɡu,abeɾiɡw,NL
abeɾiɡwe,abeɾiɡue,abeɾiɡu,abeɾiɡw,NL
abeɾiɡwe,abeɾiɡue,abeɾiɡu,abeɾiɡw,NL
abeɾiɡwe,abeɾiɡue,abeɾiɡu,abeɾiɡw,NL
abeɾiɡwe,abeɾiɡuʃa,abeɾiɡuʃ,abeɾiɡw,NL
abeɾiɡwe,abeɾiɡuʃa,abeɾiɡuʃ,abeɾiɡw,NL
abeɾiɡwe,abeɾiɡue,abeɾiɡu,abeɾiɡw,NL
abeɾiɡwe,abeɾiɡuʃa,abeɾiɡuʃ,abeɾiɡw,NL
abeɾiɡwe,abeɾiɡua,abeɾiɡu,abeɾiɡw,NL
abeɾiɡwe,abeɾiɡuʃa,abeɾiɡuʃ,abeɾiɡw,NL
abeɾiɡwe,abeɾiɡue,abeɾiɡu,abeɾiɡw,NL
abeɾiɡwe,abeɾiɡue,abeɾiɡu,abeɾiɡw,NL
abeɾiɡwe,abeɾiɡue,abeɾiɡu,abeɾiɡw,NL
abeɾiɡwe,abeɾiɡue,abeɾiɡu,abeɾiɡw,NL
abeɾiɡwe,abeɾiɡue,abeɾiɡu,abeɾiɡw,NL
abeɾiɡwe,abeɾiɡue,abeɾiɡu,abeɾiɡw,NL
abeɾiɡwe,abeɾiɡue,abeɾiɡu,abeɾiɡw,NL
abeɾiɡwe,abeɾiɡue,abeɾiɡu,abeɾiɡw,NL
abeɾiɡwe,abeɾiɡue,abeɾiɡu,abeɾiɡw,NL
abeɾiɡwe,abeɾiɡue,abeɾiɡu,abeɾiɡw,NL
abeɾiɡwe,abeɾiɡue,abeɾiɡu,abeɾiɡw,NL
abeɾiɡwe,abeɾiɡuʃa,abeɾiɡuʃ,abeɾiɡw,NL
abeɾiɡwe,abeɾiɡu,abeɾiɡu,abeɾiɡw,NL
abeɾiɡwe,abeɾiɡue,abeɾiɡu,abeɾiɡw,NL
abeɾiɡwe,abeɾiɡue,abeɾiɡu,abeɾiɡw,NL
abeɾiɡwe,abeɾiɡue,abeɾiɡu,abeɾiɡw,NL
abeɾiɡwe,abeɾiɡue,abeɾiɡu,abeɾiɡw,NL
abeɾiɡwe,abeɾiɡue,abeɾiɡu,abeɾiɡw,NL
abeɾiɡwe,abeɾiɡu,abeɾiɡu,abeɾiɡw,NL
abeɾiɡwe,abeɾiɡue,abeɾiɡu,abeɾiɡw,NL
abeɾiɡwe,abeɾiɡue,abeɾiɡu,abeɾiɡw,NL
abeɾiɡwe,abeɾiɡue,abeɾiɡu,abeɾiɡw,NL
abeɾiɡwe,abeɾiɡue,abeɾiɡu,abeɾiɡw,NL
abeɾiɡwe,abeɾiɡue,abeɾiɡu,abeɾiɡw,NL
abeɾiɡwe,abeɾiɡue,abeɾiɡu,abeɾiɡw,NL
abeɾiɡwe,abeɾiɡuʃa,abeɾiɡuʃ,abeɾiɡw,NL
abeɾiɡwe,abeɾiɡue,abeɾiɡu,abeɾiɡw,NL
abeɾiɡwe,abeɾiɡue,abeɾiɡu,abeɾiɡw,NL
abeɾiɡwe,abeɾiɡue,abeɾiɡu,abeɾiɡw,NL
abeɾiɡwe,abeɾiɡuʃa,abeɾiɡuʃ,abeɾiɡw,NL
abeɾiɡwe,abeɾiɡuʃa,abeɾiɡuʃ,abeɾiɡw,NL
abeɾiɡwe,abeɾiɡuʃa,abeɾiɡuʃ,abeɾiɡw,NL
abeɾiɡwe,abeɾiɡue,abeɾiɡu,abeɾiɡw,NL
abeɾiɡwe,abeɾiɡue,abeɾiɡu,abeɾiɡw,NL
abeɾiɡwe,abeɾiɡue,abeɾiɡu,abeɾiɡw,NL
abeɾiɡwe,abeɾiɡue,abeɾiɡu,abeɾiɡw,NL
abeɾiɡwe,abeɾiɡue,abeɾiɡu,abeɾiɡw,NL
abeɾiɡwe,abeɾiɡue,abeɾiɡu,abeɾiɡw,NL
abeɾiɡwe,abeɾiɡue,abeɾiɡu,abeɾiɡw,NL
abeɾiɡwe,abeɾiɡuʃa,abeɾiɡuʃ,abeɾiɡw,NL
abeɾiɡwe,abeɾiɡua,abeɾiɡu,abeɾiɡw,NL
abeɾiɡwe,abeɾiɡue,abeɾiɡu,abeɾiɡw,NL
abeɾiɡwe,abeɾiɡue,abeɾiɡu,abeɾiɡw,NL
abeɾiɡwe,abeɾiɡuʃa,abeɾiɡuʃ,abeɾiɡw,NL
abeɾiɡwe,abeɾiɡue,abeɾiɡu,abeɾiɡw,NL
abeɾiɡwe,abeɾiɡue,abeɾiɡu,abeɾiɡw,NL
abeɾiɡwe,abeɾiɡue,abeɾiɡu,abeɾiɡw,NL
abeɾiɡwe,abeɾiɡue,abeɾiɡu,abeɾiɡw,NL
abeɾiɡwe,abeɾiɡue,abeɾiɡu,abeɾiɡw,NL
abeɾiɡwe,abeɾiɡuʃa,abeɾiɡuʃ,abeɾiɡw,NL
abeɾiɡwe,abeɾiɡue,abeɾiɡu,abeɾiɡw,NL
abeɾiɡwe,abeɾiɡue,abeɾiɡu,abeɾiɡw,NL
abeɾiɡwe,abeɾiɡuʃa,abeɾiɡuʃ,abeɾiɡw,NL
abeɾiɡwe,abeɾiɡue,abeɾiɡu,abeɾiɡw,NL
abeɾiɡwe,abeɾiɡuʃa,abeɾiɡuʃ,abeɾiɡw,NL
abeɾiɡwe,abeɾiɡue,abeɾiɡu,abeɾiɡw,NL
abeɾiɡwe,abeɾiɡue,abeɾiɡu,abeɾiɡw,NL
abeɾiɡwe,abeɾiɡue,abeɾiɡu,abeɾiɡw,NL
abeɾiɡwe,abeɾiɡue,abeɾiɡu,abeɾiɡw,NL
abeɾiɡwe,abeɾiɡue,abeɾiɡu,abeɾiɡw,NL
abeɾiɡwe,abeɾiɡue,abeɾiɡu,abeɾiɡw,NL
abeɾiɡwe,abeɾiɡue,abeɾiɡu,abeɾiɡw,NL
abeɾiɡwe,abeɾiɡue,abeɾiɡu,abeɾiɡw,NL
abeɾiɡwe,abeɾiɡue,abeɾiɡu,abeɾiɡw,NL
abeɾiɡwe,abeɾiɡue,abeɾiɡu,abeɾiɡw,NL
abeɾiɡwe,abeɾiɡue,abeɾiɡu,abeɾiɡw,NL
abeɾiɡwe,abeɾiɡue,abeɾiɡu,abeɾiɡw,NL
abeɾiɡwe,abeɾiɡue,abeɾiɡu,abeɾiɡw,NL
abeɾiɡwe,abeɾiɡue,abeɾiɡu,abeɾiɡw,NL
abeɾiɡwe,abeɾiɡue,abeɾiɡu,abeɾiɡw,NL
abeɾiɡwe,abeɾiɡue,abeɾiɡu,abeɾiɡw,NL
abeɾiɡwe,abeɾiɡue,abeɾiɡu,abeɾiɡw,NL
abeɾiɡwe,abeɾiɡue,abeɾiɡu,abeɾiɡw,NL
abeɾiɡwe,abeɾiɡue,abeɾiɡu,abeɾiɡw,NL
abeɾiɡwe,abeɾiɡue,abeɾiɡu,abeɾiɡw,NL
abeɾiɡwe,abeɾiɡue,abeɾiɡu,abeɾiɡw,NL
abeɾiɡwe,abeɾiɡue,abeɾiɡu,abeɾiɡw,NL
abeɾiɡwe,abeɾiɡue,abeɾiɡu,abeɾiɡw,NL
abeɾiɡwe,abeɾiɡue,abeɾiɡu,abeɾiɡw,NL
abeɾiɡwe,abeɾiɡue,abeɾiɡu,abeɾiɡw,NL
abeɾiɡwe,abeɾiɡuʃa,abeɾiɡuʃ,abeɾiɡw,NL
abeɾiɡwe,abeɾiɡue,abeɾiɡu,abeɾiɡw,NL
abeɾiɡwe,abeɾiɡue,abeɾiɡu,abeɾiɡw,NL
abeɾiɡwe,abeɾiɡue,abeɾiɡu,abeɾiɡw,NL
abeɾiɡwe,abeɾiɡuɾe,abeɾiɡuɾ,abeɾiɡw,NL
abeɾiɡwe,abeɾiɡuʃa,abeɾiɡuʃ,abeɾiɡw,NL
abeɾiɡwe,abeɾiɡue,abeɾiɡu,abeɾiɡw,NL
abeɾiɡwe,abeɾiɡue,abeɾiɡu,abeɾiɡw,NL
abeɾiɡwe,abeɾiɡue,abeɾiɡu,abeɾiɡw,NL
abeɾiɡwe,abeɾiɡue,abeɾiɡu,abeɾiɡw,NL
abeɾiɡwe,abeɾiɡue,abeɾiɡu,abeɾiɡw,NL
abeɾiɡwe,abeɾiɡue,abeɾiɡu,abeɾiɡw,NL
abeɾiɡwe,abeɾiɡue,abeɾiɡu,abeɾiɡw,NL
abeɾiɡwe,abeɾiɡue,abeɾiɡu,abeɾiɡw,NL
abeɾiɡwo,abeɾiɡuo,abeɾiɡu,abeɾiɡw,NL
abeɾiɡwo,abeɾiɡuo,abeɾiɡu,abeɾiɡw,NL
abeɾiɡwo,abeɾiɡuo,abeɾiɡu,abeɾiɡw,NL
abeɾiɡwo,abeɾiɡuo,abeɾiɡu,abeɾiɡw,NL
abeɾiɡwo,abeɾiɡuo,abeɾiɡu,abeɾiɡw,NL
abeɾiɡwo,abeɾiɡuo,abeɾiɡu,abeɾiɡw,NL
abeɾiɡwo,abeɾiɡuo,abeɾiɡu,abeɾiɡw,NL
abeɾiɡwo,abeɾiɡuo,abeɾiɡu,abeɾiɡw,NL
abeɾiɡwo,abeɾiɡuo,abeɾiɡu,abeɾiɡw,NL
abeɾiɡwo,abeɾiɡuo,abeɾiɡu,abeɾiɡw,NL
abeɾiɡwo,abeɾiɡuo,abeɾiɡu,abeɾiɡw,NL
abeɾiɡwo,abeɾiɡuo,abeɾiɡu,abeɾiɡw,NL
abeɾiɡwo,abeɾiɡuo,abeɾiɡu,abeɾiɡw,NL
abeɾiɡwo,abeɾiɡuo,abeɾiɡu,abeɾiɡw,NL
abeɾiɡwo,abeɾiɡuo,abeɾiɡu,abeɾiɡw,NL
abeɾiɡwo,abeɾiɡuo,abeɾiɡu,abeɾiɡw,NL
abeɾiɡwo,abeɾiɡuo,abeɾiɡu,abeɾiɡw,NL
abeɾiɡwo,abeɾiɡuo,abeɾiɡu,abeɾiɡw,NL
abeɾiɡwo,abeɾiɡuo,abeɾiɡu,abeɾiɡw,NL
abeɾiɡwo,abeɾiɡuo,abeɾiɡu,abeɾiɡw,NL
abeɾiɡwo,abeɾiɡuo,abeɾiɡu,abeɾiɡw,NL
abeɾiɡwo,abeɾiɡuo,abeɾiɡu,abeɾiɡw,NL
abeɾiɡwo,abeɾiɡuo,abeɾiɡu,abeɾiɡw,NL
abeɾiɡwo,abeɾiɡuo,abeɾiɡu,abeɾiɡw,NL
abeɾiɡwo,abeɾiɡuo,abeɾiɡu,abeɾiɡw,NL
abeɾiɡwo,abeɾiɡuo,abeɾiɡu,abeɾiɡw,NL
abeɾiɡwo,abeɾiɡuo,abeɾiɡu,abeɾiɡw,NL
abeɾiɡwo,abeɾiɡuo,abeɾiɡu,abeɾiɡw,NL
abeɾiɡwo,abeɾiɡuo,abeɾiɡu,abeɾiɡw,NL
abeɾiɡwo,abeɾiɡuo,abeɾiɡu,abeɾiɡw,NL
abeɾiɡwo,abeɾiɡuo,abeɾiɡu,abeɾiɡw,NL
abeɾiɡwo,abeɾiɡuo,abeɾiɡu,abeɾiɡw,NL
abeɾiɡwo,abeɾiɡuo,abeɾiɡu,abeɾiɡw,NL
abeɾiɡwo,abeɾiɡuo,abeɾiɡu,abeɾiɡw,NL
abeɾiɡwo,abeɾiɡuo,abeɾiɡu,abeɾiɡw,NL
abeɾiɡwo,abeɾiɡuo,abeɾiɡu,abeɾiɡw,NL
abeɾiɡwo,abeɾiɡuo,abeɾiɡu,abeɾiɡw,NL
abeɾiɡwo,abeɾiɡuo,abeɾiɡu,abeɾiɡw,NL
abeɾiɡwo,abeɾiɡuo,abeɾiɡu,abeɾiɡw,NL
abeɾiɡwo,abeɾiɡuo,abeɾiɡu,abeɾiɡw,NL
abeɾiɡwo,abeɾiɡuo,abeɾiɡu,abeɾiɡw,NL
abeɾiɡwo,abeɾiɡuo,abeɾiɡu,abeɾiɡw,NL
abeɾiɡwo,abeɾiɡuo,abeɾiɡu,abeɾiɡw,NL
abeɾiɡwo,abeɾiɡuo,abeɾiɡu,abeɾiɡw,NL
abeɾiɡwo,abeɾiɡuo,abeɾiɡu,abeɾiɡw,NL
abeɾiɡwo,abeɾiɡuo,abeɾiɡu,abeɾiɡw,NL
abeɾiɡwo,abeɾiɡuo,abeɾiɡu,abeɾiɡw,NL
abeɾiɡwo,abeɾiɡuo,abeɾiɡu,abeɾiɡw,NL
abeɾiɡwo,abeɾiɡuo,abeɾiɡu,abeɾiɡw,NL
abeɾiɡwo,abeɾiɡuo,abeɾiɡu,abeɾiɡw,NL
abeɾiɡwo,abeɾiɡuo,abeɾiɡu,abeɾiɡw,NL
abeɾiɡwo,abeɾiɡuo,abeɾiɡu,abeɾiɡw,NL
abeɾiɡwo,abeɾiɡuo,abeɾiɡu,abeɾiɡw,NL
abeɾiɡwo,abeɾiɡuo,abeɾiɡu,abeɾiɡw,NL
abeɾiɡwo,abeɾiɡuo,abeɾiɡu,abeɾiɡw,NL
benɡajs,benɡajs,benɡ,benɡ,NL
benɡajs,benɡajs,benɡ,benɡ,NL
benɡajs,benɡajs,benɡ,benɡ,NL
benɡajs,benɡajs,benɡ,benɡ,NL
benɡajs,benɡajs,benɡ,benɡ,NL
benɡajs,benɡajs,benɡ,benɡ,NL
benɡajs,benɡajs,benɡ,benɡ,NL
benɡajs,benɡajs,benɡ,benɡ,NL
benɡajs,benɡajs,benɡ,benɡ,NL
benɡajs,benɡajs,benɡ,benɡ,NL
benɡajs,benɡajs,benɡ,benɡ,NL
benɡajs,benɡajs,benɡ,benɡ,NL
benɡajs,benɡajs,benɡ,benɡ,NL
benɡajs,benɡajs,benɡ,benɡ,NL
benɡajs,benɡajs,benɡ,benɡ,NL
benɡajs,benɡajs,benɡ,benɡ,NL
benɡajs,benɡajs,benɡ,benɡ,NL
benɡajs,benɡajs,benɡ,benɡ,NL
benɡajs,benɡajs,benɡ,benɡ,NL
benɡajs,benɡajs,benɡ,benɡ,NL
benɡajs,benɡajs,benɡ,benɡ,NL
benɡajs,benɡajs,benɡ,benɡ,NL
benɡajs,benɡajs,benɡ,benɡ,NL
benɡajs,benɡajs,benɡ,benɡ,NL
benɡajs,benɡajs,benɡ,benɡ,NL
benɡajs,benɡajs,benɡ,benɡ,NL
benɡajs,benɡajs,benɡ,benɡ,NL
benɡajs,benɡajs,benɡ,benɡ,NL
benɡajs,benɡajs,benɡ,benɡ,NL
benɡajs,benɡajs,benɡ,benɡ,NL
benɡajs,benɡajs,benɡ,benɡ,NL
benɡajs,benɡajs,benɡ,benɡ,NL
benɡajs,benɡajs,benɡ,benɡ,NL
benɡajs,benɡajs,benɡ,benɡ,NL
benɡajs,beɡnajs,beɡn,benɡ,NL
benɡajs,beɡnajs,beɡn,benɡ,NL
benɡajs,beɡnajs,beɡn,benɡ,NL
benɡajs,benɡajs,benɡ,benɡ,NL
benɡajs,benɡajs,benɡ,benɡ,NL
benɡajs,benɡajs,benɡ,benɡ,NL
benɡajs,benɡajs,benɡ,benɡ,NL
benɡajs,benɡajs,benɡ,benɡ,NL
benɡajs,benɡajs,benɡ,benɡ,NL
benɡajs,benɡajs,benɡ,benɡ,NL
benɡajs,benɡajs,benɡ,benɡ,NL
benɡajs,benɡajs,benɡ,benɡ,NL
benɡajs,benɡajs,benɡ,benɡ,NL
benɡajs,benɡajs,benɡ,benɡ,NL
benɡajs,benɡajs,benɡ,benɡ,NL
benɡajs,benɡajs,benɡ,benɡ,NL
benɡajs,benɡajs,benɡ,benɡ,NL
benɡajs,benɡajs,benɡ,benɡ,NL
benɡajs,benɡajs,benɡ,benɡ,NL
benɡajs,benɡajs,benɡ,benɡ,NL
benɡajs,benɡajs,benɡ,benɡ,NL
benɡamos,benɡamos,benɡ,benɡ,NL
benɡamos,benɡamos,benɡ,benɡ,NL
benɡamos,benɡamos,benɡ,benɡ,NL
benɡamos,benɡamos,benɡ,benɡ,NL
benɡamos,benɡamos,benɡ,benɡ,NL
benɡamos,benɡamos,benɡ,benɡ,NL
benɡamos,benɡamos,benɡ,benɡ,NL
benɡamos,benɡamos,benɡ,benɡ,NL
benɡamos,benɡamos,benɡ,benɡ,NL
benɡamos,benɡamos,benɡ,benɡ,NL
benɡamos,benɡamos,benɡ,benɡ,NL
benɡamos,benɡamos,benɡ,benɡ,NL
benɡamos,benɡamos,benɡ,benɡ,NL
benɡamos,benɡamos,benɡ,benɡ,NL
benɡamos,benɡamos,benɡ,benɡ,NL
benɡamos,benɡamos,benɡ,benɡ,NL
benɡamos,benɡamos,benɡ,benɡ,NL
benɡamos,benɡamos,benɡ,benɡ,NL
benɡamos,benɡamos,benɡ,benɡ,NL
benɡamos,benɡamos,benɡ,benɡ,NL
benɡamos,benɡamos,benɡ,benɡ,NL
benɡamos,benɡamos,benɡ,benɡ,NL
benɡamos,benɡamos,benɡ,benɡ,NL
benɡamos,benɡamos,benɡ,benɡ,NL
benɡamos,benɡamos,benɡ,benɡ,NL
benɡamos,benɡamos,benɡ,benɡ,NL
benɡamos,benɡamos,benɡ,benɡ,NL
benɡamos,benɡamos,benɡ,benɡ,NL
benɡamos,benɡamos,benɡ,benɡ,NL
benɡamos,benɡamos,benɡ,benɡ,NL
benɡamos,benɡamos,benɡ,benɡ,NL
benɡamos,benɡamos,benɡ,benɡ,NL
benɡamos,benɡamos,benɡ,benɡ,NL
benɡamos,benɡamos,benɡ,benɡ,NL
benɡamos,beɡnamos,beɡn,benɡ,NL
benɡamos,benɡamos,benɡ,benɡ,NL
benɡamos,beɡnamos,beɡn,benɡ,NL
benɡamos,beɡnamos,beɡn,benɡ,NL
benɡamos,benɡamos,benɡ,benɡ,NL
benɡamos,benɡamos,benɡ,benɡ,NL
benɡamos,benɡamos,benɡ,benɡ,NL
benɡamos,benɡamos,benɡ,benɡ,NL
benɡamos,benɡamos,benɡ,benɡ,NL
benɡamos,benɡamos,benɡ,benɡ,NL
benɡamos,benɡamos,benɡ,benɡ,NL
benɡamos,benɡamos,benɡ,benɡ,NL
benɡamos,benɡamos,benɡ,benɡ,NL
benɡamos,benɡamos,benɡ,benɡ,NL
benɡamos,benɡamos,benɡ,benɡ,NL
benɡamos,benɡamos,benɡ,benɡ,NL
benɡamos,benɡamos,benɡ,benɡ,NL
benɡamos,benɡamos,benɡ,benɡ,NL
benɡamos,benɡamos,benɡ,benɡ,NL
benɡamos,benɡamos,benɡ,benɡ,NL
benɡamos,benɡamos,benɡ,benɡ,NL
benɡan,bneɡan,bneɡ,benɡ,NL
benɡan,bneɡan,bneɡ,benɡ,NL
benɡan,bneɡan,bneɡ,benɡ,NL
benɡan,bneɡan,bneɡ,benɡ,NL
benɡan,bneɡan,bneɡ,benɡ,NL
benɡan,bneɡan,bneɡ,benɡ,NL
benɡan,bneɡan,bneɡ,benɡ,NL
benɡan,bneɡan,bneɡ,benɡ,NL
benɡan,bneɡan,bneɡ,benɡ,NL
benɡan,bneɡan,bneɡ,benɡ,NL
benɡan,bjeɡan,bjeɡ,benɡ,NL
benɡan,bjeɡan,bjeɡ,benɡ,NL
benɡan,bjeɡan,bjeɡ,benɡ,NL
benɡan,bjeɡan,bjeɡ,benɡ,NL
benɡan,bjeɡan,bjeɡ,benɡ,NL
benɡan,bjeɡan,bjeɡ,benɡ,NL
benɡan,bjeɡan,bjeɡ,benɡ,NL
benɡan,bjeɡan,bjeɡ,benɡ,NL
benɡan,bjeɡan,bjeɡ,benɡ,NL
benɡan,benɡan,benɡ,benɡ,NL
benɡan,benɡan,benɡ,benɡ,NL
benɡan,benɡan,benɡ,benɡ,NL
benɡan,benɡan,benɡ,benɡ,NL
benɡan,benɡan,benɡ,benɡ,NL
benɡan,benɡan,benɡ,benɡ,NL
benɡan,benɡan,benɡ,benɡ,NL
benɡan,benɡan,benɡ,benɡ,NL
benɡan,benɡan,benɡ,benɡ,NL
benɡan,benɡan,benɡ,benɡ,NL
benɡan,benɡan,benɡ,benɡ,NL
benɡan,benɡan,benɡ,benɡ,NL
benɡan,benɡan,benɡ,benɡ,NL
benɡan,benɡan,benɡ,benɡ,NL
benɡan,benɡan,benɡ,benɡ,NL
benɡan,benɡan,benɡ,benɡ,NL
benɡan,benɡan,benɡ,benɡ,NL
benɡan,benɡan,benɡ,benɡ,NL
benɡan,benɡan,benɡ,benɡ,NL
benɡan,benɡan,benɡ,benɡ,NL
benɡan,benɡan,benɡ,benɡ,NL
benɡan,bjeɡan,bjeɡ,benɡ,NL
benɡan,bneɡan,bneɡ,benɡ,NL
benɡan,bneɡan,bneɡ,benɡ,NL
benɡan,bneɡan,bneɡ,benɡ,NL
benɡan,bneɡan,bneɡ,benɡ,NL
benɡan,bneɡan,bneɡ,benɡ,NL
benɡan,bneɡan,bneɡ,benɡ,NL
benɡan,bneɡan,bneɡ,benɡ,NL
benɡan,bneɡan,bneɡ,benɡ,NL
benɡan,benɡan,benɡ,benɡ,NL
benɡan,benɡan,benɡ,benɡ,NL
benɡan,benɡan,benɡ,benɡ,NL
benɡan,benɡan,benɡ,benɡ,NL
benɡan,benɡan,benɡ,benɡ,NL
benɡan,benɡan,benɡ,benɡ,NL
benɡas,bneɡas,bneɡ,benɡ,NL
benɡas,bneɡas,bneɡ,benɡ,NL
benɡas,bneɡas,bneɡ,benɡ,NL
benɡas,bneɡas,bneɡ,benɡ,NL
benɡas,bneɡas,bneɡ,benɡ,NL
benɡas,bneɡas,bneɡ,benɡ,NL
benɡas,bneɡas,bneɡ,benɡ,NL
benɡas,bneɡas,bneɡ,benɡ,NL
benɡas,bneɡas,bneɡ,benɡ,NL
benɡas,bneɡas,bneɡ,benɡ,NL
benɡas,bjeɡas,bjeɡ,benɡ,NL
benɡas,bneɡas,bneɡ,benɡ,NL
benɡas,bneɡas,bneɡ,benɡ,NL
benɡas,bjeɡas,bjeɡ,benɡ,NL
benɡas,bjeɡas,bjeɡ,benɡ,NL
benɡas,bjeɡas,bjeɡ,benɡ,NL
benɡas,bneɡas,bneɡ,benɡ,NL
benɡas,bneɡas,bneɡ,benɡ,NL
benɡas,bneɡas,bneɡ,benɡ,NL
benɡas,benɡas,benɡ,benɡ,NL
benɡas,benɡas,benɡ,benɡ,NL
benɡas,benɡas,benɡ,benɡ,NL
benɡas,benɡas,benɡ,benɡ,NL
benɡas,benɡas,benɡ,benɡ,NL
benɡas,benɡas,benɡ,benɡ,NL
benɡas,benɡas,benɡ,benɡ,NL
benɡas,benɡas,benɡ,benɡ,NL
benɡas,benɡas,benɡ,benɡ,NL
benɡas,benɡas,benɡ,benɡ,NL
benɡas,benɡas,benɡ,benɡ,NL
benɡas,benɡas,benɡ,benɡ,NL
benɡas,benɡas,benɡ,benɡ,NL
benɡas,benɡas,benɡ,benɡ,NL
benɡas,benɡas,benɡ,benɡ,NL
benɡas,benɡas,benɡ,benɡ,NL
benɡas,benɡas,benɡ,benɡ,NL
benɡas,benɡas,benɡ,benɡ,NL
benɡas,benɡas,benɡ,benɡ,NL
benɡas,benɡas,benɡ,benɡ,NL
benɡas,benɡas,benɡ,benɡ,NL
benɡas,bneɡas,bneɡ,benɡ,NL
benɡas,bneɡas,bneɡ,benɡ,NL
benɡas,bneɡas,bneɡ,benɡ,NL
benɡas,bneɡas,bneɡ,benɡ,NL
benɡas,bneɡas,bneɡ,benɡ,NL
benɡas,bneɡas,bneɡ,benɡ,NL
benɡas,bneɡas,bneɡ,benɡ,NL
benɡas,bneɡas,bneɡ,benɡ,NL
benɡas,bneɡas,bneɡ,benɡ,NL
benɡas,benɡas,benɡ,benɡ,NL
benɡas,benɡas,benɡ,benɡ,NL
benɡas,benɡas,benɡ,benɡ,NL
benɡas,benɡas,benɡ,benɡ,NL
benɡas,benɡas,benɡ,benɡ,NL
benɡas,benɡas,benɡ,benɡ,NL
benɡa,bneɡa,bneɡ,benɡ,NL
benɡa,bneɡa,bneɡ,benɡ,NL
benɡa,bneɡa,bneɡ,benɡ,NL
benɡa,bneɡa,bneɡ,benɡ,NL
benɡa,bneɡa,bneɡ,benɡ,NL
benɡa,bneɡa,bneɡ,benɡ,NL
benɡa,bneɡa,bneɡ,benɡ,NL
benɡa,bneɡa,bneɡ,benɡ,NL
benɡa,bneɡa,bneɡ,benɡ,NL
benɡa,bneɡa,bneɡ,benɡ,NL
benɡa,bjeɡa,bjeɡ,benɡ,NL
benɡa,bjeɡa,bjeɡ,benɡ,NL
benɡa,bjeɡa,bjeɡ,benɡ,NL
benɡa,bjeɡa,bjeɡ,benɡ,NL
benɡa,bjeɡa,bjeɡ,benɡ,NL
benɡa,bjeɡa,bjeɡ,benɡ,NL
benɡa,bjeɡa,bjeɡ,benɡ,NL
benɡa,bneɡa,bneɡ,benɡ,NL
benɡa,bneɡa,bneɡ,benɡ,NL
benɡa,benɡa,benɡ,benɡ,NL
benɡa,benɡa,benɡ,benɡ,NL
benɡa,benɡa,benɡ,benɡ,NL
benɡa,benɡa,benɡ,benɡ,NL
benɡa,benɡa,benɡ,benɡ,NL
benɡa,benɡa,benɡ,benɡ,NL
benɡa,benɡa,benɡ,benɡ,NL
benɡa,benɡa,benɡ,benɡ,NL
benɡa,benɡa,benɡ,benɡ,NL
benɡa,benɡa,benɡ,benɡ,NL
benɡa,benɡa,benɡ,benɡ,NL
benɡa,benɡa,benɡ,benɡ,NL
benɡa,benɡa,benɡ,benɡ,NL
benɡa,benɡa,benɡ,benɡ,NL
benɡa,benɡa,benɡ,benɡ,NL
benɡa,benɡa,benɡ,benɡ,NL
benɡa,benɡa,benɡ,benɡ,NL
benɡa,benɡa,benɡ,benɡ,NL
benɡa,benɡa,benɡ,benɡ,NL
benɡa,benɡa,benɡ,benɡ,NL
benɡa,benɡa,benɡ,benɡ,NL
benɡa,bjeɡa,bjeɡ,benɡ,NL
benɡa,bneɡa,bneɡ,benɡ,NL
benɡa,bneɡa,bneɡ,benɡ,NL
benɡa,bneɡa,bneɡ,benɡ,NL
benɡa,bneɡa,bneɡ,benɡ,NL
benɡa,bjeɡa,bjeɡ,benɡ,NL
benɡa,bneɡa,bneɡ,benɡ,NL
benɡa,bneɡa,bneɡ,benɡ,NL
benɡa,bneɡa,bneɡ,benɡ,NL
benɡa,benɡa,benɡ,benɡ,NL
benɡa,benɡa,benɡ,benɡ,NL
benɡa,benɡa,benɡ,benɡ,NL
benɡa,benɡa,benɡ,benɡ,NL
benɡa,benɡa,benɡ,benɡ,NL
benɡa,benɡa,benɡ,benɡ,NL
benɡo,bjeɡo,bjeɡ,benɡ,NL
benɡo,bjeɡo,bjeɡ,benɡ,NL
benɡo,bjeɡo,bjeɡ,benɡ,NL
benɡo,bjeɡo,bjeɡ,benɡ,NL
benɡo,bjeɡo,bjeɡ,benɡ,NL
benɡo,bjeɡo,bjeɡ,benɡ,NL
benɡo,bjeɡo,bjeɡ,benɡ,NL
benɡo,bjeɡo,bjeɡ,benɡ,NL
benɡo,bjeɡo,bjeɡ,benɡ,NL
benɡo,bjeɡo,bjeɡ,benɡ,NL
benɡo,bjeɡo,bjeɡ,benɡ,NL
benɡo,bjeɡo,bjeɡ,benɡ,NL
benɡo,bjeɡo,bjeɡ,benɡ,NL
benɡo,bjeɡo,bjeɡ,benɡ,NL
benɡo,bjeɡo,bjeɡ,benɡ,NL
benɡo,bjeɡo,bjeɡ,benɡ,NL
benɡo,bjeɡo,bjeɡ,benɡ,NL
benɡo,bjeɡo,bjeɡ,benɡ,NL
benɡo,bjeɡo,bjeɡ,benɡ,NL
benɡo,benɡo,benɡ,benɡ,NL
benɡo,benɡo,benɡ,benɡ,NL
benɡo,benɡo,benɡ,benɡ,NL
benɡo,benɡo,benɡ,benɡ,NL
benɡo,benɡo,benɡ,benɡ,NL
benɡo,benɡo,benɡ,benɡ,NL
benɡo,benɡo,benɡ,benɡ,NL
benɡo,benɡo,benɡ,benɡ,NL
benɡo,benɡo,benɡ,benɡ,NL
benɡo,benɡo,benɡ,benɡ,NL
benɡo,benɡo,benɡ,benɡ,NL
benɡo,benɡo,benɡ,benɡ,NL
benɡo,benɡo,benɡ,benɡ,NL
benɡo,benɡo,benɡ,benɡ,NL
benɡo,benɡo,benɡ,benɡ,NL
benɡo,benɡo,benɡ,benɡ,NL
benɡo,benɡo,benɡ,benɡ,NL
benɡo,benɡo,benɡ,benɡ,NL
benɡo,benɡo,benɡ,benɡ,NL
benɡo,benɡo,benɡ,benɡ,NL
benɡo,benɡo,benɡ,benɡ,NL
benɡo,bjeɡo,bjeɡ,benɡ,NL
benɡo,bjeɡo,bjeɡ,benɡ,NL
benɡo,bjeɡo,bjeɡ,benɡ,NL
benɡo,bjeɡo,bjeɡ,benɡ,NL
benɡo,bjeɡo,bjeɡ,benɡ,NL
benɡo,bjeɡo,bjeɡ,benɡ,NL
benɡo,bjeɡo,bjeɡ,benɡ,NL
benɡo,bjeɡo,bjeɡ,benɡ,NL
benɡo,bjeɡo,bjeɡ,benɡ,NL
benɡo,benɡo,benɡ,benɡ,NL
benɡo,benɡo,benɡ,benɡ,NL
benɡo,benɡo,benɡ,benɡ,NL
benɡo,benɡo,benɡ,benɡ,NL
benɡo,benɡo,benɡ,benɡ,NL
benɡo,benɡo,benɡ,benɡ,NL
benɡeis,benɡeis,benɡe,benɡe,NL
benɡeis,benɡeis,benɡe,benɡe,NL
benɡeis,benɡeis,benɡe,benɡe,NL
benɡeis,benɡeis,benɡe,benɡe,NL
benɡeis,benɡeis,benɡe,benɡe,NL
benɡeis,benɡeis,benɡe,benɡe,NL
benɡeis,benɡeis,benɡe,benɡe,NL
benɡeis,benɡeis,benɡe,benɡe,NL
benɡeis,benɡeis,benɡe,benɡe,NL
benɡeis,benɡeis,benɡe,benɡe,NL
benɡeis,benɡeis,benɡe,benɡe,NL
benɡeis,benɡeis,benɡe,benɡe,NL
benɡeis,benɡeis,benɡe,benɡe,NL
benɡeis,benɡeis,benɡe,benɡe,NL
benɡeis,benɡeis,benɡe,benɡe,NL
benɡeis,benɡeis,benɡe,benɡe,NL
benɡeis,benɡeis,benɡe,benɡe,NL
benɡeis,benɡeis,benɡe,benɡe,NL
benɡeis,benɡeis,benɡe,benɡe,NL
benɡeis,benɡeis,benɡe,benɡe,NL
benɡeis,benɡeis,benɡe,benɡe,NL
benɡeis,benɡeis,benɡe,benɡe,NL
benɡeis,benɡeis,benɡe,benɡe,NL
benɡeis,benɡeis,benɡe,benɡe,NL
benɡeis,benɡeis,benɡe,benɡe,NL
benɡeis,benɡeis,benɡe,benɡe,NL
benɡeis,benɡeis,benɡe,benɡe,NL
benɡeis,benɡeis,benɡe,benɡe,NL
benɡeis,benɡeis,benɡe,benɡe,NL
benɡeis,benɡeis,benɡe,benɡe,NL
benɡeis,benɡeis,benɡe,benɡe,NL
benɡeis,benɡeis,benɡe,benɡe,NL
benɡeis,benɡeis,benɡe,benɡe,NL
benɡeis,benɡeis,benɡe,benɡe,NL
benɡeis,benɡeis,benɡe,benɡe,NL
benɡeis,benɡeis,benɡe,benɡe,NL
benɡeis,benɡeis,benɡe,benɡe,NL
benɡeis,benɡeis,benɡe,benɡe,NL
benɡeis,benɡeis,benɡe,benɡe,NL
benɡeis,benɡeis,benɡe,benɡe,NL
benɡeis,beɡnejs,beɡn,benɡe,NL
benɡeis,beɡnejs,beɡn,benɡe,NL
benɡeis,beɡnejs,beɡn,benɡe,NL
benɡeis,beɡnejs,beɡn,benɡe,NL
benɡeis,beɡnejs,beɡn,benɡe,NL
benɡeis,benɡeis,benɡe,benɡe,NL
benɡeis,benɡeis,benɡe,benɡe,NL
benɡeis,benɡeis,benɡe,benɡe,NL
benɡeis,benɡeis,benɡe,benɡe,NL
benɡeis,benɡeis,benɡe,benɡe,NL
benɡeis,benɡeis,benɡe,benɡe,NL
benɡeis,benɡeis,benɡe,benɡe,NL
benɡeis,benɡeis,benɡe,benɡe,NL
benɡeis,benɡeis,benɡe,benɡe,NL
benɡeis,benɡeis,benɡe,benɡe,NL
benɡemos,benɡemos,benɡ,benɡ,NL
benɡemos,benɡemos,benɡ,benɡ,NL
benɡemos,benɡemos,benɡ,benɡ,NL
benɡemos,benɡemos,benɡ,benɡ,NL
benɡemos,benɡemos,benɡ,benɡ,NL
benɡemos,benɡemos,benɡ,benɡ,NL
benɡemos,benɡemos,benɡ,benɡ,NL
benɡemos,benɡemos,benɡ,benɡ,NL
benɡemos,benɡemos,benɡ,benɡ,NL
benɡemos,benɡemos,benɡ,benɡ,NL
benɡemos,benɡemos,benɡ,benɡ,NL
benɡemos,benɡemos,benɡ,benɡ,NL
benɡemos,benɡemos,benɡ,benɡ,NL
benɡemos,benɡemos,benɡ,benɡ,NL
benɡemos,benɡemos,benɡ,benɡ,NL
benɡemos,benɡemos,benɡ,benɡ,NL
benɡemos,benɡemos,benɡ,benɡ,NL
benɡemos,benɡemos,benɡ,benɡ,NL
benɡemos,benɡemos,benɡ,benɡ,NL
benɡemos,benɡemos,benɡ,benɡ,NL
benɡemos,benɡemos,benɡ,benɡ,NL
benɡemos,benɡemos,benɡ,benɡ,NL
benɡemos,benɡemos,benɡ,benɡ,NL
benɡemos,benɡemos,benɡ,benɡ,NL
benɡemos,benɡemos,benɡ,benɡ,NL
benɡemos,benɡemos,benɡ,benɡ,NL
benɡemos,benɡemos,benɡ,benɡ,NL
benɡemos,benɡemos,benɡ,benɡ,NL
benɡemos,benɡemos,benɡ,benɡ,NL
benɡemos,benɡemos,benɡ,benɡ,NL
benɡemos,benɡemos,benɡ,benɡ,NL
benɡemos,benɡemos,benɡ,benɡ,NL
benɡemos,benɡemos,benɡ,benɡ,NL
benɡemos,benɡemos,benɡ,benɡ,NL
benɡemos,benɡemos,benɡ,benɡ,NL
benɡemos,benɡemos,benɡ,benɡ,NL
benɡemos,benɡemos,benɡ,benɡ,NL
benɡemos,benɡemos,benɡ,benɡ,NL
benɡemos,benɡemos,benɡ,benɡ,NL
benɡemos,beɡnemos,beɡn,benɡ,NL
benɡemos,beɡnemos,beɡn,benɡ,NL
benɡemos,beɡnemos,beɡn,benɡ,NL
benɡemos,beɡnemos,beɡn,benɡ,NL
benɡemos,beɡnemos,beɡn,benɡ,NL
benɡemos,beɡnemos,beɡn,benɡ,NL
benɡemos,benɡemos,benɡ,benɡ,NL
benɡemos,benɡemos,benɡ,benɡ,NL
benɡemos,benɡemos,benɡ,benɡ,NL
benɡemos,benɡemos,benɡ,benɡ,NL
benɡemos,benɡemos,benɡ,benɡ,NL
benɡemos,benɡemos,benɡ,benɡ,NL
benɡemos,benɡemos,benɡ,benɡ,NL
benɡemos,benɡemos,benɡ,benɡ,NL
benɡemos,benɡemos,benɡ,benɡ,NL
benɡemos,benɡemos,benɡ,benɡ,NL
benɡen,bjeɡen,bjeɡ,benɡ,NL
benɡen,bjeɡen,bjeɡ,benɡ,NL
benɡen,bjeɡen,bjeɡ,benɡ,NL
benɡen,bjeɡen,bjeɡ,benɡ,NL
benɡen,bjeɡen,bjeɡ,benɡ,NL
benɡen,bjeɡen,bjeɡ,benɡ,NL
benɡen,bjeɡen,bjeɡ,benɡ,NL
benɡen,bjeɡen,bjeɡ,benɡ,NL
benɡen,bjeɡen,bjeɡ,benɡ,NL
benɡen,bjeɡen,bjeɡ,benɡ,NL
benɡen,bjeɡen,bjeɡ,benɡ,NL
benɡen,bjeɡen,bjeɡ,benɡ,NL
benɡen,bjeɡen,bjeɡ,benɡ,NL
benɡen,bjeɡen,bjeɡ,benɡ,NL
benɡen,bjeɡen,bjeɡ,benɡ,NL
benɡen,bjeɡen,bjeɡ,benɡ,NL
benɡen,bjeɡen,bjeɡ,benɡ,NL
benɡen,bjeɡen,bjeɡ,benɡ,NL
benɡen,bjeɡen,bjeɡ,benɡ,NL
benɡen,benɡen,benɡ,benɡ,NL
benɡen,benɡen,benɡ,benɡ,NL
benɡen,benɡen,benɡ,benɡ,NL
benɡen,benɡen,benɡ,benɡ,NL
benɡen,benɡen,benɡ,benɡ,NL
benɡen,benɡen,benɡ,benɡ,NL
benɡen,benɡen,benɡ,benɡ,NL
benɡen,benɡen,benɡ,benɡ,NL
benɡen,benɡen,benɡ,benɡ,NL
benɡen,benɡen,benɡ,benɡ,NL
benɡen,benɡen,benɡ,benɡ,NL
benɡen,benɡen,benɡ,benɡ,NL
benɡen,benɡen,benɡ,benɡ,NL
benɡen,benɡen,benɡ,benɡ,NL
benɡen,benɡen,benɡ,benɡ,NL
benɡen,benɡen,benɡ,benɡ,NL
benɡen,benɡen,benɡ,benɡ,NL
benɡen,benɡen,benɡ,benɡ,NL
benɡen,benɡen,benɡ,benɡ,NL
benɡen,benɡen,benɡ,benɡ,NL
benɡen,benɡen,benɡ,benɡ,NL
benɡen,benɡen,benɡ,benɡ,NL
benɡen,benɡen,benɡ,benɡ,NL
benɡen,benɡen,benɡ,benɡ,NL
benɡen,benɡen,benɡ,benɡ,NL
benɡen,benɡen,benɡ,benɡ,NL
benɡen,bjeɡen,bjeɡ,benɡ,NL
benɡen,bjeɡen,bjeɡ,benɡ,NL
benɡen,bjeɡen,bjeɡ,benɡ,NL
benɡen,bjeɡen,bjeɡ,benɡ,NL
benɡen,bjeɡen,bjeɡ,benɡ,NL
benɡen,bjeɡen,bjeɡ,benɡ,NL
benɡen,bjeɡen,bjeɡ,benɡ,NL
benɡen,benɡen,benɡ,benɡ,NL
benɡen,benɡen,benɡ,benɡ,NL
benɡen,benɡen,benɡ,benɡ,NL
benɡes,bjeɡes,bjeɡ,benɡ,NL
benɡes,bjeɡes,bjeɡ,benɡ,NL
benɡes,bjeɡes,bjeɡ,benɡ,NL
benɡes,bneɡes,bneɡ,benɡ,NL
benɡes,bjeɡes,bjeɡ,benɡ,NL
benɡes,bjeɡes,bjeɡ,benɡ,NL
benɡes,bjeɡes,bjeɡ,benɡ,NL
benɡes,bjeɡes,bjeɡ,benɡ,NL
benɡes,bjeɡes,bjeɡ,benɡ,NL
benɡes,bneɡes,bneɡ,benɡ,NL
benɡes,bjeɡes,bjeɡ,benɡ,NL
benɡes,bjeɡes,bjeɡ,benɡ,NL
benɡes,bjeɡes,bjeɡ,benɡ,NL
benɡes,bjeɡes,bjeɡ,benɡ,NL
benɡes,bjeɡes,bjeɡ,benɡ,NL
benɡes,bjeɡes,bjeɡ,benɡ,NL
benɡes,bjeɡes,bjeɡ,benɡ,NL
benɡes,bjeɡes,bjeɡ,benɡ,NL
benɡes,bjeɡes,bjeɡ,benɡ,NL
benɡes,benɡes,benɡ,benɡ,NL
benɡes,benɡes,benɡ,benɡ,NL
benɡes,benɡes,benɡ,benɡ,NL
benɡes,benɡes,benɡ,benɡ,NL
benɡes,benɡes,benɡ,benɡ,NL
benɡes,benɡes,benɡ,benɡ,NL
benɡes,benɡes,benɡ,benɡ,NL
benɡes,benɡes,benɡ,benɡ,NL
benɡes,benɡes,benɡ,benɡ,NL
benɡes,benɡes,benɡ,benɡ,NL
benɡes,benɡes,benɡ,benɡ,NL
benɡes,benɡes,benɡ,benɡ,NL
benɡes,benɡes,benɡ,benɡ,NL
benɡes,benɡes,benɡ,benɡ,NL
benɡes,benɡes,benɡ,benɡ,NL
benɡes,benɡes,benɡ,benɡ,NL
benɡes,benɡes,benɡ,benɡ,NL
benɡes,benɡes,benɡ,benɡ,NL
benɡes,benɡes,benɡ,benɡ,NL
benɡes,benɡes,benɡ,benɡ,NL
benɡes,benɡes,benɡ,benɡ,NL
benɡes,benɡes,benɡ,benɡ,NL
benɡes,benɡes,benɡ,benɡ,NL
benɡes,benɡes,benɡ,benɡ,NL
benɡes,benɡes,benɡ,benɡ,NL
benɡes,benɡes,benɡ,benɡ,NL
benɡes,bjeɡes,bjeɡ,benɡ,NL
benɡes,bneɡes,bneɡ,benɡ,NL
benɡes,bneɡes,bneɡ,benɡ,NL
benɡes,bneɡes,bneɡ,benɡ,NL
benɡes,bjeɡes,bjeɡ,benɡ,NL
benɡes,bjeɡes,bjeɡ,benɡ,NL
benɡes,bjeɡes,bjeɡ,benɡ,NL
benɡes,benɡes,benɡ,benɡ,NL
benɡes,benɡes,benɡ,benɡ,NL
benɡes,benɡes,benɡ,benɡ,NL
benɡe,bjeɡe,bjeɡ,benɡ,NL
benɡe,bjeɡe,bjeɡ,benɡ,NL
benɡe,bjeɡe,bjeɡ,benɡ,NL
benɡe,bjeɡe,bjeɡ,benɡ,NL
benɡe,bjeɡe,bjeɡ,benɡ,NL
benɡe,bjeɡe,bjeɡ,benɡ,NL
benɡe,bjeɡe,bjeɡ,benɡ,NL
benɡe,bjeɡe,bjeɡ,benɡ,NL
benɡe,bjeɡe,bjeɡ,benɡ,NL
benɡe,bjeɡe,bjeɡ,benɡ,NL
benɡe,bjeɡe,bjeɡ,benɡ,NL
benɡe,bjeɡe,bjeɡ,benɡ,NL
benɡe,bjeɡe,bjeɡ,benɡ,NL
benɡe,bjeɡe,bjeɡ,benɡ,NL
benɡe,bjeɡe,bjeɡ,benɡ,NL
benɡe,bjeɡe,bjeɡ,benɡ,NL
benɡe,bjeɡe,bjeɡ,benɡ,NL
benɡe,bjeɡe,bjeɡ,benɡ,NL
benɡe,bjeɡe,bjeɡ,benɡ,NL
benɡe,benɡe,benɡ,benɡ,NL
benɡe,benɡe,benɡ,benɡ,NL
benɡe,benɡe,benɡ,benɡ,NL
benɡe,benɡe,benɡ,benɡ,NL
benɡe,benɡe,benɡ,benɡ,NL
benɡe,benɡe,benɡ,benɡ,NL
benɡe,benɡe,benɡ,benɡ,NL
benɡe,benɡe,benɡ,benɡ,NL
benɡe,benɡe,benɡ,benɡ,NL
benɡe,benɡe,benɡ,benɡ,NL
benɡe,benɡe,benɡ,benɡ,NL
benɡe,benɡe,benɡ,benɡ,NL
benɡe,benɡe,benɡ,benɡ,NL
benɡe,benɡe,benɡ,benɡ,NL
benɡe,benɡe,benɡ,benɡ,NL
benɡe,benɡe,benɡ,benɡ,NL
benɡe,benɡe,benɡ,benɡ,NL
benɡe,benɡe,benɡ,benɡ,NL
benɡe,benɡe,benɡ,benɡ,NL
benɡe,benɡe,benɡ,benɡ,NL
benɡe,benɡe,benɡ,benɡ,NL
benɡe,benɡe,benɡ,benɡ,NL
benɡe,benɡe,benɡ,benɡ,NL
benɡe,benɡe,benɡ,benɡ,NL
benɡe,benɡe,benɡ,benɡ,NL
benɡe,benɡe,benɡ,benɡ,NL
benɡe,bjeɡe,bjeɡ,benɡ,NL
benɡe,bjeɡe,bjeɡ,benɡ,NL
benɡe,bjeɡe,bjeɡ,benɡ,NL
benɡe,bjeɡe,bjeɡ,benɡ,NL
benɡe,bjeɡe,bjeɡ,benɡ,NL
benɡe,bjeɡe,bjeɡ,benɡ,NL
benɡe,bjeɡe,bjeɡ,benɡ,NL
benɡe,benɡe,benɡ,benɡ,NL
benɡe,benɡe,benɡ,benɡ,NL
benɡe,benɡe,benɡ,benɡ,NL
benɡe,bjeɡe,bjeɡ,benɡ,NL
benɡe,bjeɡe,bjeɡ,benɡ,NL
benɡe,bjeɡe,bjeɡ,benɡ,NL
benɡe,bjeɡe,bjeɡ,benɡ,NL
benɡe,bjeɡe,bjeɡ,benɡ,NL
benɡe,bjeɡe,bjeɡ,benɡ,NL
benɡe,bjeɡe,bjeɡ,benɡ,NL
benɡe,bjeɡe,bjeɡ,benɡ,NL
benɡe,bjeɡe,bjeɡ,benɡ,NL
benɡe,bjeɡe,bjeɡ,benɡ,NL
benɡe,bjeɡe,bjeɡ,benɡ,NL
benɡe,bjeɡe,bjeɡ,benɡ,NL
benɡe,bjeɡe,bjeɡ,benɡ,NL
benɡe,bjeɡe,bjeɡ,benɡ,NL
benɡe,bjeɡe,bjeɡ,benɡ,NL
benɡe,bjeɡe,bjeɡ,benɡ,NL
benɡe,bjeɡe,bjeɡ,benɡ,NL
benɡe,bjeɡe,bjeɡ,benɡ,NL
benɡe,bjeɡe,bjeɡ,benɡ,NL
benɡe,benɡe,benɡ,benɡ,NL
benɡe,benɡe,benɡ,benɡ,NL
benɡe,benɡe,benɡ,benɡ,NL
benɡe,benɡe,benɡ,benɡ,NL
benɡe,benɡe,benɡ,benɡ,NL
benɡe,benɡe,benɡ,benɡ,NL
benɡe,benɡe,benɡ,benɡ,NL
benɡe,benɡe,benɡ,benɡ,NL
benɡe,benɡe,benɡ,benɡ,NL
benɡe,benɡe,benɡ,benɡ,NL
benɡe,benɡe,benɡ,benɡ,NL
benɡe,benɡe,benɡ,benɡ,NL
benɡe,benɡe,benɡ,benɡ,NL
benɡe,benɡe,benɡ,benɡ,NL
benɡe,benɡe,benɡ,benɡ,NL
benɡe,benɡe,benɡ,benɡ,NL
benɡe,benɡe,benɡ,benɡ,NL
benɡe,benɡe,benɡ,benɡ,NL
benɡe,benɡe,benɡ,benɡ,NL
benɡe,benɡe,benɡ,benɡ,NL
benɡe,benɡe,benɡ,benɡ,NL
benɡe,benɡe,benɡ,benɡ,NL
benɡe,benɡe,benɡ,benɡ,NL
benɡe,benɡe,benɡ,benɡ,NL
benɡe,benɡe,benɡ,benɡ,NL
benɡe,benɡe,benɡ,benɡ,NL
benɡe,bjeɡe,bjeɡ,benɡ,NL
benɡe,bjeɡe,bjeɡ,benɡ,NL
benɡe,bjeɡe,bjeɡ,benɡ,NL
benɡe,bjeɡe,bjeɡ,benɡ,NL
benɡe,bjeɡe,bjeɡ,benɡ,NL
benɡe,bjeɡe,bjeɡ,benɡ,NL
benɡe,bjeɡe,bjeɡ,benɡ,NL
benɡe,benɡe,benɡ,benɡ,NL
benɡe,benɡe,benɡ,benɡ,NL
benɡe,benɡe,benɡ,benɡ,NL
aneɡajs,aneɡajs,aneɡ,aneɡ,NL
aneɡajs,aneɡajs,aneɡ,aneɡ,NL
aneɡajs,aneɡajs,aneɡ,aneɡ,NL
aneɡajs,aneɡajs,aneɡ,aneɡ,NL
aneɡajs,aneɡajs,aneɡ,aneɡ,NL
aneɡajs,aneɡajs,aneɡ,aneɡ,NL
aneɡajs,aneɡajs,aneɡ,aneɡ,NL
aneɡajs,aneɡajs,aneɡ,aneɡ,NL
aneɡajs,aneɡajs,aneɡ,aneɡ,NL
aneɡajs,aneɡajs,aneɡ,aneɡ,NL
aneɡajs,aneɡajs,aneɡ,aneɡ,NL
aneɡajs,aneɡajs,aneɡ,aneɡ,NL
aneɡajs,aneɡajs,aneɡ,aneɡ,NL
aneɡajs,aneɡajs,aneɡ,aneɡ,NL
aneɡajs,aneɡajs,aneɡ,aneɡ,NL
aneɡajs,aneɡajs,aneɡ,aneɡ,NL
aneɡajs,aneɡajs,aneɡ,aneɡ,NL
aneɡajs,aneɡajs,aneɡ,aneɡ,NL
aneɡajs,aneɡajs,aneɡ,aneɡ,NL
aneɡajs,aneɡajs,aneɡ,aneɡ,NL
aneɡajs,aneɡajs,aneɡ,aneɡ,NL
aneɡajs,aneɡajs,aneɡ,aneɡ,NL
aneɡajs,aneɡajs,aneɡ,aneɡ,NL
aneɡajs,aneɡajs,aneɡ,aneɡ,NL
aneɡajs,aneɡajs,aneɡ,aneɡ,NL
aneɡajs,aneɡajs,aneɡ,aneɡ,NL
aneɡajs,aneɡajs,aneɡ,aneɡ,NL
aneɡajs,anjeɡajs,anjeɡ,aneɡ,NL
aneɡajs,anjeɡajs,anjeɡ,aneɡ,NL
aneɡajs,anjeɡajs,anjeɡ,aneɡ,NL
aneɡajs,anjeɡajs,anjeɡ,aneɡ,NL
aneɡajs,anjeɡajs,anjeɡ,aneɡ,NL
aneɡajs,anjeɡajs,anjeɡ,aneɡ,NL
aneɡajs,anjeɡajs,anjeɡ,aneɡ,NL
aneɡajs,anjeɡajs,anjeɡ,aneɡ,NL
aneɡajs,anjeɡajs,anjeɡ,aneɡ,NL
aneɡajs,anjeɡajs,anjeɡ,aneɡ,NL
aneɡajs,anjeɡajs,anjeɡ,aneɡ,NL
aneɡajs,anjeɡajs,anjeɡ,aneɡ,NL
aneɡajs,anjeɡajs,anjeɡ,aneɡ,NL
aneɡajs,anjeɡajs,anjeɡ,aneɡ,NL
aneɡajs,anjeɡajs,anjeɡ,aneɡ,NL
aneɡajs,anjeɡajs,anjeɡ,aneɡ,NL
aneɡajs,anjeɡajs,anjeɡ,aneɡ,NL
aneɡajs,anjeɡajs,anjeɡ,aneɡ,NL
aneɡajs,anjeɡajs,anjeɡ,aneɡ,NL
aneɡajs,anjeɡajs,anjeɡ,aneɡ,NL
aneɡajs,anjeɡajs,anjeɡ,aneɡ,NL
aneɡajs,anjeɡajs,anjeɡ,aneɡ,NL
aneɡajs,anjeɡajs,anjeɡ,aneɡ,NL
aneɡajs,anjeɡajs,anjeɡ,aneɡ,NL
aneɡajs,anjeɡajs,anjeɡ,aneɡ,NL
aneɡajs,anjeɡajs,anjeɡ,aneɡ,NL
aneɡajs,anjeɡajs,anjeɡ,aneɡ,NL
aneɡajs,anjeɡajs,anjeɡ,aneɡ,NL
aneɡamos,aneɡamos,aneɡ,aneɡ,NL
aneɡamos,aneɡamos,aneɡ,aneɡ,NL
aneɡamos,aneɡamos,aneɡ,aneɡ,NL
aneɡamos,aneɡamos,aneɡ,aneɡ,NL
aneɡamos,aneɡamos,aneɡ,aneɡ,NL
aneɡamos,aneɡamos,aneɡ,aneɡ,NL
aneɡamos,aneɡamos,aneɡ,aneɡ,NL
aneɡamos,aneɡamos,aneɡ,aneɡ,NL
aneɡamos,aneɡamos,aneɡ,aneɡ,NL
aneɡamos,aneɡamos,aneɡ,aneɡ,NL
aneɡamos,aneɡamos,aneɡ,aneɡ,NL
aneɡamos,aneɡamos,aneɡ,aneɡ,NL
aneɡamos,aneɡamos,aneɡ,aneɡ,NL
aneɡamos,aneɡamos,aneɡ,aneɡ,NL
aneɡamos,aneɡamos,aneɡ,aneɡ,NL
aneɡamos,aneɡamos,aneɡ,aneɡ,NL
aneɡamos,aneɡamos,aneɡ,aneɡ,NL
aneɡamos,aneɡamos,aneɡ,aneɡ,NL
aneɡamos,aneɡamos,aneɡ,aneɡ,NL
aneɡamos,aneɡamos,aneɡ,aneɡ,NL
aneɡamos,aneɡamos,aneɡ,aneɡ,NL
aneɡamos,aneɡamos,aneɡ,aneɡ,NL
aneɡamos,aneɡamos,aneɡ,aneɡ,NL
aneɡamos,aneɡamos,aneɡ,aneɡ,NL
aneɡamos,aneɡamos,aneɡ,aneɡ,NL
aneɡamos,aneɡamos,aneɡ,aneɡ,NL
aneɡamos,aneɡamos,aneɡ,aneɡ,NL
aneɡamos,anjeɡamos,anjeɡ,aneɡ,NL
aneɡamos,anjeɡamos,anjeɡ,aneɡ,NL
aneɡamos,anjeɡamos,anjeɡ,aneɡ,NL
aneɡamos,anjeɡamos,anjeɡ,aneɡ,NL
aneɡamos,anjeɡamos,anjeɡ,aneɡ,NL
aneɡamos,anjeɡamos,anjeɡ,aneɡ,NL
aneɡamos,anjeɡamos,anjeɡ,aneɡ,NL
aneɡamos,anjeɡamos,anjeɡ,aneɡ,NL
aneɡamos,anjeɡamos,anjeɡ,aneɡ,NL
aneɡamos,anjeɡamos,anjeɡ,aneɡ,NL
aneɡamos,anjeɡamos,anjeɡ,aneɡ,NL
aneɡamos,anjeɡamos,anjeɡ,aneɡ,NL
aneɡamos,anjeɡamos,anjeɡ,aneɡ,NL
aneɡamos,anjeɡamos,anjeɡ,aneɡ,NL
aneɡamos,anjeɡamos,anjeɡ,aneɡ,NL
aneɡamos,anjeɡamos,anjeɡ,aneɡ,NL
aneɡamos,anjeɡamos,anjeɡ,aneɡ,NL
aneɡamos,anjeɡamos,anjeɡ,aneɡ,NL
aneɡamos,anjeɡamos,anjeɡ,aneɡ,NL
aneɡamos,anjeɡamos,anjeɡ,aneɡ,NL
aneɡamos,anjeɡamos,anjeɡ,aneɡ,NL
aneɡamos,anjeɡamos,anjeɡ,aneɡ,NL
aneɡamos,anjeɡamos,anjeɡ,aneɡ,NL
aneɡamos,anjeɡamos,anjeɡ,aneɡ,NL
aneɡamos,anjeɡamos,anjeɡ,aneɡ,NL
aneɡamos,anjeɡamos,anjeɡ,aneɡ,NL
aneɡamos,anjeɡamos,anjeɡ,aneɡ,NL
aneɡamos,anjeɡamos,anjeɡ,aneɡ,NL
aneɡeis,aneɡeis,aneɡe,aneɡe,NL
aneɡeis,aneɡeis,aneɡe,aneɡe,NL
aneɡeis,aneɡeis,aneɡe,aneɡe,NL
aneɡeis,aneɡeis,aneɡe,aneɡe,NL
aneɡeis,aneɡeis,aneɡe,aneɡe,NL
aneɡeis,aneɡeis,aneɡe,aneɡe,NL
aneɡeis,aneɡeis,aneɡe,aneɡe,NL
aneɡeis,aneɡeis,aneɡe,aneɡe,NL
aneɡeis,aneɡeis,aneɡe,aneɡe,NL
aneɡeis,aneɡeis,aneɡe,aneɡe,NL
aneɡeis,aneɡeis,aneɡe,aneɡe,NL
aneɡeis,aneɡeis,aneɡe,aneɡe,NL
aneɡeis,aneɡeis,aneɡe,aneɡe,NL
aneɡeis,aneɡeis,aneɡe,aneɡe,NL
aneɡeis,aneɡeis,aneɡe,aneɡe,NL
aneɡeis,aneɡeis,aneɡe,aneɡe,NL
aneɡeis,aneɡeis,aneɡe,aneɡe,NL
aneɡeis,aneɡeis,aneɡe,aneɡe,NL
aneɡeis,aneɡeis,aneɡe,aneɡe,NL
aneɡeis,aneɡeis,aneɡe,aneɡe,NL
aneɡeis,aneɡeis,aneɡe,aneɡe,NL
aneɡeis,aneɡeis,aneɡe,aneɡe,NL
aneɡeis,aneɡeis,aneɡe,aneɡe,NL
aneɡeis,aneɡeis,aneɡe,aneɡe,NL
aneɡeis,aneɡeis,aneɡe,aneɡe,NL
aneɡeis,aneɡeis,aneɡe,aneɡe,NL
aneɡeis,aneɡeis,aneɡe,aneɡe,NL
aneɡeis,anjeɡeis,anjeɡe,aneɡe,NL
aneɡeis,anjeɡeis,anjeɡe,aneɡe,NL
aneɡeis,anjeɡeis,anjeɡe,aneɡe,NL
aneɡeis,anjeɡeis,anjeɡe,aneɡe,NL
aneɡeis,anjeɡeis,anjeɡe,aneɡe,NL
aneɡeis,anjeɡeis,anjeɡe,aneɡe,NL
aneɡeis,anjeɡeis,anjeɡe,aneɡe,NL
aneɡeis,anjeɡeis,anjeɡe,aneɡe,NL
aneɡeis,anjeɡeis,anjeɡe,aneɡe,NL
aneɡeis,anjeɡeis,anjeɡe,aneɡe,NL
aneɡeis,anjeɡeis,anjeɡe,aneɡe,NL
aneɡeis,anjeɡeis,anjeɡe,aneɡe,NL
aneɡeis,anjeɡeis,anjeɡe,aneɡe,NL
aneɡeis,anjeɡeis,anjeɡe,aneɡe,NL
aneɡeis,anjeɡeis,anjeɡe,aneɡe,NL
aneɡeis,anjeɡeis,anjeɡe,aneɡe,NL
aneɡeis,anjeɡeis,anjeɡe,aneɡe,NL
aneɡeis,anjeɡeis,anjeɡe,aneɡe,NL
aneɡeis,anjeɡeis,anjeɡe,aneɡe,NL
aneɡeis,anjeɡeis,anjeɡe,aneɡe,NL
aneɡeis,anjeɡeis,anjeɡe,aneɡe,NL
aneɡeis,anjeɡeis,anjeɡe,aneɡe,NL
aneɡeis,anjeɡeis,anjeɡe,aneɡe,NL
aneɡeis,anjeɡeis,anjeɡe,aneɡe,NL
aneɡeis,anjeɡeis,anjeɡe,aneɡe,NL
aneɡeis,anjeɡeis,anjeɡe,aneɡe,NL
aneɡeis,anjeɡeis,anjeɡe,aneɡe,NL
aneɡeis,anjeɡeis,anjeɡe,aneɡe,NL
aneɡemos,aneɡemos,aneɡ,aneɡ,NL
aneɡemos,aneɡemos,aneɡ,aneɡ,NL
aneɡemos,aneɡemos,aneɡ,aneɡ,NL
aneɡemos,aneɡemos,aneɡ,aneɡ,NL
aneɡemos,aneɡemos,aneɡ,aneɡ,NL
aneɡemos,aneɡemos,aneɡ,aneɡ,NL
aneɡemos,aneɡemos,aneɡ,aneɡ,NL
aneɡemos,aneɡemos,aneɡ,aneɡ,NL
aneɡemos,aneɡemos,aneɡ,aneɡ,NL
aneɡemos,aneɡemos,aneɡ,aneɡ,NL
aneɡemos,aneɡemos,aneɡ,aneɡ,NL
aneɡemos,aneɡemos,aneɡ,aneɡ,NL
aneɡemos,aneɡemos,aneɡ,aneɡ,NL
aneɡemos,aneɡemos,aneɡ,aneɡ,NL
aneɡemos,aneɡemos,aneɡ,aneɡ,NL
aneɡemos,aneɡemos,aneɡ,aneɡ,NL
aneɡemos,aneɡemos,aneɡ,aneɡ,NL
aneɡemos,aneɡemos,aneɡ,aneɡ,NL
aneɡemos,aneɡemos,aneɡ,aneɡ,NL
aneɡemos,aneɡemos,aneɡ,aneɡ,NL
aneɡemos,aneɡemos,aneɡ,aneɡ,NL
aneɡemos,aneɡemos,aneɡ,aneɡ,NL
aneɡemos,aneɡemos,aneɡ,aneɡ,NL
aneɡemos,aneɡemos,aneɡ,aneɡ,NL
aneɡemos,aneɡemos,aneɡ,aneɡ,NL
aneɡemos,aneɡemos,aneɡ,aneɡ,NL
aneɡemos,aneɡemos,aneɡ,aneɡ,NL
aneɡemos,anjeɡemos,anjeɡ,aneɡ,NL
aneɡemos,anjeɡemos,anjeɡ,aneɡ,NL
aneɡemos,anjeɡemos,anjeɡ,aneɡ,NL
aneɡemos,anjeɡemos,anjeɡ,aneɡ,NL
aneɡemos,anjeɡemos,anjeɡ,aneɡ,NL
aneɡemos,anjeɡemos,anjeɡ,aneɡ,NL
aneɡemos,anjeɡemos,anjeɡ,aneɡ,NL
aneɡemos,anjeɡemos,anjeɡ,aneɡ,NL
aneɡemos,anjeɡemos,anjeɡ,aneɡ,NL
aneɡemos,anjeɡemos,anjeɡ,aneɡ,NL
aneɡemos,anjeɡemos,anjeɡ,aneɡ,NL
aneɡemos,anjeɡemos,anjeɡ,aneɡ,NL
aneɡemos,anjeɡemos,anjeɡ,aneɡ,NL
aneɡemos,anjeɡemos,anjeɡ,aneɡ,NL
aneɡemos,anjeɡemos,anjeɡ,aneɡ,NL
aneɡemos,anjeɡemos,anjeɡ,aneɡ,NL
aneɡemos,anjeɡemos,anjeɡ,aneɡ,NL
aneɡemos,anjeɡemos,anjeɡ,aneɡ,NL
aneɡemos,anjeɡemos,anjeɡ,aneɡ,NL
aneɡemos,anjeɡemos,anjeɡ,aneɡ,NL
aneɡemos,anjeɡemos,anjeɡ,aneɡ,NL
aneɡemos,anjeɡemos,anjeɡ,aneɡ,NL
aneɡemos,anjeɡemos,anjeɡ,aneɡ,NL
aneɡemos,anjeɡemos,anjeɡ,aneɡ,NL
aneɡemos,anjeɡemos,anjeɡ,aneɡ,NL
aneɡemos,anjeɡemos,anjeɡ,aneɡ,NL
aneɡemos,anjeɡemos,anjeɡ,aneɡ,NL
aneɡemos,anjeɡemos,anjeɡ,aneɡ,NL
anjeɡan,aneɡan,aneɡ,anjeɡ,NL
anjeɡan,aneɡan,aneɡ,anjeɡ,NL
anjeɡan,aneɡan,aneɡ,anjeɡ,NL
anjeɡan,aneɡan,aneɡ,anjeɡ,NL
anjeɡan,aneɡan,aneɡ,anjeɡ,NL
anjeɡan,aneɡan,aneɡ,anjeɡ,NL
anjeɡan,aneɡan,aneɡ,anjeɡ,NL
anjeɡan,aneɡan,aneɡ,anjeɡ,NL
anjeɡan,aneɡan,aneɡ,anjeɡ,NL
anjeɡan,aneɡan,aneɡ,anjeɡ,NL
anjeɡan,aneɡan,aneɡ,anjeɡ,NL
anjeɡan,aneɡan,aneɡ,anjeɡ,NL
anjeɡan,aneɡan,aneɡ,anjeɡ,NL
anjeɡan,aneɡan,aneɡ,anjeɡ,NL
anjeɡan,aneɡan,aneɡ,anjeɡ,NL
anjeɡan,aneɡan,aneɡ,anjeɡ,NL
anjeɡan,aneɡan,aneɡ,anjeɡ,NL
anjeɡan,aneɡan,aneɡ,anjeɡ,NL
anjeɡan,aneɡan,aneɡ,anjeɡ,NL
anjeɡan,aneɡan,aneɡ,anjeɡ,NL
anjeɡan,aneɡan,aneɡ,anjeɡ,NL
anjeɡan,aneɡan,aneɡ,anjeɡ,NL
anjeɡan,aneɡan,aneɡ,anjeɡ,NL
anjeɡan,aneɡan,aneɡ,anjeɡ,NL
anjeɡan,aneɡan,aneɡ,anjeɡ,NL
anjeɡan,aneɡan,aneɡ,anjeɡ,NL
anjeɡan,aneɡan,aneɡ,anjeɡ,NL
anjeɡan,aneɡan,aneɡ,anjeɡ,NL
anjeɡan,aneɡan,aneɡ,anjeɡ,NL
anjeɡan,aneɡan,aneɡ,anjeɡ,NL
anjeɡan,aneɡan,aneɡ,anjeɡ,NL
anjeɡan,aneɡan,aneɡ,anjeɡ,NL
anjeɡan,aneɡan,aneɡ,anjeɡ,NL
anjeɡan,aneɡan,aneɡ,anjeɡ,NL
anjeɡan,anjeɡan,anjeɡ,anjeɡ,NL
anjeɡan,anjeɡan,anjeɡ,anjeɡ,NL
anjeɡan,anjeɡan,anjeɡ,anjeɡ,NL
anjeɡan,anjeɡan,anjeɡ,anjeɡ,NL
anjeɡan,anjeɡan,anjeɡ,anjeɡ,NL
anjeɡan,anjeɡan,anjeɡ,anjeɡ,NL
anjeɡan,anjeɡan,anjeɡ,anjeɡ,NL
anjeɡan,anjeɡan,anjeɡ,anjeɡ,NL
anjeɡan,anjeɡan,anjeɡ,anjeɡ,NL
anjeɡan,anjeɡan,anjeɡ,anjeɡ,NL
anjeɡan,anjeɡan,anjeɡ,anjeɡ,NL
anjeɡan,anjeɡan,anjeɡ,anjeɡ,NL
anjeɡan,anjeɡan,anjeɡ,anjeɡ,NL
anjeɡan,anjeɡan,anjeɡ,anjeɡ,NL
anjeɡan,anjeɡan,anjeɡ,anjeɡ,NL
anjeɡan,anjeɡan,anjeɡ,anjeɡ,NL
anjeɡan,anjeɡan,anjeɡ,anjeɡ,NL
anjeɡan,anjeɡan,anjeɡ,anjeɡ,NL
anjeɡan,anjeɡan,anjeɡ,anjeɡ,NL
anjeɡan,anjeɡan,anjeɡ,anjeɡ,NL
anjeɡan,anjeɡan,anjeɡ,anjeɡ,NL
anjeɡas,aneɡas,aneɡ,anjeɡ,NL
anjeɡas,aneɡas,aneɡ,anjeɡ,NL
anjeɡas,aneɡas,aneɡ,anjeɡ,NL
anjeɡas,aneɡas,aneɡ,anjeɡ,NL
anjeɡas,aneɡas,aneɡ,anjeɡ,NL
anjeɡas,aneɡas,aneɡ,anjeɡ,NL
anjeɡas,aneɡas,aneɡ,anjeɡ,NL
anjeɡas,aneɡas,aneɡ,anjeɡ,NL
anjeɡas,aneɡas,aneɡ,anjeɡ,NL
anjeɡas,aneɡas,aneɡ,anjeɡ,NL
anjeɡas,aneɡas,aneɡ,anjeɡ,NL
anjeɡas,aneɡas,aneɡ,anjeɡ,NL
anjeɡas,aneɡas,aneɡ,anjeɡ,NL
anjeɡas,aneɡas,aneɡ,anjeɡ,NL
anjeɡas,aneɡas,aneɡ,anjeɡ,NL
anjeɡas,aneɡas,aneɡ,anjeɡ,NL
anjeɡas,aneɡas,aneɡ,anjeɡ,NL
anjeɡas,aneɡas,aneɡ,anjeɡ,NL
anjeɡas,aneɡas,aneɡ,anjeɡ,NL
anjeɡas,aneɡas,aneɡ,anjeɡ,NL
anjeɡas,aneɡas,aneɡ,anjeɡ,NL
anjeɡas,aneɡas,aneɡ,anjeɡ,NL
anjeɡas,aneɡas,aneɡ,anjeɡ,NL
anjeɡas,aneɡas,aneɡ,anjeɡ,NL
anjeɡas,aneɡas,aneɡ,anjeɡ,NL
anjeɡas,aneɡas,aneɡ,anjeɡ,NL
anjeɡas,aneɡas,aneɡ,anjeɡ,NL
anjeɡas,aneɡas,aneɡ,anjeɡ,NL
anjeɡas,aneɡas,aneɡ,anjeɡ,NL
anjeɡas,aneɡas,aneɡ,anjeɡ,NL
anjeɡas,aneɡas,aneɡ,anjeɡ,NL
anjeɡas,aneɡas,aneɡ,anjeɡ,NL
anjeɡas,aneɡas,aneɡ,anjeɡ,NL
anjeɡas,aneɡas,aneɡ,anjeɡ,NL
anjeɡas,anjeɡas,anjeɡ,anjeɡ,NL
anjeɡas,anjeɡas,anjeɡ,anjeɡ,NL
anjeɡas,anjeɡas,anjeɡ,anjeɡ,NL
anjeɡas,anjeɡas,anjeɡ,anjeɡ,NL
anjeɡas,anjeɡas,anjeɡ,anjeɡ,NL
anjeɡas,anjeɡas,anjeɡ,anjeɡ,NL
anjeɡas,anjeɡas,anjeɡ,anjeɡ,NL
anjeɡas,anjeɡas,anjeɡ,anjeɡ,NL
anjeɡas,anjeɡas,anjeɡ,anjeɡ,NL
anjeɡas,anjeɡas,anjeɡ,anjeɡ,NL
anjeɡas,anjeɡas,anjeɡ,anjeɡ,NL
anjeɡas,anjeɡas,anjeɡ,anjeɡ,NL
anjeɡas,anjeɡas,anjeɡ,anjeɡ,NL
anjeɡas,anjeɡas,anjeɡ,anjeɡ,NL
anjeɡas,anjeɡas,anjeɡ,anjeɡ,NL
anjeɡas,anjeɡas,anjeɡ,anjeɡ,NL
anjeɡas,anjeɡas,anjeɡ,anjeɡ,NL
anjeɡas,anjeɡas,anjeɡ,anjeɡ,NL
anjeɡas,anjeɡas,anjeɡ,anjeɡ,NL
anjeɡas,anjeɡas,anjeɡ,anjeɡ,NL
anjeɡas,anjeɡas,anjeɡ,anjeɡ,NL
anjeɡa,aneɡa,aneɡ,anjeɡ,NL
anjeɡa,aneɡa,aneɡ,anjeɡ,NL
anjeɡa,aneɡa,aneɡ,anjeɡ,NL
anjeɡa,aneɡa,aneɡ,anjeɡ,NL
anjeɡa,aneɡa,aneɡ,anjeɡ,NL
anjeɡa,aneɡa,aneɡ,anjeɡ,NL
anjeɡa,aneɡa,aneɡ,anjeɡ,NL
anjeɡa,aneɡa,aneɡ,anjeɡ,NL
anjeɡa,aneɡa,aneɡ,anjeɡ,NL
anjeɡa,aneɡa,aneɡ,anjeɡ,NL
anjeɡa,aneɡa,aneɡ,anjeɡ,NL
anjeɡa,aneɡa,aneɡ,anjeɡ,NL
anjeɡa,aneɡa,aneɡ,anjeɡ,NL
anjeɡa,aneɡa,aneɡ,anjeɡ,NL
anjeɡa,aneɡa,aneɡ,anjeɡ,NL
anjeɡa,aneɡa,aneɡ,anjeɡ,NL
anjeɡa,aneɡa,aneɡ,anjeɡ,NL
anjeɡa,aneɡa,aneɡ,anjeɡ,NL
anjeɡa,aneɡa,aneɡ,anjeɡ,NL
anjeɡa,aneɡa,aneɡ,anjeɡ,NL
anjeɡa,aneɡa,aneɡ,anjeɡ,NL
anjeɡa,aneɡa,aneɡ,anjeɡ,NL
anjeɡa,aneɡa,aneɡ,anjeɡ,NL
anjeɡa,aneɡa,aneɡ,anjeɡ,NL
anjeɡa,aneɡa,aneɡ,anjeɡ,NL
anjeɡa,aneɡa,aneɡ,anjeɡ,NL
anjeɡa,aneɡa,aneɡ,anjeɡ,NL
anjeɡa,aneɡa,aneɡ,anjeɡ,NL
anjeɡa,aneɡa,aneɡ,anjeɡ,NL
anjeɡa,aneɡa,aneɡ,anjeɡ,NL
anjeɡa,aneɡa,aneɡ,anjeɡ,NL
anjeɡa,aneɡa,aneɡ,anjeɡ,NL
anjeɡa,aneɡa,aneɡ,anjeɡ,NL
anjeɡa,aneɡa,aneɡ,anjeɡ,NL
anjeɡa,anjeɡa,anjeɡ,anjeɡ,NL
anjeɡa,anjeɡa,anjeɡ,anjeɡ,NL
anjeɡa,anjeɡa,anjeɡ,anjeɡ,NL
anjeɡa,anjeɡa,anjeɡ,anjeɡ,NL
anjeɡa,anjeɡa,anjeɡ,anjeɡ,NL
anjeɡa,anjeɡa,anjeɡ,anjeɡ,NL
anjeɡa,anjeɡa,anjeɡ,anjeɡ,NL
anjeɡa,anjeɡa,anjeɡ,anjeɡ,NL
anjeɡa,anjeɡa,anjeɡ,anjeɡ,NL
anjeɡa,anjeɡa,anjeɡ,anjeɡ,NL
anjeɡa,anjeɡa,anjeɡ,anjeɡ,NL
anjeɡa,anjeɡa,anjeɡ,anjeɡ,NL
anjeɡa,anjeɡa,anjeɡ,anjeɡ,NL
anjeɡa,anjeɡa,anjeɡ,anjeɡ,NL
anjeɡa,anjeɡa,anjeɡ,anjeɡ,NL
anjeɡa,anjeɡa,anjeɡ,anjeɡ,NL
anjeɡa,anjeɡa,anjeɡ,anjeɡ,NL
anjeɡa,anjeɡa,anjeɡ,anjeɡ,NL
anjeɡa,anjeɡa,anjeɡ,anjeɡ,NL
anjeɡa,anjeɡa,anjeɡ,anjeɡ,NL
anjeɡa,anjeɡa,anjeɡ,anjeɡ,NL
anjeɡo,aneɡo,aneɡ,anjeɡ,NL
anjeɡo,aneɡo,aneɡ,anjeɡ,NL
anjeɡo,aneɡo,aneɡ,anjeɡ,NL
anjeɡo,aneɡo,aneɡ,anjeɡ,NL
anjeɡo,aneɡo,aneɡ,anjeɡ,NL
anjeɡo,aneɡo,aneɡ,anjeɡ,NL
anjeɡo,aneɡo,aneɡ,anjeɡ,NL
anjeɡo,aneɡo,aneɡ,anjeɡ,NL
anjeɡo,aneɡo,aneɡ,anjeɡ,NL
anjeɡo,aneɡo,aneɡ,anjeɡ,NL
anjeɡo,aneɡo,aneɡ,anjeɡ,NL
anjeɡo,aneɡo,aneɡ,anjeɡ,NL
anjeɡo,aneɡo,aneɡ,anjeɡ,NL
anjeɡo,aneɡo,aneɡ,anjeɡ,NL
anjeɡo,aneɡo,aneɡ,anjeɡ,NL
anjeɡo,aneɡo,aneɡ,anjeɡ,NL
anjeɡo,aneɡo,aneɡ,anjeɡ,NL
anjeɡo,aneɡo,aneɡ,anjeɡ,NL
anjeɡo,aneɡo,aneɡ,anjeɡ,NL
anjeɡo,aneɡo,aneɡ,anjeɡ,NL
anjeɡo,aneɡo,aneɡ,anjeɡ,NL
anjeɡo,aneɡo,aneɡ,anjeɡ,NL
anjeɡo,aneɡo,aneɡ,anjeɡ,NL
anjeɡo,aneɡo,aneɡ,anjeɡ,NL
anjeɡo,aneɡo,aneɡ,anjeɡ,NL
anjeɡo,aneɡo,aneɡ,anjeɡ,NL
anjeɡo,aneɡo,aneɡ,anjeɡ,NL
anjeɡo,aneɡo,aneɡ,anjeɡ,NL
anjeɡo,aneɡo,aneɡ,anjeɡ,NL
anjeɡo,aneɡo,aneɡ,anjeɡ,NL
anjeɡo,aneɡo,aneɡ,anjeɡ,NL
anjeɡo,aneɡo,aneɡ,anjeɡ,NL
anjeɡo,aneɡo,aneɡ,anjeɡ,NL
anjeɡo,aneɡo,aneɡ,anjeɡ,NL
anjeɡo,anjeɡo,anjeɡ,anjeɡ,NL
anjeɡo,anjeɡo,anjeɡ,anjeɡ,NL
anjeɡo,anjeɡo,anjeɡ,anjeɡ,NL
anjeɡo,anjeɡo,anjeɡ,anjeɡ,NL
anjeɡo,anjeɡo,anjeɡ,anjeɡ,NL
anjeɡo,anjeɡo,anjeɡ,anjeɡ,NL
anjeɡo,anjeɡo,anjeɡ,anjeɡ,NL
anjeɡo,anjeɡo,anjeɡ,anjeɡ,NL
anjeɡo,anjeɡo,anjeɡ,anjeɡ,NL
anjeɡo,anjeɡo,anjeɡ,anjeɡ,NL
anjeɡo,anjeɡo,anjeɡ,anjeɡ,NL
anjeɡo,anjeɡo,anjeɡ,anjeɡ,NL
anjeɡo,anjeɡo,anjeɡ,anjeɡ,NL
anjeɡo,anjeɡo,anjeɡ,anjeɡ,NL
anjeɡo,anjeɡo,anjeɡ,anjeɡ,NL
anjeɡo,anjeɡo,anjeɡ,anjeɡ,NL
anjeɡo,anjeɡo,anjeɡ,anjeɡ,NL
anjeɡo,anjeɡo,anjeɡ,anjeɡ,NL
anjeɡo,anjeɡo,anjeɡ,anjeɡ,NL
anjeɡo,anjeɡo,anjeɡ,anjeɡ,NL
anjeɡo,anjeɡo,anjeɡ,anjeɡ,NL
anjeɡen,aneɡen,aneɡ,anjeɡ,NL
anjeɡen,aneɡen,aneɡ,anjeɡ,NL
anjeɡen,aneɡen,aneɡ,anjeɡ,NL
anjeɡen,aneɡen,aneɡ,anjeɡ,NL
anjeɡen,aneɡen,aneɡ,anjeɡ,NL
anjeɡen,aneɡen,aneɡ,anjeɡ,NL
anjeɡen,aneɡen,aneɡ,anjeɡ,NL
anjeɡen,aneɡen,aneɡ,anjeɡ,NL
anjeɡen,aneɡen,aneɡ,anjeɡ,NL
anjeɡen,aneɡen,aneɡ,anjeɡ,NL
anjeɡen,aneɡen,aneɡ,anjeɡ,NL
anjeɡen,aneɡen,aneɡ,anjeɡ,NL
anjeɡen,aneɡen,aneɡ,anjeɡ,NL
anjeɡen,aneɡen,aneɡ,anjeɡ,NL
anjeɡen,aneɡen,aneɡ,anjeɡ,NL
anjeɡen,aneɡen,aneɡ,anjeɡ,NL
anjeɡen,aneɡen,aneɡ,anjeɡ,NL
anjeɡen,aneɡen,aneɡ,anjeɡ,NL
anjeɡen,aneɡen,aneɡ,anjeɡ,NL
anjeɡen,aneɡen,aneɡ,anjeɡ,NL
anjeɡen,aneɡen,aneɡ,anjeɡ,NL
anjeɡen,aneɡen,aneɡ,anjeɡ,NL
anjeɡen,aneɡen,aneɡ,anjeɡ,NL
anjeɡen,aneɡen,aneɡ,anjeɡ,NL
anjeɡen,aneɡen,aneɡ,anjeɡ,NL
anjeɡen,aneɡen,aneɡ,anjeɡ,NL
anjeɡen,aneɡen,aneɡ,anjeɡ,NL
anjeɡen,aneɡen,aneɡ,anjeɡ,NL
anjeɡen,aneɡen,aneɡ,anjeɡ,NL
anjeɡen,aneɡen,aneɡ,anjeɡ,NL
anjeɡen,aneɡen,aneɡ,anjeɡ,NL
anjeɡen,aneɡen,aneɡ,anjeɡ,NL
anjeɡen,aneɡen,aneɡ,anjeɡ,NL
anjeɡen,aneɡen,aneɡ,anjeɡ,NL
anjeɡen,anjeɡen,anjeɡ,anjeɡ,NL
anjeɡen,anjeɡen,anjeɡ,anjeɡ,NL
anjeɡen,anjeɡen,anjeɡ,anjeɡ,NL
anjeɡen,anjeɡen,anjeɡ,anjeɡ,NL
anjeɡen,anjeɡen,anjeɡ,anjeɡ,NL
anjeɡen,anjeɡen,anjeɡ,anjeɡ,NL
anjeɡen,anjeɡen,anjeɡ,anjeɡ,NL
anjeɡen,anjeɡen,anjeɡ,anjeɡ,NL
anjeɡen,anjeɡen,anjeɡ,anjeɡ,NL
anjeɡen,anjeɡen,anjeɡ,anjeɡ,NL
anjeɡen,anjeɡen,anjeɡ,anjeɡ,NL
anjeɡen,anjeɡen,anjeɡ,anjeɡ,NL
anjeɡen,anjeɡen,anjeɡ,anjeɡ,NL
anjeɡen,anjeɡen,anjeɡ,anjeɡ,NL
anjeɡen,anjeɡen,anjeɡ,anjeɡ,NL
anjeɡen,anjeɡen,anjeɡ,anjeɡ,NL
anjeɡen,anjeɡen,anjeɡ,anjeɡ,NL
anjeɡen,anjeɡen,anjeɡ,anjeɡ,NL
anjeɡen,anjeɡen,anjeɡ,anjeɡ,NL
anjeɡen,anjeɡen,anjeɡ,anjeɡ,NL
anjeɡen,anjeɡen,anjeɡ,anjeɡ,NL
anjeɡes,aneɡes,aneɡ,anjeɡ,NL
anjeɡes,aneɡes,aneɡ,anjeɡ,NL
anjeɡes,aneɡes,aneɡ,anjeɡ,NL
anjeɡes,aneɡes,aneɡ,anjeɡ,NL
anjeɡes,aneɡes,aneɡ,anjeɡ,NL
anjeɡes,aneɡes,aneɡ,anjeɡ,NL
anjeɡes,aneɡes,aneɡ,anjeɡ,NL
anjeɡes,aneɡes,aneɡ,anjeɡ,NL
anjeɡes,aneɡes,aneɡ,anjeɡ,NL
anjeɡes,aneɡes,aneɡ,anjeɡ,NL
anjeɡes,aneɡes,aneɡ,anjeɡ,NL
anjeɡes,aneɡes,aneɡ,anjeɡ,NL
anjeɡes,aneɡes,aneɡ,anjeɡ,NL
anjeɡes,aneɡes,aneɡ,anjeɡ,NL
anjeɡes,aneɡes,aneɡ,anjeɡ,NL
anjeɡes,aneɡes,aneɡ,anjeɡ,NL
anjeɡes,aneɡes,aneɡ,anjeɡ,NL
anjeɡes,aneɡes,aneɡ,anjeɡ,NL
anjeɡes,aneɡes,aneɡ,anjeɡ,NL
anjeɡes,aneɡes,aneɡ,anjeɡ,NL
anjeɡes,aneɡes,aneɡ,anjeɡ,NL
anjeɡes,aneɡes,aneɡ,anjeɡ,NL
anjeɡes,aneɡes,aneɡ,anjeɡ,NL
anjeɡes,aneɡes,aneɡ,anjeɡ,NL
anjeɡes,aneɡes,aneɡ,anjeɡ,NL
anjeɡes,aneɡes,aneɡ,anjeɡ,NL
anjeɡes,aneɡes,aneɡ,anjeɡ,NL
anjeɡes,aneɡes,aneɡ,anjeɡ,NL
anjeɡes,aneɡes,aneɡ,anjeɡ,NL
anjeɡes,aneɡes,aneɡ,anjeɡ,NL
anjeɡes,aneɡes,aneɡ,anjeɡ,NL
anjeɡes,aneɡes,aneɡ,anjeɡ,NL
anjeɡes,aneɡes,aneɡ,anjeɡ,NL
anjeɡes,aneɡes,aneɡ,anjeɡ,NL
anjeɡes,anjeɡes,anjeɡ,anjeɡ,NL
anjeɡes,anjeɡes,anjeɡ,anjeɡ,NL
anjeɡes,anjeɡes,anjeɡ,anjeɡ,NL
anjeɡes,anjeɡes,anjeɡ,anjeɡ,NL
anjeɡes,anjeɡes,anjeɡ,anjeɡ,NL
anjeɡes,anjeɡes,anjeɡ,anjeɡ,NL
anjeɡes,anjeɡes,anjeɡ,anjeɡ,NL
anjeɡes,anjeɡes,anjeɡ,anjeɡ,NL
anjeɡes,anjeɡes,anjeɡ,anjeɡ,NL
anjeɡes,anjeɡes,anjeɡ,anjeɡ,NL
anjeɡes,anjeɡes,anjeɡ,anjeɡ,NL
anjeɡes,anjeɡes,anjeɡ,anjeɡ,NL
anjeɡes,anjeɡes,anjeɡ,anjeɡ,NL
anjeɡes,anjeɡes,anjeɡ,anjeɡ,NL
anjeɡes,anjeɡes,anjeɡ,anjeɡ,NL
anjeɡes,anjeɡes,anjeɡ,anjeɡ,NL
anjeɡes,anjeɡes,anjeɡ,anjeɡ,NL
anjeɡes,anjeɡes,anjeɡ,anjeɡ,NL
anjeɡes,anjeɡes,anjeɡ,anjeɡ,NL
anjeɡes,anjeɡes,anjeɡ,anjeɡ,NL
anjeɡes,anjeɡes,anjeɡ,anjeɡ,NL
anjeɡe,aneɡe,aneɡ,anjeɡ,NL
anjeɡe,aneɡe,aneɡ,anjeɡ,NL
anjeɡe,aneɡe,aneɡ,anjeɡ,NL
anjeɡe,aneɡe,aneɡ,anjeɡ,NL
anjeɡe,aneɡe,aneɡ,anjeɡ,NL
anjeɡe,aneɡe,aneɡ,anjeɡ,NL
anjeɡe,aneɡe,aneɡ,anjeɡ,NL
anjeɡe,aneɡe,aneɡ,anjeɡ,NL
anjeɡe,aneɡe,aneɡ,anjeɡ,NL
anjeɡe,aneɡe,aneɡ,anjeɡ,NL
anjeɡe,aneɡe,aneɡ,anjeɡ,NL
anjeɡe,aneɡe,aneɡ,anjeɡ,NL
anjeɡe,aneɡe,aneɡ,anjeɡ,NL
anjeɡe,aneɡe,aneɡ,anjeɡ,NL
anjeɡe,aneɡe,aneɡ,anjeɡ,NL
anjeɡe,aneɡe,aneɡ,anjeɡ,NL
anjeɡe,aneɡe,aneɡ,anjeɡ,NL
anjeɡe,aneɡe,aneɡ,anjeɡ,NL
anjeɡe,aneɡe,aneɡ,anjeɡ,NL
anjeɡe,aneɡe,aneɡ,anjeɡ,NL
anjeɡe,aneɡe,aneɡ,anjeɡ,NL
anjeɡe,aneɡe,aneɡ,anjeɡ,NL
anjeɡe,aneɡe,aneɡ,anjeɡ,NL
anjeɡe,aneɡe,aneɡ,anjeɡ,NL
anjeɡe,aneɡe,aneɡ,anjeɡ,NL
anjeɡe,aneɡe,aneɡ,anjeɡ,NL
anjeɡe,aneɡe,aneɡ,anjeɡ,NL
anjeɡe,aneɡe,aneɡ,anjeɡ,NL
anjeɡe,aneɡe,aneɡ,anjeɡ,NL
anjeɡe,aneɡe,aneɡ,anjeɡ,NL
anjeɡe,aneɡe,aneɡ,anjeɡ,NL
anjeɡe,aneɡe,aneɡ,anjeɡ,NL
anjeɡe,aneɡe,aneɡ,anjeɡ,NL
anjeɡe,aneɡe,aneɡ,anjeɡ,NL
anjeɡe,anjeɡe,anjeɡ,anjeɡ,NL
anjeɡe,anjeɡe,anjeɡ,anjeɡ,NL
anjeɡe,anjeɡe,anjeɡ,anjeɡ,NL
anjeɡe,anjeɡe,anjeɡ,anjeɡ,NL
anjeɡe,anjeɡe,anjeɡ,anjeɡ,NL
anjeɡe,anjeɡe,anjeɡ,anjeɡ,NL
anjeɡe,anjeɡe,anjeɡ,anjeɡ,NL
anjeɡe,anjeɡe,anjeɡ,anjeɡ,NL
anjeɡe,anjeɡe,anjeɡ,anjeɡ,NL
anjeɡe,anjeɡe,anjeɡ,anjeɡ,NL
anjeɡe,anjeɡe,anjeɡ,anjeɡ,NL
anjeɡe,anjeɡe,anjeɡ,anjeɡ,NL
anjeɡe,anjeɡe,anjeɡ,anjeɡ,NL
anjeɡe,anjeɡe,anjeɡ,anjeɡ,NL
anjeɡe,anjeɡe,anjeɡ,anjeɡ,NL
anjeɡe,anjeɡe,anjeɡ,anjeɡ,NL
anjeɡe,anjeɡe,anjeɡ,anjeɡ,NL
anjeɡe,anjeɡe,anjeɡ,anjeɡ,NL
anjeɡe,anjeɡe,anjeɡ,anjeɡ,NL
anjeɡe,anjeɡe,anjeɡ,anjeɡ,NL
anjeɡe,anjeɡe,anjeɡ,anjeɡ,NL
anjeɡe,aneɡe,aneɡ,anjeɡ,NL
anjeɡe,aneɡe,aneɡ,anjeɡ,NL
anjeɡe,aneɡe,aneɡ,anjeɡ,NL
anjeɡe,aneɡe,aneɡ,anjeɡ,NL
anjeɡe,aneɡe,aneɡ,anjeɡ,NL
anjeɡe,aneɡe,aneɡ,anjeɡ,NL
anjeɡe,aneɡe,aneɡ,anjeɡ,NL
anjeɡe,aneɡe,aneɡ,anjeɡ,NL
anjeɡe,aneɡe,aneɡ,anjeɡ,NL
anjeɡe,aneɡe,aneɡ,anjeɡ,NL
anjeɡe,aneɡe,aneɡ,anjeɡ,NL
anjeɡe,aneɡe,aneɡ,anjeɡ,NL
anjeɡe,aneɡe,aneɡ,anjeɡ,NL
anjeɡe,aneɡe,aneɡ,anjeɡ,NL
anjeɡe,aneɡe,aneɡ,anjeɡ,NL
anjeɡe,aneɡe,aneɡ,anjeɡ,NL
anjeɡe,aneɡe,aneɡ,anjeɡ,NL
anjeɡe,aneɡe,aneɡ,anjeɡ,NL
anjeɡe,aneɡe,aneɡ,anjeɡ,NL
anjeɡe,aneɡe,aneɡ,anjeɡ,NL
anjeɡe,aneɡe,aneɡ,anjeɡ,NL
anjeɡe,aneɡe,aneɡ,anjeɡ,NL
anjeɡe,aneɡe,aneɡ,anjeɡ,NL
anjeɡe,aneɡe,aneɡ,anjeɡ,NL
anjeɡe,aneɡe,aneɡ,anjeɡ,NL
anjeɡe,aneɡe,aneɡ,anjeɡ,NL
anjeɡe,aneɡe,aneɡ,anjeɡ,NL
anjeɡe,aneɡe,aneɡ,anjeɡ,NL
anjeɡe,aneɡe,aneɡ,anjeɡ,NL
anjeɡe,aneɡe,aneɡ,anjeɡ,NL
anjeɡe,aneɡe,aneɡ,anjeɡ,NL
anjeɡe,aneɡe,aneɡ,anjeɡ,NL
anjeɡe,aneɡe,aneɡ,anjeɡ,NL
anjeɡe,aneɡe,aneɡ,anjeɡ,NL
anjeɡe,anjeɡe,anjeɡ,anjeɡ,NL
anjeɡe,anjeɡe,anjeɡ,anjeɡ,NL
anjeɡe,anjeɡe,anjeɡ,anjeɡ,NL
anjeɡe,anjeɡe,anjeɡ,anjeɡ,NL
anjeɡe,anjeɡe,anjeɡ,anjeɡ,NL
anjeɡe,anjeɡe,anjeɡ,anjeɡ,NL
anjeɡe,anjeɡe,anjeɡ,anjeɡ,NL
anjeɡe,anjeɡe,anjeɡ,anjeɡ,NL
anjeɡe,anjeɡe,anjeɡ,anjeɡ,NL
anjeɡe,anjeɡe,anjeɡ,anjeɡ,NL
anjeɡe,anjeɡe,anjeɡ,anjeɡ,NL
anjeɡe,anjeɡe,anjeɡ,anjeɡ,NL
anjeɡe,anjeɡe,anjeɡ,anjeɡ,NL
anjeɡe,anjeɡe,anjeɡ,anjeɡ,NL
anjeɡe,anjeɡe,anjeɡ,anjeɡ,NL
anjeɡe,anjeɡe,anjeɡ,anjeɡ,NL
anjeɡe,anjeɡe,anjeɡ,anjeɡ,NL
anjeɡe,anjeɡe,anjeɡ,anjeɡ,NL
anjeɡe,anjeɡe,anjeɡ,anjeɡ,NL
anjeɡe,anjeɡe,anjeɡ,anjeɡ,NL
anjeɡe,anjeɡe,anjeɡ,anjeɡ,NL
ɾemaɾkajs,ɾemaɾkajs,ɾemaɾk,ɾemaɾk,NL
ɾemaɾkajs,ɾemaɾkajs,ɾemaɾk,ɾemaɾk,NL
ɾemaɾkajs,ɾemaɾkajs,ɾemaɾk,ɾemaɾk,NL
ɾemaɾkajs,ɾemaɾkajs,ɾemaɾk,ɾemaɾk,NL
ɾemaɾkajs,ɾemaɾkajs,ɾemaɾk,ɾemaɾk,NL
ɾemaɾkajs,ɾemaɾkajs,ɾemaɾk,ɾemaɾk,NL
ɾemaɾkajs,ɾemaɾkajs,ɾemaɾk,ɾemaɾk,NL
ɾemaɾkajs,ɾemaɾkajs,ɾemaɾk,ɾemaɾk,NL
ɾemaɾkajs,ɾemaɾkajs,ɾemaɾk,ɾemaɾk,NL
ɾemaɾkajs,ɾemaɾkajs,ɾemaɾk,ɾemaɾk,NL
ɾemaɾkajs,ɾemaɾkajs,ɾemaɾk,ɾemaɾk,NL
ɾemaɾkajs,ɾemaɾkajs,ɾemaɾk,ɾemaɾk,NL
ɾemaɾkajs,ɾemaɾkajs,ɾemaɾk,ɾemaɾk,NL
ɾemaɾkajs,ɾemaɾkajs,ɾemaɾk,ɾemaɾk,NL
ɾemaɾkajs,ɾemaɾkajs,ɾemaɾk,ɾemaɾk,NL
ɾemaɾkajs,ɾemaɾkajs,ɾemaɾk,ɾemaɾk,NL
ɾemaɾkajs,ɾemaɾkajs,ɾemaɾk,ɾemaɾk,NL
ɾemaɾkajs,ɾemaɾkajs,ɾemaɾk,ɾemaɾk,NL
ɾemaɾkajs,ɾemaɾkajs,ɾemaɾk,ɾemaɾk,NL
ɾemaɾkajs,ɾemaɾkajs,ɾemaɾk,ɾemaɾk,NL
ɾemaɾkajs,ɾemaɾkajs,ɾemaɾk,ɾemaɾk,NL
ɾemaɾkajs,ɾemaɾkajs,ɾemaɾk,ɾemaɾk,NL
ɾemaɾkajs,ɾemaɾkajs,ɾemaɾk,ɾemaɾk,NL
ɾemaɾkajs,ɾemaɾkajs,ɾemaɾk,ɾemaɾk,NL
ɾemaɾkajs,ɾemaɾkajs,ɾemaɾk,ɾemaɾk,NL
ɾemaɾkajs,ɾemaɾkajs,ɾemaɾk,ɾemaɾk,NL
ɾemaɾkajs,ɾemaɾkajs,ɾemaɾk,ɾemaɾk,NL
ɾemaɾkajs,ɾemaɾkajs,ɾemaɾk,ɾemaɾk,NL
ɾemaɾkajs,ɾemaɾkajs,ɾemaɾk,ɾemaɾk,NL
ɾemaɾkajs,ɾemaɾkajs,ɾemaɾk,ɾemaɾk,NL
ɾemaɾkajs,ɾemaɾkajs,ɾemaɾk,ɾemaɾk,NL
ɾemaɾkajs,ɾemaɾkajs,ɾemaɾk,ɾemaɾk,NL
ɾemaɾkajs,ɾemaɾkajs,ɾemaɾk,ɾemaɾk,NL
ɾemaɾkajs,ɾemaɾkajs,ɾemaɾk,ɾemaɾk,NL
ɾemaɾkajs,ɾemaɾkajs,ɾemaɾk,ɾemaɾk,NL
ɾemaɾkajs,ɾemaɾkajs,ɾemaɾk,ɾemaɾk,NL
ɾemaɾkajs,ɾemaɾkajs,ɾemaɾk,ɾemaɾk,NL
ɾemaɾkajs,ɾemaɾkajs,ɾemaɾk,ɾemaɾk,NL
ɾemaɾkajs,ɾemaɾkajs,ɾemaɾk,ɾemaɾk,NL
ɾemaɾkajs,ɾemaɾkajs,ɾemaɾk,ɾemaɾk,NL
ɾemaɾkajs,ɾemaɾkajs,ɾemaɾk,ɾemaɾk,NL
ɾemaɾkajs,ɾemaɾkajs,ɾemaɾk,ɾemaɾk,NL
ɾemaɾkajs,ɾemaɾkajs,ɾemaɾk,ɾemaɾk,NL
ɾemaɾkajs,ɾemaɾkajs,ɾemaɾk,ɾemaɾk,NL
ɾemaɾkajs,ɾemaɾkajs,ɾemaɾk,ɾemaɾk,NL
ɾemaɾkajs,ɾemaɾkajs,ɾemaɾk,ɾemaɾk,NL
ɾemaɾkajs,ɾemaɾkajs,ɾemaɾk,ɾemaɾk,NL
ɾemaɾkajs,ɾemaɾkajs,ɾemaɾk,ɾemaɾk,NL
ɾemaɾkajs,ɾemaɾkajs,ɾemaɾk,ɾemaɾk,NL
ɾemaɾkajs,ɾemaɾkajs,ɾemaɾk,ɾemaɾk,NL
ɾemaɾkajs,ɾemaɾkajs,ɾemaɾk,ɾemaɾk,NL
ɾemaɾkajs,ɾemaɾkajs,ɾemaɾk,ɾemaɾk,NL
ɾemaɾkajs,ɾemaɾkajs,ɾemaɾk,ɾemaɾk,NL
ɾemaɾkajs,ɾemaɾkajs,ɾemaɾk,ɾemaɾk,NL
ɾemaɾkajs,ɾemaɾkajs,ɾemaɾk,ɾemaɾk,NL
ɾemaɾkamos,ɾemaɾkamos,ɾemaɾk,ɾemaɾk,NL
ɾemaɾkamos,ɾemaɾkamos,ɾemaɾk,ɾemaɾk,NL
ɾemaɾkamos,ɾemaɾkamos,ɾemaɾk,ɾemaɾk,NL
ɾemaɾkamos,ɾemaɾkamos,ɾemaɾk,ɾemaɾk,NL
ɾemaɾkamos,ɾemaɾkamos,ɾemaɾk,ɾemaɾk,NL
ɾemaɾkamos,ɾemaɾkamos,ɾemaɾk,ɾemaɾk,NL
ɾemaɾkamos,ɾemaɾkamos,ɾemaɾk,ɾemaɾk,NL
ɾemaɾkamos,ɾemaɾkamos,ɾemaɾk,ɾemaɾk,NL
ɾemaɾkamos,ɾemaɾkamos,ɾemaɾk,ɾemaɾk,NL
ɾemaɾkamos,ɾemaɾkamos,ɾemaɾk,ɾemaɾk,NL
ɾemaɾkamos,ɾemaɾkamos,ɾemaɾk,ɾemaɾk,NL
ɾemaɾkamos,ɾemaɾkamos,ɾemaɾk,ɾemaɾk,NL
ɾemaɾkamos,ɾemaɾkamos,ɾemaɾk,ɾemaɾk,NL
ɾemaɾkamos,ɾemaɾkamos,ɾemaɾk,ɾemaɾk,NL
ɾemaɾkamos,ɾemaɾkamos,ɾemaɾk,ɾemaɾk,NL
ɾemaɾkamos,ɾemaɾkamos,ɾemaɾk,ɾemaɾk,NL
ɾemaɾkamos,ɾemaɾkamos,ɾemaɾk,ɾemaɾk,NL
ɾemaɾkamos,ɾemaɾkamos,ɾemaɾk,ɾemaɾk,NL
ɾemaɾkamos,ɾemaɾkamos,ɾemaɾk,ɾemaɾk,NL
ɾemaɾkamos,ɾemaɾkamos,ɾemaɾk,ɾemaɾk,NL
ɾemaɾkamos,ɾemaɾkamos,ɾemaɾk,ɾemaɾk,NL
ɾemaɾkamos,ɾemaɾkamos,ɾemaɾk,ɾemaɾk,NL
ɾemaɾkamos,ɾemaɾkamos,ɾemaɾk,ɾemaɾk,NL
ɾemaɾkamos,ɾemaɾkamos,ɾemaɾk,ɾemaɾk,NL
ɾemaɾkamos,ɾemaɾkamos,ɾemaɾk,ɾemaɾk,NL
ɾemaɾkamos,ɾemaɾkamos,ɾemaɾk,ɾemaɾk,NL
ɾemaɾkamos,ɾemaɾkamos,ɾemaɾk,ɾemaɾk,NL
ɾemaɾkamos,ɾemaɾkamos,ɾemaɾk,ɾemaɾk,NL
ɾemaɾkamos,ɾemaɾkamos,ɾemaɾk,ɾemaɾk,NL
ɾemaɾkamos,ɾemaɾkamos,ɾemaɾk,ɾemaɾk,NL
ɾemaɾkamos,ɾemaɾkamos,ɾemaɾk,ɾemaɾk,NL
ɾemaɾkamos,ɾemaɾkamos,ɾemaɾk,ɾemaɾk,NL
ɾemaɾkamos,ɾemaɾkamos,ɾemaɾk,ɾemaɾk,NL
ɾemaɾkamos,ɾemaɾkamos,ɾemaɾk,ɾemaɾk,NL
ɾemaɾkamos,ɾemaɾkamos,ɾemaɾk,ɾemaɾk,NL
ɾemaɾkamos,ɾemaɾkamos,ɾemaɾk,ɾemaɾk,NL
ɾemaɾkamos,ɾemaɾkamos,ɾemaɾk,ɾemaɾk,NL
ɾemaɾkamos,ɾemaɾkamos,ɾemaɾk,ɾemaɾk,NL
ɾemaɾkamos,ɾemaɾkamos,ɾemaɾk,ɾemaɾk,NL
ɾemaɾkamos,ɾemaɾkamos,ɾemaɾk,ɾemaɾk,NL
ɾemaɾkamos,ɾemaɾkamos,ɾemaɾk,ɾemaɾk,NL
ɾemaɾkamos,ɾemaɾkamos,ɾemaɾk,ɾemaɾk,NL
ɾemaɾkamos,ɾemaɾkamos,ɾemaɾk,ɾemaɾk,NL
ɾemaɾkamos,ɾemaɾkamos,ɾemaɾk,ɾemaɾk,NL
ɾemaɾkamos,ɾemaɾkamos,ɾemaɾk,ɾemaɾk,NL
ɾemaɾkamos,ɾemaɾkamos,ɾemaɾk,ɾemaɾk,NL
ɾemaɾkamos,ɾemaɾkamos,ɾemaɾk,ɾemaɾk,NL
ɾemaɾkamos,ɾemaɾkamos,ɾemaɾk,ɾemaɾk,NL
ɾemaɾkamos,ɾemaɾkamos,ɾemaɾk,ɾemaɾk,NL
ɾemaɾkamos,ɾemaɾkamos,ɾemaɾk,ɾemaɾk,NL
ɾemaɾkamos,ɾemaɾkamos,ɾemaɾk,ɾemaɾk,NL
ɾemaɾkamos,ɾemaɾkamos,ɾemaɾk,ɾemaɾk,NL
ɾemaɾkamos,ɾemaɾkamos,ɾemaɾk,ɾemaɾk,NL
ɾemaɾkamos,ɾemaɾkamos,ɾemaɾk,ɾemaɾk,NL
ɾemaɾkamos,ɾemaɾkamos,ɾemaɾk,ɾemaɾk,NL
ɾemaɾkan,ɾemaɾkan,ɾemaɾk,ɾemaɾk,NL
ɾemaɾkan,ɾemaɾkan,ɾemaɾk,ɾemaɾk,NL
ɾemaɾkan,ɾemaɾkan,ɾemaɾk,ɾemaɾk,NL
ɾemaɾkan,ɾemaɾkan,ɾemaɾk,ɾemaɾk,NL
ɾemaɾkan,ɾemaɾkan,ɾemaɾk,ɾemaɾk,NL
ɾemaɾkan,ɾemaɾkan,ɾemaɾk,ɾemaɾk,NL
ɾemaɾkan,ɾemaɾkan,ɾemaɾk,ɾemaɾk,NL
ɾemaɾkan,ɾemaɾkan,ɾemaɾk,ɾemaɾk,NL
ɾemaɾkan,ɾemaɾkan,ɾemaɾk,ɾemaɾk,NL
ɾemaɾkan,ɾemaɾkan,ɾemaɾk,ɾemaɾk,NL
ɾemaɾkan,ɾemaɾkan,ɾemaɾk,ɾemaɾk,NL
ɾemaɾkan,ɾemaɾkan,ɾemaɾk,ɾemaɾk,NL
ɾemaɾkan,ɾemaɾkan,ɾemaɾk,ɾemaɾk,NL
ɾemaɾkan,ɾemaɾkan,ɾemaɾk,ɾemaɾk,NL
ɾemaɾkan,ɾemaɾkan,ɾemaɾk,ɾemaɾk,NL
ɾemaɾkan,ɾemaɾkan,ɾemaɾk,ɾemaɾk,NL
ɾemaɾkan,ɾemaɾkan,ɾemaɾk,ɾemaɾk,NL
ɾemaɾkan,ɾemaɾkan,ɾemaɾk,ɾemaɾk,NL
ɾemaɾkan,ɾemaɾkan,ɾemaɾk,ɾemaɾk,NL
ɾemaɾkan,ɾemaɾkan,ɾemaɾk,ɾemaɾk,NL
ɾemaɾkan,ɾemaɾkan,ɾemaɾk,ɾemaɾk,NL
ɾemaɾkan,ɾemaɾkan,ɾemaɾk,ɾemaɾk,NL
ɾemaɾkan,ɾemaɾkan,ɾemaɾk,ɾemaɾk,NL
ɾemaɾkan,ɾemaɾkan,ɾemaɾk,ɾemaɾk,NL
ɾemaɾkan,ɾemaɾkan,ɾemaɾk,ɾemaɾk,NL
ɾemaɾkan,ɾemaɾkan,ɾemaɾk,ɾemaɾk,NL
ɾemaɾkan,ɾemaɾkan,ɾemaɾk,ɾemaɾk,NL
ɾemaɾkan,ɾemaɾkan,ɾemaɾk,ɾemaɾk,NL
ɾemaɾkan,ɾemaɾkan,ɾemaɾk,ɾemaɾk,NL
ɾemaɾkan,ɾemaɾkan,ɾemaɾk,ɾemaɾk,NL
ɾemaɾkan,ɾemaɾkan,ɾemaɾk,ɾemaɾk,NL
ɾemaɾkan,ɾemaɾkan,ɾemaɾk,ɾemaɾk,NL
ɾemaɾkan,ɾemaɾkan,ɾemaɾk,ɾemaɾk,NL
ɾemaɾkan,ɾemaɾkan,ɾemaɾk,ɾemaɾk,NL
ɾemaɾkan,ɾemaɾkan,ɾemaɾk,ɾemaɾk,NL
ɾemaɾkan,ɾemaɾkan,ɾemaɾk,ɾemaɾk,NL
ɾemaɾkan,ɾemaɾkan,ɾemaɾk,ɾemaɾk,NL
ɾemaɾkan,ɾemaɾan,ɾemaɾ,ɾemaɾk,NL
ɾemaɾkan,ɾemaɾan,ɾemaɾ,ɾemaɾk,NL
ɾemaɾkan,ɾemaɾan,ɾemaɾ,ɾemaɾk,NL
ɾemaɾkan,ɾemaɾkan,ɾemaɾk,ɾemaɾk,NL
ɾemaɾkan,ɾemaɾkan,ɾemaɾk,ɾemaɾk,NL
ɾemaɾkan,ɾemaɾkan,ɾemaɾk,ɾemaɾk,NL
ɾemaɾkan,ɾemaɾkan,ɾemaɾk,ɾemaɾk,NL
ɾemaɾkan,ɾemaɾkan,ɾemaɾk,ɾemaɾk,NL
ɾemaɾkan,ɾemaɾkan,ɾemaɾk,ɾemaɾk,NL
ɾemaɾkan,ɾemaɾkan,ɾemaɾk,ɾemaɾk,NL
ɾemaɾkan,ɾemaɾkan,ɾemaɾk,ɾemaɾk,NL
ɾemaɾkan,ɾemaɾkan,ɾemaɾk,ɾemaɾk,NL
ɾemaɾkan,ɾemaɾkan,ɾemaɾk,ɾemaɾk,NL
ɾemaɾkan,ɾemaɾkan,ɾemaɾk,ɾemaɾk,NL
ɾemaɾkan,ɾemaɾkan,ɾemaɾk,ɾemaɾk,NL
ɾemaɾkan,ɾemaɾkan,ɾemaɾk,ɾemaɾk,NL
ɾemaɾkan,ɾemaɾkan,ɾemaɾk,ɾemaɾk,NL
ɾemaɾkan,ɾemaɾkan,ɾemaɾk,ɾemaɾk,NL
ɾemaɾkas,ɾemaɾkas,ɾemaɾk,ɾemaɾk,NL
ɾemaɾkas,ɾemaɾkas,ɾemaɾk,ɾemaɾk,NL
ɾemaɾkas,ɾemaɾkas,ɾemaɾk,ɾemaɾk,NL
ɾemaɾkas,ɾemaɾkas,ɾemaɾk,ɾemaɾk,NL
ɾemaɾkas,ɾemaɾkas,ɾemaɾk,ɾemaɾk,NL
ɾemaɾkas,ɾemaɾkas,ɾemaɾk,ɾemaɾk,NL
ɾemaɾkas,ɾemaɾkas,ɾemaɾk,ɾemaɾk,NL
ɾemaɾkas,ɾemaɾkas,ɾemaɾk,ɾemaɾk,NL
ɾemaɾkas,ɾemaɾkas,ɾemaɾk,ɾemaɾk,NL
ɾemaɾkas,ɾemaɾkas,ɾemaɾk,ɾemaɾk,NL
ɾemaɾkas,ɾemaɾkas,ɾemaɾk,ɾemaɾk,NL
ɾemaɾkas,ɾemaɾkas,ɾemaɾk,ɾemaɾk,NL
ɾemaɾkas,ɾemaɾkas,ɾemaɾk,ɾemaɾk,NL
ɾemaɾkas,ɾemaɾkas,ɾemaɾk,ɾemaɾk,NL
ɾemaɾkas,ɾemaɾkas,ɾemaɾk,ɾemaɾk,NL
ɾemaɾkas,ɾemaɾkas,ɾemaɾk,ɾemaɾk,NL
ɾemaɾkas,ɾemaɾkas,ɾemaɾk,ɾemaɾk,NL
ɾemaɾkas,ɾemaɾkas,ɾemaɾk,ɾemaɾk,NL
ɾemaɾkas,ɾemaɾkas,ɾemaɾk,ɾemaɾk,NL
ɾemaɾkas,ɾemaɾkas,ɾemaɾk,ɾemaɾk,NL
ɾemaɾkas,ɾemaɾkas,ɾemaɾk,ɾemaɾk,NL
ɾemaɾkas,ɾemaɾkas,ɾemaɾk,ɾemaɾk,NL
ɾemaɾkas,ɾemaɾkas,ɾemaɾk,ɾemaɾk,NL
ɾemaɾkas,ɾemaɾkas,ɾemaɾk,ɾemaɾk,NL
ɾemaɾkas,ɾemaɾkas,ɾemaɾk,ɾemaɾk,NL
ɾemaɾkas,ɾemaɾkas,ɾemaɾk,ɾemaɾk,NL
ɾemaɾkas,ɾemaɾkas,ɾemaɾk,ɾemaɾk,NL
ɾemaɾkas,ɾemaɾkas,ɾemaɾk,ɾemaɾk,NL
ɾemaɾkas,ɾemaɾkas,ɾemaɾk,ɾemaɾk,NL
ɾemaɾkas,ɾemaɾkas,ɾemaɾk,ɾemaɾk,NL
ɾemaɾkas,ɾemaɾkas,ɾemaɾk,ɾemaɾk,NL
ɾemaɾkas,ɾemaɾkas,ɾemaɾk,ɾemaɾk,NL
ɾemaɾkas,ɾemaɾkas,ɾemaɾk,ɾemaɾk,NL
ɾemaɾkas,ɾemaɾkas,ɾemaɾk,ɾemaɾk,NL
ɾemaɾkas,ɾemaɾkas,ɾemaɾk,ɾemaɾk,NL
ɾemaɾkas,ɾemaɾkas,ɾemaɾk,ɾemaɾk,NL
ɾemaɾkas,ɾemaɾkas,ɾemaɾk,ɾemaɾk,NL
ɾemaɾkas,ɾemaɾkas,ɾemaɾk,ɾemaɾk,NL
ɾemaɾkas,ɾemaɾas,ɾemaɾ,ɾemaɾk,NL
ɾemaɾkas,ɾemaɾas,ɾemaɾ,ɾemaɾk,NL
ɾemaɾkas,ɾemaɾkas,ɾemaɾk,ɾemaɾk,NL
ɾemaɾkas,ɾemaɾkas,ɾemaɾk,ɾemaɾk,NL
ɾemaɾkas,ɾemaɾkas,ɾemaɾk,ɾemaɾk,NL
ɾemaɾkas,ɾemaɾkas,ɾemaɾk,ɾemaɾk,NL
ɾemaɾkas,ɾemaɾkas,ɾemaɾk,ɾemaɾk,NL
ɾemaɾkas,ɾemaɾkas,ɾemaɾk,ɾemaɾk,NL
ɾemaɾkas,ɾemaɾkas,ɾemaɾk,ɾemaɾk,NL
ɾemaɾkas,ɾemaɾkas,ɾemaɾk,ɾemaɾk,NL
ɾemaɾkas,ɾemaɾkas,ɾemaɾk,ɾemaɾk,NL
ɾemaɾkas,ɾemaɾkas,ɾemaɾk,ɾemaɾk,NL
ɾemaɾkas,ɾemaɾkas,ɾemaɾk,ɾemaɾk,NL
ɾemaɾkas,ɾemaɾkas,ɾemaɾk,ɾemaɾk,NL
ɾemaɾkas,ɾemaɾkas,ɾemaɾk,ɾemaɾk,NL
ɾemaɾkas,ɾemaɾkas,ɾemaɾk,ɾemaɾk,NL
ɾemaɾkas,ɾemaɾkas,ɾemaɾk,ɾemaɾk,NL
ɾemaɾka,ɾemaɾka,ɾemaɾk,ɾemaɾk,NL
ɾemaɾka,ɾemaɾka,ɾemaɾk,ɾemaɾk,NL
ɾemaɾka,ɾemaɾka,ɾemaɾk,ɾemaɾk,NL
ɾemaɾka,ɾemaɾka,ɾemaɾk,ɾemaɾk,NL
ɾemaɾka,ɾemaɾka,ɾemaɾk,ɾemaɾk,NL
ɾemaɾka,ɾemaɾka,ɾemaɾk,ɾemaɾk,NL
ɾemaɾka,ɾemaɾka,ɾemaɾk,ɾemaɾk,NL
ɾemaɾka,ɾemaɾka,ɾemaɾk,ɾemaɾk,NL
ɾemaɾka,ɾemaɾka,ɾemaɾk,ɾemaɾk,NL
ɾemaɾka,ɾemaɾka,ɾemaɾk,ɾemaɾk,NL
ɾemaɾka,ɾemaɾka,ɾemaɾk,ɾemaɾk,NL
ɾemaɾka,ɾemaɾka,ɾemaɾk,ɾemaɾk,NL
ɾemaɾka,ɾemaɾka,ɾemaɾk,ɾemaɾk,NL
ɾemaɾka,ɾemaɾka,ɾemaɾk,ɾemaɾk,NL
ɾemaɾka,ɾemaɾka,ɾemaɾk,ɾemaɾk,NL
ɾemaɾka,ɾemaɾka,ɾemaɾk,ɾemaɾk,NL
ɾemaɾka,ɾemaɾka,ɾemaɾk,ɾemaɾk,NL
ɾemaɾka,ɾemaɾka,ɾemaɾk,ɾemaɾk,NL
ɾemaɾka,ɾemaɾka,ɾemaɾk,ɾemaɾk,NL
ɾemaɾka,ɾemaɾka,ɾemaɾk,ɾemaɾk,NL
ɾemaɾka,ɾemaɾka,ɾemaɾk,ɾemaɾk,NL
ɾemaɾka,ɾemaɾka,ɾemaɾk,ɾemaɾk,NL
ɾemaɾka,ɾemaɾka,ɾemaɾk,ɾemaɾk,NL
ɾemaɾka,ɾemaɾka,ɾemaɾk,ɾemaɾk,NL
ɾemaɾka,ɾemaɾka,ɾemaɾk,ɾemaɾk,NL
ɾemaɾka,ɾemaɾka,ɾemaɾk,ɾemaɾk,NL
ɾemaɾka,ɾemaɾka,ɾemaɾk,ɾemaɾk,NL
ɾemaɾka,ɾemaɾka,ɾemaɾk,ɾemaɾk,NL
ɾemaɾka,ɾemaɾka,ɾemaɾk,ɾemaɾk,NL
ɾemaɾka,ɾemaɾka,ɾemaɾk,ɾemaɾk,NL
ɾemaɾka,ɾemaɾka,ɾemaɾk,ɾemaɾk,NL
ɾemaɾka,ɾemaɾka,ɾemaɾk,ɾemaɾk,NL
ɾemaɾka,ɾemaɾka,ɾemaɾk,ɾemaɾk,NL
ɾemaɾka,ɾemaɾka,ɾemaɾk,ɾemaɾk,NL
ɾemaɾka,ɾemaɾka,ɾemaɾk,ɾemaɾk,NL
ɾemaɾka,ɾemaɾka,ɾemaɾk,ɾemaɾk,NL
ɾemaɾka,ɾemaɾka,ɾemaɾk,ɾemaɾk,NL
ɾemaɾka,ɾemaɾa,ɾemaɾ,ɾemaɾk,NL
ɾemaɾka,ɾemaɾa,ɾemaɾ,ɾemaɾk,NL
ɾemaɾka,ɾemaɾa,ɾemaɾ,ɾemaɾk,NL
ɾemaɾka,ɾemaɾka,ɾemaɾk,ɾemaɾk,NL
ɾemaɾka,ɾemaɾka,ɾemaɾk,ɾemaɾk,NL
ɾemaɾka,ɾemaɾka,ɾemaɾk,ɾemaɾk,NL
ɾemaɾka,ɾemaɾka,ɾemaɾk,ɾemaɾk,NL
ɾemaɾka,ɾemaɾka,ɾemaɾk,ɾemaɾk,NL
ɾemaɾka,ɾemaɾka,ɾemaɾk,ɾemaɾk,NL
ɾemaɾka,ɾemaɾka,ɾemaɾk,ɾemaɾk,NL
ɾemaɾka,ɾemaɾka,ɾemaɾk,ɾemaɾk,NL
ɾemaɾka,ɾemaɾka,ɾemaɾk,ɾemaɾk,NL
ɾemaɾka,ɾemaɾka,ɾemaɾk,ɾemaɾk,NL
ɾemaɾka,ɾemaɾka,ɾemaɾk,ɾemaɾk,NL
ɾemaɾka,ɾemaɾka,ɾemaɾk,ɾemaɾk,NL
ɾemaɾka,ɾemaɾka,ɾemaɾk,ɾemaɾk,NL
ɾemaɾka,ɾemaɾka,ɾemaɾk,ɾemaɾk,NL
ɾemaɾka,ɾemaɾka,ɾemaɾk,ɾemaɾk,NL
ɾemaɾko,ɾemaɾko,ɾemaɾk,ɾemaɾk,NL
ɾemaɾko,ɾemaɾko,ɾemaɾk,ɾemaɾk,NL
ɾemaɾko,ɾemaɾko,ɾemaɾk,ɾemaɾk,NL
ɾemaɾko,ɾemaɾko,ɾemaɾk,ɾemaɾk,NL
ɾemaɾko,ɾemaɾko,ɾemaɾk,ɾemaɾk,NL
ɾemaɾko,ɾemaɾko,ɾemaɾk,ɾemaɾk,NL
ɾemaɾko,ɾemaɾko,ɾemaɾk,ɾemaɾk,NL
ɾemaɾko,ɾemaɾko,ɾemaɾk,ɾemaɾk,NL
ɾemaɾko,ɾemaɾko,ɾemaɾk,ɾemaɾk,NL
ɾemaɾko,ɾemaɾko,ɾemaɾk,ɾemaɾk,NL
ɾemaɾko,ɾemaɾko,ɾemaɾk,ɾemaɾk,NL
ɾemaɾko,ɾemaɾko,ɾemaɾk,ɾemaɾk,NL
ɾemaɾko,ɾemaɾko,ɾemaɾk,ɾemaɾk,NL
ɾemaɾko,ɾemaɾko,ɾemaɾk,ɾemaɾk,NL
ɾemaɾko,ɾemaɾko,ɾemaɾk,ɾemaɾk,NL
ɾemaɾko,ɾemaɾko,ɾemaɾk,ɾemaɾk,NL
ɾemaɾko,ɾemaɾko,ɾemaɾk,ɾemaɾk,NL
ɾemaɾko,ɾemaɾko,ɾemaɾk,ɾemaɾk,NL
ɾemaɾko,ɾemaɾko,ɾemaɾk,ɾemaɾk,NL
ɾemaɾko,ɾemaɾko,ɾemaɾk,ɾemaɾk,NL
ɾemaɾko,ɾemaɾko,ɾemaɾk,ɾemaɾk,NL
ɾemaɾko,ɾemaɾko,ɾemaɾk,ɾemaɾk,NL
ɾemaɾko,ɾemaɾko,ɾemaɾk,ɾemaɾk,NL
ɾemaɾko,ɾemaɾko,ɾemaɾk,ɾemaɾk,NL
ɾemaɾko,ɾemaɾko,ɾemaɾk,ɾemaɾk,NL
ɾemaɾko,ɾemaɾko,ɾemaɾk,ɾemaɾk,NL
ɾemaɾko,ɾemaɾko,ɾemaɾk,ɾemaɾk,NL
ɾemaɾko,ɾemaɾko,ɾemaɾk,ɾemaɾk,NL
ɾemaɾko,ɾemaɾko,ɾemaɾk,ɾemaɾk,NL
ɾemaɾko,ɾemaɾko,ɾemaɾk,ɾemaɾk,NL
ɾemaɾko,ɾemaɾko,ɾemaɾk,ɾemaɾk,NL
ɾemaɾko,ɾemaɾko,ɾemaɾk,ɾemaɾk,NL
ɾemaɾko,ɾemaɾko,ɾemaɾk,ɾemaɾk,NL
ɾemaɾko,ɾemaɾko,ɾemaɾk,ɾemaɾk,NL
ɾemaɾko,ɾemaɾko,ɾemaɾk,ɾemaɾk,NL
ɾemaɾko,ɾemaɾko,ɾemaɾk,ɾemaɾk,NL
ɾemaɾko,ɾemaɾko,ɾemaɾk,ɾemaɾk,NL
ɾemaɾko,ɾemaɾko,ɾemaɾk,ɾemaɾk,NL
ɾemaɾko,ɾemaɾko,ɾemaɾk,ɾemaɾk,NL
ɾemaɾko,ɾemaɾko,ɾemaɾk,ɾemaɾk,NL
ɾemaɾko,ɾemaɾko,ɾemaɾk,ɾemaɾk,NL
ɾemaɾko,ɾemaɾko,ɾemaɾk,ɾemaɾk,NL
ɾemaɾko,ɾemaɾko,ɾemaɾk,ɾemaɾk,NL
ɾemaɾko,ɾemaɾko,ɾemaɾk,ɾemaɾk,NL
ɾemaɾko,ɾemaɾko,ɾemaɾk,ɾemaɾk,NL
ɾemaɾko,ɾemaɾko,ɾemaɾk,ɾemaɾk,NL
ɾemaɾko,ɾemaɾko,ɾemaɾk,ɾemaɾk,NL
ɾemaɾko,ɾemaɾko,ɾemaɾk,ɾemaɾk,NL
ɾemaɾko,ɾemaɾko,ɾemaɾk,ɾemaɾk,NL
ɾemaɾko,ɾemaɾko,ɾemaɾk,ɾemaɾk,NL
ɾemaɾko,ɾemaɾko,ɾemaɾk,ɾemaɾk,NL
ɾemaɾko,ɾemaɾko,ɾemaɾk,ɾemaɾk,NL
ɾemaɾko,ɾemaɾko,ɾemaɾk,ɾemaɾk,NL
ɾemaɾko,ɾemaɾko,ɾemaɾk,ɾemaɾk,NL
ɾemaɾko,ɾemaɾko,ɾemaɾk,ɾemaɾk,NL
ɾemaɾkeis,ɾemaɾkeis,ɾemaɾke,ɾemaɾke,NL
ɾemaɾkeis,ɾemaɾkeis,ɾemaɾke,ɾemaɾke,NL
ɾemaɾkeis,ɾemaɾkeis,ɾemaɾke,ɾemaɾke,NL
ɾemaɾkeis,ɾemaɾkeis,ɾemaɾke,ɾemaɾke,NL
ɾemaɾkeis,ɾemaɾkeis,ɾemaɾke,ɾemaɾke,NL
ɾemaɾkeis,ɾemaɾkeis,ɾemaɾke,ɾemaɾke,NL
ɾemaɾkeis,ɾemaɾkeis,ɾemaɾke,ɾemaɾke,NL
ɾemaɾkeis,ɾemaɾkeis,ɾemaɾke,ɾemaɾke,NL
ɾemaɾkeis,ɾemaɾkeis,ɾemaɾke,ɾemaɾke,NL
ɾemaɾkeis,ɾemaɾkeis,ɾemaɾke,ɾemaɾke,NL
ɾemaɾkeis,ɾemaɾkeis,ɾemaɾke,ɾemaɾke,NL
ɾemaɾkeis,ɾemaɾkeis,ɾemaɾke,ɾemaɾke,NL
ɾemaɾkeis,ɾemaɾkeis,ɾemaɾke,ɾemaɾke,NL
ɾemaɾkeis,ɾemaɾkeis,ɾemaɾke,ɾemaɾke,NL
ɾemaɾkeis,ɾemaɾkeis,ɾemaɾke,ɾemaɾke,NL
ɾemaɾkeis,ɾemaɾkeis,ɾemaɾke,ɾemaɾke,NL
ɾemaɾkeis,ɾemaɾkeis,ɾemaɾke,ɾemaɾke,NL
ɾemaɾkeis,ɾemaɾkeis,ɾemaɾke,ɾemaɾke,NL
ɾemaɾkeis,ɾemaɾkeis,ɾemaɾke,ɾemaɾke,NL
ɾemaɾkeis,ɾemaɾkeis,ɾemaɾke,ɾemaɾke,NL
ɾemaɾkeis,ɾemaɾkeis,ɾemaɾke,ɾemaɾke,NL
ɾemaɾkeis,ɾemaɾkeis,ɾemaɾke,ɾemaɾke,NL
ɾemaɾkeis,ɾemaɾkeis,ɾemaɾke,ɾemaɾke,NL
ɾemaɾkeis,ɾemaɾkeis,ɾemaɾke,ɾemaɾke,NL
ɾemaɾkeis,ɾemaɾkeis,ɾemaɾke,ɾemaɾke,NL
ɾemaɾkeis,ɾemaɾkeis,ɾemaɾke,ɾemaɾke,NL
ɾemaɾkeis,ɾemaɾkeis,ɾemaɾke,ɾemaɾke,NL
ɾemaɾkeis,ɾemaɾkeis,ɾemaɾke,ɾemaɾke,NL
ɾemaɾkeis,ɾemaɾkeis,ɾemaɾke,ɾemaɾke,NL
ɾemaɾkeis,ɾemaɾkeis,ɾemaɾke,ɾemaɾke,NL
ɾemaɾkeis,ɾemaɾkeis,ɾemaɾke,ɾemaɾke,NL
ɾemaɾkeis,ɾemaɾkeis,ɾemaɾke,ɾemaɾke,NL
ɾemaɾkeis,ɾemaɾkeis,ɾemaɾke,ɾemaɾke,NL
ɾemaɾkeis,ɾemaɾkeis,ɾemaɾke,ɾemaɾke,NL
ɾemaɾkeis,ɾemaɾkeis,ɾemaɾke,ɾemaɾke,NL
ɾemaɾkeis,ɾemaɾkeis,ɾemaɾke,ɾemaɾke,NL
ɾemaɾkeis,ɾemaɾkeis,ɾemaɾke,ɾemaɾke,NL
ɾemaɾkeis,ɾemaɾkeis,ɾemaɾke,ɾemaɾke,NL
ɾemaɾkeis,ɾemaɾkeis,ɾemaɾke,ɾemaɾke,NL
ɾemaɾkeis,ɾemaɾkeis,ɾemaɾke,ɾemaɾke,NL
ɾemaɾkeis,ɾemaɾkeis,ɾemaɾke,ɾemaɾke,NL
ɾemaɾkeis,ɾemaɾejs,ɾemaɾ,ɾemaɾke,NL
ɾemaɾkeis,ɾemaɾejs,ɾemaɾ,ɾemaɾke,NL
ɾemaɾkeis,ɾemaɾejs,ɾemaɾ,ɾemaɾke,NL
ɾemaɾkeis,ɾemaɾejs,ɾemaɾ,ɾemaɾke,NL
ɾemaɾkeis,ɾemaɾkeis,ɾemaɾke,ɾemaɾke,NL
ɾemaɾkeis,ɾemaɾkeis,ɾemaɾke,ɾemaɾke,NL
ɾemaɾkeis,ɾemaɾkeis,ɾemaɾke,ɾemaɾke,NL
ɾemaɾkeis,ɾemaɾkeis,ɾemaɾke,ɾemaɾke,NL
ɾemaɾkeis,ɾemaɾkeis,ɾemaɾke,ɾemaɾke,NL
ɾemaɾkeis,ɾemaɾkeis,ɾemaɾke,ɾemaɾke,NL
ɾemaɾkeis,ɾemaɾkeis,ɾemaɾke,ɾemaɾke,NL
ɾemaɾkeis,ɾemaɾkeis,ɾemaɾke,ɾemaɾke,NL
ɾemaɾkeis,ɾemaɾkeis,ɾemaɾke,ɾemaɾke,NL
ɾemaɾkeis,ɾemaɾkeis,ɾemaɾke,ɾemaɾke,NL
ɾemaɾkemos,ɾemaɾkemos,ɾemaɾk,ɾemaɾk,NL
ɾemaɾkemos,ɾemaɾkemos,ɾemaɾk,ɾemaɾk,NL
ɾemaɾkemos,ɾemaɾkemos,ɾemaɾk,ɾemaɾk,NL
ɾemaɾkemos,ɾemaɾkemos,ɾemaɾk,ɾemaɾk,NL
ɾemaɾkemos,ɾemaɾkemos,ɾemaɾk,ɾemaɾk,NL
ɾemaɾkemos,ɾemaɾkemos,ɾemaɾk,ɾemaɾk,NL
ɾemaɾkemos,ɾemaɾkemos,ɾemaɾk,ɾemaɾk,NL
ɾemaɾkemos,ɾemaɾkemos,ɾemaɾk,ɾemaɾk,NL
ɾemaɾkemos,ɾemaɾkemos,ɾemaɾk,ɾemaɾk,NL
ɾemaɾkemos,ɾemaɾkemos,ɾemaɾk,ɾemaɾk,NL
ɾemaɾkemos,ɾemaɾkemos,ɾemaɾk,ɾemaɾk,NL
ɾemaɾkemos,ɾemaɾkemos,ɾemaɾk,ɾemaɾk,NL
ɾemaɾkemos,ɾemaɾkemos,ɾemaɾk,ɾemaɾk,NL
ɾemaɾkemos,ɾemaɾkemos,ɾemaɾk,ɾemaɾk,NL
ɾemaɾkemos,ɾemaɾkemos,ɾemaɾk,ɾemaɾk,NL
ɾemaɾkemos,ɾemaɾkemos,ɾemaɾk,ɾemaɾk,NL
ɾemaɾkemos,ɾemaɾkemos,ɾemaɾk,ɾemaɾk,NL
ɾemaɾkemos,ɾemaɾkemos,ɾemaɾk,ɾemaɾk,NL
ɾemaɾkemos,ɾemaɾkemos,ɾemaɾk,ɾemaɾk,NL
ɾemaɾkemos,ɾemaɾkemos,ɾemaɾk,ɾemaɾk,NL
ɾemaɾkemos,ɾemaɾkemos,ɾemaɾk,ɾemaɾk,NL
ɾemaɾkemos,ɾemaɾkemos,ɾemaɾk,ɾemaɾk,NL
ɾemaɾkemos,ɾemaɾkemos,ɾemaɾk,ɾemaɾk,NL
ɾemaɾkemos,ɾemaɾkemos,ɾemaɾk,ɾemaɾk,NL
ɾemaɾkemos,ɾemaɾkemos,ɾemaɾk,ɾemaɾk,NL
ɾemaɾkemos,ɾemaɾkemos,ɾemaɾk,ɾemaɾk,NL
ɾemaɾkemos,ɾemaɾkemos,ɾemaɾk,ɾemaɾk,NL
ɾemaɾkemos,ɾemaɾkemos,ɾemaɾk,ɾemaɾk,NL
ɾemaɾkemos,ɾemaɾkemos,ɾemaɾk,ɾemaɾk,NL
ɾemaɾkemos,ɾemaɾkemos,ɾemaɾk,ɾemaɾk,NL
ɾemaɾkemos,ɾemaɾkemos,ɾemaɾk,ɾemaɾk,NL
ɾemaɾkemos,ɾemaɾkemos,ɾemaɾk,ɾemaɾk,NL
ɾemaɾkemos,ɾemaɾkemos,ɾemaɾk,ɾemaɾk,NL
ɾemaɾkemos,ɾemaɾkemos,ɾemaɾk,ɾemaɾk,NL
ɾemaɾkemos,ɾemaɾkemos,ɾemaɾk,ɾemaɾk,NL
ɾemaɾkemos,ɾemaɾkemos,ɾemaɾk,ɾemaɾk,NL
ɾemaɾkemos,ɾemaɾkemos,ɾemaɾk,ɾemaɾk,NL
ɾemaɾkemos,ɾemaɾkemos,ɾemaɾk,ɾemaɾk,NL
ɾemaɾkemos,ɾemaɾkemos,ɾemaɾk,ɾemaɾk,NL
ɾemaɾkemos,ɾemaɾkemos,ɾemaɾk,ɾemaɾk,NL
ɾemaɾkemos,ɾemaɾkemos,ɾemaɾk,ɾemaɾk,NL
ɾemaɾkemos,ɾemaɾemos,ɾemaɾ,ɾemaɾk,NL
ɾemaɾkemos,ɾemaɾemos,ɾemaɾ,ɾemaɾk,NL
ɾemaɾkemos,ɾemaɾemos,ɾemaɾ,ɾemaɾk,NL
ɾemaɾkemos,ɾemaɾemos,ɾemaɾ,ɾemaɾk,NL
ɾemaɾkemos,ɾemaɾkemos,ɾemaɾk,ɾemaɾk,NL
ɾemaɾkemos,ɾemaɾkemos,ɾemaɾk,ɾemaɾk,NL
ɾemaɾkemos,ɾemaɾkemos,ɾemaɾk,ɾemaɾk,NL
ɾemaɾkemos,ɾemaɾkemos,ɾemaɾk,ɾemaɾk,NL
ɾemaɾkemos,ɾemaɾkemos,ɾemaɾk,ɾemaɾk,NL
ɾemaɾkemos,ɾemaɾkemos,ɾemaɾk,ɾemaɾk,NL
ɾemaɾkemos,ɾemaɾkemos,ɾemaɾk,ɾemaɾk,NL
ɾemaɾkemos,ɾemaɾkemos,ɾemaɾk,ɾemaɾk,NL
ɾemaɾkemos,ɾemaɾkemos,ɾemaɾk,ɾemaɾk,NL
ɾemaɾkemos,ɾemaɾkemos,ɾemaɾk,ɾemaɾk,NL
ɾemaɾken,ɾemaɾken,ɾemaɾk,ɾemaɾk,NL
ɾemaɾken,ɾemaɾken,ɾemaɾk,ɾemaɾk,NL
ɾemaɾken,ɾemaɾken,ɾemaɾk,ɾemaɾk,NL
ɾemaɾken,ɾemaɾken,ɾemaɾk,ɾemaɾk,NL
ɾemaɾken,ɾemaɾken,ɾemaɾk,ɾemaɾk,NL
ɾemaɾken,ɾemaɾken,ɾemaɾk,ɾemaɾk,NL
ɾemaɾken,ɾemaɾken,ɾemaɾk,ɾemaɾk,NL
ɾemaɾken,ɾemaɾken,ɾemaɾk,ɾemaɾk,NL
ɾemaɾken,ɾemaɾken,ɾemaɾk,ɾemaɾk,NL
ɾemaɾken,ɾemaɾken,ɾemaɾk,ɾemaɾk,NL
ɾemaɾken,ɾemaɾken,ɾemaɾk,ɾemaɾk,NL
ɾemaɾken,ɾemaɾken,ɾemaɾk,ɾemaɾk,NL
ɾemaɾken,ɾemaɾken,ɾemaɾk,ɾemaɾk,NL
ɾemaɾken,ɾemaɾken,ɾemaɾk,ɾemaɾk,NL
ɾemaɾken,ɾemaɾken,ɾemaɾk,ɾemaɾk,NL
ɾemaɾken,ɾemaɾken,ɾemaɾk,ɾemaɾk,NL
ɾemaɾken,ɾemaɾken,ɾemaɾk,ɾemaɾk,NL
ɾemaɾken,ɾemaɾken,ɾemaɾk,ɾemaɾk,NL
ɾemaɾken,ɾemaɾken,ɾemaɾk,ɾemaɾk,NL
ɾemaɾken,ɾemaɾken,ɾemaɾk,ɾemaɾk,NL
ɾemaɾken,ɾemaɾken,ɾemaɾk,ɾemaɾk,NL
ɾemaɾken,ɾemaɾken,ɾemaɾk,ɾemaɾk,NL
ɾemaɾken,ɾemaɾken,ɾemaɾk,ɾemaɾk,NL
ɾemaɾken,ɾemaɾken,ɾemaɾk,ɾemaɾk,NL
ɾemaɾken,ɾemaɾken,ɾemaɾk,ɾemaɾk,NL
ɾemaɾken,ɾemaɾken,ɾemaɾk,ɾemaɾk,NL
ɾemaɾken,ɾemaɾken,ɾemaɾk,ɾemaɾk,NL
ɾemaɾken,ɾemaɾken,ɾemaɾk,ɾemaɾk,NL
ɾemaɾken,ɾemaɾken,ɾemaɾk,ɾemaɾk,NL
ɾemaɾken,ɾemaɾken,ɾemaɾk,ɾemaɾk,NL
ɾemaɾken,ɾemaɾken,ɾemaɾk,ɾemaɾk,NL
ɾemaɾken,ɾemaɾken,ɾemaɾk,ɾemaɾk,NL
ɾemaɾken,ɾemaɾken,ɾemaɾk,ɾemaɾk,NL
ɾemaɾken,ɾemaɾken,ɾemaɾk,ɾemaɾk,NL
ɾemaɾken,ɾemaɾken,ɾemaɾk,ɾemaɾk,NL
ɾemaɾken,ɾemaɾken,ɾemaɾk,ɾemaɾk,NL
ɾemaɾken,ɾemaɾken,ɾemaɾk,ɾemaɾk,NL
ɾemaɾken,ɾemaɾken,ɾemaɾk,ɾemaɾk,NL
ɾemaɾken,ɾemaɾken,ɾemaɾk,ɾemaɾk,NL
ɾemaɾken,ɾemaɾken,ɾemaɾk,ɾemaɾk,NL
ɾemaɾken,ɾemaɾken,ɾemaɾk,ɾemaɾk,NL
ɾemaɾken,ɾemaɾken,ɾemaɾk,ɾemaɾk,NL
ɾemaɾken,ɾemaɾen,ɾemaɾ,ɾemaɾk,NL
ɾemaɾken,ɾemaɾen,ɾemaɾ,ɾemaɾk,NL
ɾemaɾken,ɾemaɾen,ɾemaɾ,ɾemaɾk,NL
ɾemaɾken,ɾemaɾken,ɾemaɾk,ɾemaɾk,NL
ɾemaɾken,ɾemaɾken,ɾemaɾk,ɾemaɾk,NL
ɾemaɾken,ɾemaɾken,ɾemaɾk,ɾemaɾk,NL
ɾemaɾken,ɾemaɾken,ɾemaɾk,ɾemaɾk,NL
ɾemaɾken,ɾemaɾken,ɾemaɾk,ɾemaɾk,NL
ɾemaɾken,ɾemaɾken,ɾemaɾk,ɾemaɾk,NL
ɾemaɾken,ɾemaɾken,ɾemaɾk,ɾemaɾk,NL
ɾemaɾken,ɾemaɾken,ɾemaɾk,ɾemaɾk,NL
ɾemaɾken,ɾemaɾken,ɾemaɾk,ɾemaɾk,NL
ɾemaɾken,ɾemaɾken,ɾemaɾk,ɾemaɾk,NL
ɾemaɾkes,ɾemaɾkes,ɾemaɾk,ɾemaɾk,NL
ɾemaɾkes,ɾemaɾkes,ɾemaɾk,ɾemaɾk,NL
ɾemaɾkes,ɾemaɾkes,ɾemaɾk,ɾemaɾk,NL
ɾemaɾkes,ɾemaɾkes,ɾemaɾk,ɾemaɾk,NL
ɾemaɾkes,ɾemaɾkes,ɾemaɾk,ɾemaɾk,NL
ɾemaɾkes,ɾemaɾkes,ɾemaɾk,ɾemaɾk,NL
ɾemaɾkes,ɾemaɾkes,ɾemaɾk,ɾemaɾk,NL
ɾemaɾkes,ɾemaɾkes,ɾemaɾk,ɾemaɾk,NL
ɾemaɾkes,ɾemaɾkes,ɾemaɾk,ɾemaɾk,NL
ɾemaɾkes,ɾemaɾkes,ɾemaɾk,ɾemaɾk,NL
ɾemaɾkes,ɾemaɾkes,ɾemaɾk,ɾemaɾk,NL
ɾemaɾkes,ɾemaɾkes,ɾemaɾk,ɾemaɾk,NL
ɾemaɾkes,ɾemaɾkes,ɾemaɾk,ɾemaɾk,NL
ɾemaɾkes,ɾemaɾkes,ɾemaɾk,ɾemaɾk,NL
ɾemaɾkes,ɾemaɾkes,ɾemaɾk,ɾemaɾk,NL
ɾemaɾkes,ɾemaɾkes,ɾemaɾk,ɾemaɾk,NL
ɾemaɾkes,ɾemaɾkes,ɾemaɾk,ɾemaɾk,NL
ɾemaɾkes,ɾemaɾkes,ɾemaɾk,ɾemaɾk,NL
ɾemaɾkes,ɾemaɾkes,ɾemaɾk,ɾemaɾk,NL
ɾemaɾkes,ɾemaɾkes,ɾemaɾk,ɾemaɾk,NL
ɾemaɾkes,ɾemaɾkes,ɾemaɾk,ɾemaɾk,NL
ɾemaɾkes,ɾemaɾkes,ɾemaɾk,ɾemaɾk,NL
ɾemaɾkes,ɾemaɾkes,ɾemaɾk,ɾemaɾk,NL
ɾemaɾkes,ɾemaɾkes,ɾemaɾk,ɾemaɾk,NL
ɾemaɾkes,ɾemaɾkes,ɾemaɾk,ɾemaɾk,NL
ɾemaɾkes,ɾemaɾkes,ɾemaɾk,ɾemaɾk,NL
ɾemaɾkes,ɾemaɾkes,ɾemaɾk,ɾemaɾk,NL
ɾemaɾkes,ɾemaɾkes,ɾemaɾk,ɾemaɾk,NL
ɾemaɾkes,ɾemaɾkes,ɾemaɾk,ɾemaɾk,NL
ɾemaɾkes,ɾemaɾkes,ɾemaɾk,ɾemaɾk,NL
ɾemaɾkes,ɾemaɾkes,ɾemaɾk,ɾemaɾk,NL
ɾemaɾkes,ɾemaɾkes,ɾemaɾk,ɾemaɾk,NL
ɾemaɾkes,ɾemaɾkes,ɾemaɾk,ɾemaɾk,NL
ɾemaɾkes,ɾemaɾkes,ɾemaɾk,ɾemaɾk,NL
ɾemaɾkes,ɾemaɾkes,ɾemaɾk,ɾemaɾk,NL
ɾemaɾkes,ɾemaɾkes,ɾemaɾk,ɾemaɾk,NL
ɾemaɾkes,ɾemaɾkes,ɾemaɾk,ɾemaɾk,NL
ɾemaɾkes,ɾemaɾkes,ɾemaɾk,ɾemaɾk,NL
ɾemaɾkes,ɾemaɾkes,ɾemaɾk,ɾemaɾk,NL
ɾemaɾkes,ɾemaɾkes,ɾemaɾk,ɾemaɾk,NL
ɾemaɾkes,ɾemaɾkes,ɾemaɾk,ɾemaɾk,NL
ɾemaɾkes,ɾemaɾkes,ɾemaɾk,ɾemaɾk,NL
ɾemaɾkes,ɾemaɾes,ɾemaɾ,ɾemaɾk,NL
ɾemaɾkes,ɾemaɾes,ɾemaɾ,ɾemaɾk,NL
ɾemaɾkes,ɾemaɾes,ɾemaɾ,ɾemaɾk,NL
ɾemaɾkes,ɾemaɾkes,ɾemaɾk,ɾemaɾk,NL
ɾemaɾkes,ɾemaɾkes,ɾemaɾk,ɾemaɾk,NL
ɾemaɾkes,ɾemaɾkes,ɾemaɾk,ɾemaɾk,NL
ɾemaɾkes,ɾemaɾkes,ɾemaɾk,ɾemaɾk,NL
ɾemaɾkes,ɾemaɾkes,ɾemaɾk,ɾemaɾk,NL
ɾemaɾkes,ɾemaɾkes,ɾemaɾk,ɾemaɾk,NL
ɾemaɾkes,ɾemaɾkes,ɾemaɾk,ɾemaɾk,NL
ɾemaɾkes,ɾemaɾkes,ɾemaɾk,ɾemaɾk,NL
ɾemaɾkes,ɾemaɾkes,ɾemaɾk,ɾemaɾk,NL
ɾemaɾkes,ɾemaɾkes,ɾemaɾk,ɾemaɾk,NL
ɾemaɾke,ɾemaɾke,ɾemaɾk,ɾemaɾk,NL
ɾemaɾke,ɾemaɾke,ɾemaɾk,ɾemaɾk,NL
ɾemaɾke,ɾemaɾke,ɾemaɾk,ɾemaɾk,NL
ɾemaɾke,ɾemaɾke,ɾemaɾk,ɾemaɾk,NL
ɾemaɾke,ɾemaɾke,ɾemaɾk,ɾemaɾk,NL
ɾemaɾke,ɾemaɾke,ɾemaɾk,ɾemaɾk,NL
ɾemaɾke,ɾemaɾke,ɾemaɾk,ɾemaɾk,NL
ɾemaɾke,ɾemaɾke,ɾemaɾk,ɾemaɾk,NL
ɾemaɾke,ɾemaɾke,ɾemaɾk,ɾemaɾk,NL
ɾemaɾke,ɾemaɾke,ɾemaɾk,ɾemaɾk,NL
ɾemaɾke,ɾemaɾke,ɾemaɾk,ɾemaɾk,NL
ɾemaɾke,ɾemaɾke,ɾemaɾk,ɾemaɾk,NL
ɾemaɾke,ɾemaɾke,ɾemaɾk,ɾemaɾk,NL
ɾemaɾke,ɾemaɾke,ɾemaɾk,ɾemaɾk,NL
ɾemaɾke,ɾemaɾke,ɾemaɾk,ɾemaɾk,NL
ɾemaɾke,ɾemaɾke,ɾemaɾk,ɾemaɾk,NL
ɾemaɾke,ɾemaɾke,ɾemaɾk,ɾemaɾk,NL
ɾemaɾke,ɾemaɾke,ɾemaɾk,ɾemaɾk,NL
ɾemaɾke,ɾemaɾke,ɾemaɾk,ɾemaɾk,NL
ɾemaɾke,ɾemaɾke,ɾemaɾk,ɾemaɾk,NL
ɾemaɾke,ɾemaɾke,ɾemaɾk,ɾemaɾk,NL
ɾemaɾke,ɾemaɾke,ɾemaɾk,ɾemaɾk,NL
ɾemaɾke,ɾemaɾke,ɾemaɾk,ɾemaɾk,NL
ɾemaɾke,ɾemaɾke,ɾemaɾk,ɾemaɾk,NL
ɾemaɾke,ɾemaɾke,ɾemaɾk,ɾemaɾk,NL
ɾemaɾke,ɾemaɾke,ɾemaɾk,ɾemaɾk,NL
ɾemaɾke,ɾemaɾke,ɾemaɾk,ɾemaɾk,NL
ɾemaɾke,ɾemaɾke,ɾemaɾk,ɾemaɾk,NL
ɾemaɾke,ɾemaɾke,ɾemaɾk,ɾemaɾk,NL
ɾemaɾke,ɾemaɾke,ɾemaɾk,ɾemaɾk,NL
ɾemaɾke,ɾemaɾke,ɾemaɾk,ɾemaɾk,NL
ɾemaɾke,ɾemaɾke,ɾemaɾk,ɾemaɾk,NL
ɾemaɾke,ɾemaɾke,ɾemaɾk,ɾemaɾk,NL
ɾemaɾke,ɾemaɾke,ɾemaɾk,ɾemaɾk,NL
ɾemaɾke,ɾemaɾke,ɾemaɾk,ɾemaɾk,NL
ɾemaɾke,ɾemaɾke,ɾemaɾk,ɾemaɾk,NL
ɾemaɾke,ɾemaɾke,ɾemaɾk,ɾemaɾk,NL
ɾemaɾke,ɾemaɾke,ɾemaɾk,ɾemaɾk,NL
ɾemaɾke,ɾemaɾke,ɾemaɾk,ɾemaɾk,NL
ɾemaɾke,ɾemaɾke,ɾemaɾk,ɾemaɾk,NL
ɾemaɾke,ɾemaɾke,ɾemaɾk,ɾemaɾk,NL
ɾemaɾke,ɾemaɾke,ɾemaɾk,ɾemaɾk,NL
ɾemaɾke,ɾemaɾe,ɾemaɾ,ɾemaɾk,NL
ɾemaɾke,ɾemaɾe,ɾemaɾ,ɾemaɾk,NL
ɾemaɾke,ɾemaɾe,ɾemaɾ,ɾemaɾk,NL
ɾemaɾke,ɾemaɾke,ɾemaɾk,ɾemaɾk,NL
ɾemaɾke,ɾemaɾke,ɾemaɾk,ɾemaɾk,NL
ɾemaɾke,ɾemaɾke,ɾemaɾk,ɾemaɾk,NL
ɾemaɾke,ɾemaɾke,ɾemaɾk,ɾemaɾk,NL
ɾemaɾke,ɾemaɾke,ɾemaɾk,ɾemaɾk,NL
ɾemaɾke,ɾemaɾke,ɾemaɾk,ɾemaɾk,NL
ɾemaɾke,ɾemaɾke,ɾemaɾk,ɾemaɾk,NL
ɾemaɾke,ɾemaɾke,ɾemaɾk,ɾemaɾk,NL
ɾemaɾke,ɾemaɾke,ɾemaɾk,ɾemaɾk,NL
ɾemaɾke,ɾemaɾke,ɾemaɾk,ɾemaɾk,NL
ɾemaɾke,ɾemaɾke,ɾemaɾk,ɾemaɾk,NL
ɾemaɾke,ɾemaɾke,ɾemaɾk,ɾemaɾk,NL
ɾemaɾke,ɾemaɾke,ɾemaɾk,ɾemaɾk,NL
ɾemaɾke,ɾemaɾke,ɾemaɾk,ɾemaɾk,NL
ɾemaɾke,ɾemaɾke,ɾemaɾk,ɾemaɾk,NL
ɾemaɾke,ɾemaɾke,ɾemaɾk,ɾemaɾk,NL
ɾemaɾke,ɾemaɾke,ɾemaɾk,ɾemaɾk,NL
ɾemaɾke,ɾemaɾke,ɾemaɾk,ɾemaɾk,NL
ɾemaɾke,ɾemaɾke,ɾemaɾk,ɾemaɾk,NL
ɾemaɾke,ɾemaɾke,ɾemaɾk,ɾemaɾk,NL
ɾemaɾke,ɾemaɾke,ɾemaɾk,ɾemaɾk,NL
ɾemaɾke,ɾemaɾke,ɾemaɾk,ɾemaɾk,NL
ɾemaɾke,ɾemaɾke,ɾemaɾk,ɾemaɾk,NL
ɾemaɾke,ɾemaɾke,ɾemaɾk,ɾemaɾk,NL
ɾemaɾke,ɾemaɾke,ɾemaɾk,ɾemaɾk,NL
ɾemaɾke,ɾemaɾke,ɾemaɾk,ɾemaɾk,NL
ɾemaɾke,ɾemaɾke,ɾemaɾk,ɾemaɾk,NL
ɾemaɾke,ɾemaɾke,ɾemaɾk,ɾemaɾk,NL
ɾemaɾke,ɾemaɾke,ɾemaɾk,ɾemaɾk,NL
ɾemaɾke,ɾemaɾke,ɾemaɾk,ɾemaɾk,NL
ɾemaɾke,ɾemaɾke,ɾemaɾk,ɾemaɾk,NL
ɾemaɾke,ɾemaɾke,ɾemaɾk,ɾemaɾk,NL
ɾemaɾke,ɾemaɾke,ɾemaɾk,ɾemaɾk,NL
ɾemaɾke,ɾemaɾke,ɾemaɾk,ɾemaɾk,NL
ɾemaɾke,ɾemaɾke,ɾemaɾk,ɾemaɾk,NL
ɾemaɾke,ɾemaɾke,ɾemaɾk,ɾemaɾk,NL
ɾemaɾke,ɾemaɾke,ɾemaɾk,ɾemaɾk,NL
ɾemaɾke,ɾemaɾke,ɾemaɾk,ɾemaɾk,NL
ɾemaɾke,ɾemaɾke,ɾemaɾk,ɾemaɾk,NL
ɾemaɾke,ɾemaɾke,ɾemaɾk,ɾemaɾk,NL
ɾemaɾke,ɾemaɾke,ɾemaɾk,ɾemaɾk,NL
ɾemaɾke,ɾemaɾke,ɾemaɾk,ɾemaɾk,NL
ɾemaɾke,ɾemaɾke,ɾemaɾk,ɾemaɾk,NL
ɾemaɾke,ɾemaɾke,ɾemaɾk,ɾemaɾk,NL
ɾemaɾke,ɾemaɾke,ɾemaɾk,ɾemaɾk,NL
ɾemaɾke,ɾemaɾke,ɾemaɾk,ɾemaɾk,NL
ɾemaɾke,ɾemaɾke,ɾemaɾk,ɾemaɾk,NL
ɾemaɾke,ɾemaɾke,ɾemaɾk,ɾemaɾk,NL
ɾemaɾke,ɾemaɾke,ɾemaɾk,ɾemaɾk,NL
ɾemaɾke,ɾemaɾke,ɾemaɾk,ɾemaɾk,NL
ɾemaɾke,ɾemaɾke,ɾemaɾk,ɾemaɾk,NL
ɾemaɾke,ɾemaɾke,ɾemaɾk,ɾemaɾk,NL
ɾemaɾke,ɾemaɾe,ɾemaɾ,ɾemaɾk,NL
ɾemaɾke,ɾemaɾe,ɾemaɾ,ɾemaɾk,NL
ɾemaɾke,ɾemaɾe,ɾemaɾ,ɾemaɾk,NL
ɾemaɾke,ɾemaɾke,ɾemaɾk,ɾemaɾk,NL
ɾemaɾke,ɾemaɾke,ɾemaɾk,ɾemaɾk,NL
ɾemaɾke,ɾemaɾke,ɾemaɾk,ɾemaɾk,NL
ɾemaɾke,ɾemaɾke,ɾemaɾk,ɾemaɾk,NL
ɾemaɾke,ɾemaɾke,ɾemaɾk,ɾemaɾk,NL
ɾemaɾke,ɾemaɾke,ɾemaɾk,ɾemaɾk,NL
ɾemaɾke,ɾemaɾke,ɾemaɾk,ɾemaɾk,NL
ɾemaɾke,ɾemaɾke,ɾemaɾk,ɾemaɾk,NL
ɾemaɾke,ɾemaɾke,ɾemaɾk,ɾemaɾk,NL
ɾemaɾke,ɾemaɾke,ɾemaɾk,ɾemaɾk,NL
pɾoibajs,pɾobejs,pɾob,pɾoib,NL
pɾoibajs,pɾobejs,pɾob,pɾoib,NL
pɾoibajs,pɾobejs,pɾob,pɾoib,NL
pɾoibajs,pɾobejs,pɾob,pɾoib,NL
pɾoibajs,pɾobejs,pɾob,pɾoib,NL
pɾoibajs,pɾobejs,pɾob,pɾoib,NL
pɾoibajs,pɾobejs,pɾob,pɾoib,NL
pɾoibajs,pɾobejs,pɾob,pɾoib,NL
pɾoibajs,pɾobejs,pɾob,pɾoib,NL
pɾoibajs,pɾobejs,pɾob,pɾoib,NL
pɾoibajs,pɾobejs,pɾob,pɾoib,NL
pɾoibajs,pɾobejs,pɾob,pɾoib,NL
pɾoibajs,pɾobejs,pɾob,pɾoib,NL
pɾoibajs,pɾobejs,pɾob,pɾoib,NL
pɾoibajs,pɾobejs,pɾob,pɾoib,NL
pɾoibajs,pɾobejs,pɾob,pɾoib,NL
pɾoibajs,pɾobibejs,pɾobib,pɾoib,NL
pɾoibajs,pɾobejs,pɾob,pɾoib,NL
pɾoibajs,pɾobejs,pɾob,pɾoib,NL
pɾoibajs,pɾobejs,pɾob,pɾoib,NL
pɾoibajs,pɾobejs,pɾob,pɾoib,NL
pɾoibajs,pɾobejs,pɾob,pɾoib,NL
pɾoibajs,pɾobejs,pɾob,pɾoib,NL
pɾoibajs,pɾobejs,pɾob,pɾoib,NL
pɾoibajs,pɾobejs,pɾob,pɾoib,NL
pɾoibajs,pɾobejs,pɾob,pɾoib,NL
pɾoibajs,pɾobejs,pɾob,pɾoib,NL
pɾoibajs,pɾobejs,pɾob,pɾoib,NL
pɾoibajs,pɾobejs,pɾob,pɾoib,NL
pɾoibajs,pɾobejs,pɾob,pɾoib,NL
pɾoibajs,pɾobejs,pɾob,pɾoib,NL
pɾoibajs,pɾobejs,pɾob,pɾoib,NL
pɾoibajs,pɾobejs,pɾob,pɾoib,NL
pɾoibajs,pɾobejs,pɾob,pɾoib,NL
pɾoibajs,pɾobejs,pɾob,pɾoib,NL
pɾoibajs,pɾobejs,pɾob,pɾoib,NL
pɾoibajs,pɾobejs,pɾob,pɾoib,NL
pɾoibajs,pɾobejs,pɾob,pɾoib,NL
pɾoibajs,pɾobejs,pɾob,pɾoib,NL
pɾoibajs,pɾobejs,pɾob,pɾoib,NL
pɾoibajs,pɾobejs,pɾob,pɾoib,NL
pɾoibajs,pɾobejs,pɾob,pɾoib,NL
pɾoibajs,pɾobibejs,pɾobib,pɾoib,NL
pɾoibajs,pɾobejs,pɾob,pɾoib,NL
pɾoibajs,pɾobejs,pɾob,pɾoib,NL
pɾoibajs,pɾobibejs,pɾobib,pɾoib,NL
pɾoibajs,pɾobibejs,pɾobib,pɾoib,NL
pɾoibajs,pɾobejs,pɾob,pɾoib,NL
pɾoibajs,pɾobibejs,pɾobib,pɾoib,NL
pɾoibajs,pɾobibejs,pɾobib,pɾoib,NL
pɾoibajs,pɾobibejs,pɾobib,pɾoib,NL
pɾoibajs,pɾobejs,pɾob,pɾoib,NL
pɾoibajs,pɾobibejs,pɾobib,pɾoib,NL
pɾoibajs,pɾobejs,pɾob,pɾoib,NL
pɾoibajs,pɾobejs,pɾob,pɾoib,NL
pɾoibamos,pɾobemos,pɾob,pɾoib,NL
pɾoibamos,pɾobemos,pɾob,pɾoib,NL
pɾoibamos,pɾobemos,pɾob,pɾoib,NL
pɾoibamos,pɾobemos,pɾob,pɾoib,NL
pɾoibamos,pɾobemos,pɾob,pɾoib,NL
pɾoibamos,pɾobemos,pɾob,pɾoib,NL
pɾoibamos,pɾobemos,pɾob,pɾoib,NL
pɾoibamos,pɾobemos,pɾob,pɾoib,NL
pɾoibamos,pɾobemos,pɾob,pɾoib,NL
pɾoibamos,pɾobemos,pɾob,pɾoib,NL
pɾoibamos,pɾobemos,pɾob,pɾoib,NL
pɾoibamos,pɾobemos,pɾob,pɾoib,NL
pɾoibamos,pɾobemos,pɾob,pɾoib,NL
pɾoibamos,pɾobemos,pɾob,pɾoib,NL
pɾoibamos,pɾobemos,pɾob,pɾoib,NL
pɾoibamos,pɾobemos,pɾob,pɾoib,NL
pɾoibamos,pɾobemos,pɾob,pɾoib,NL
pɾoibamos,pɾobemos,pɾob,pɾoib,NL
pɾoibamos,pɾobemos,pɾob,pɾoib,NL
pɾoibamos,pɾobemos,pɾob,pɾoib,NL
pɾoibamos,pɾobemos,pɾob,pɾoib,NL
pɾoibamos,pɾobemos,pɾob,pɾoib,NL
pɾoibamos,pɾobemos,pɾob,pɾoib,NL
pɾoibamos,pɾobemos,pɾob,pɾoib,NL
pɾoibamos,pɾobemos,pɾob,pɾoib,NL
pɾoibamos,pɾobemos,pɾob,pɾoib,NL
pɾoibamos,pɾobemos,pɾob,pɾoib,NL
pɾoibamos,pɾobemos,pɾob,pɾoib,NL
pɾoibamos,pɾobemos,pɾob,pɾoib,NL
pɾoibamos,pɾobemos,pɾob,pɾoib,NL
pɾoibamos,pɾobemos,pɾob,pɾoib,NL
pɾoibamos,pɾobemos,pɾob,pɾoib,NL
pɾoibamos,pɾobemos,pɾob,pɾoib,NL
pɾoibamos,pɾobemos,pɾob,pɾoib,NL
pɾoibamos,pɾobemos,pɾob,pɾoib,NL
pɾoibamos,pɾobemos,pɾob,pɾoib,NL
pɾoibamos,pɾobemos,pɾob,pɾoib,NL
pɾoibamos,pɾobemos,pɾob,pɾoib,NL
pɾoibamos,pɾobemos,pɾob,pɾoib,NL
pɾoibamos,pɾobemos,pɾob,pɾoib,NL
pɾoibamos,pɾobemos,pɾob,pɾoib,NL
pɾoibamos,pɾobemos,pɾob,pɾoib,NL
pɾoibamos,pɾobemos,pɾob,pɾoib,NL
pɾoibamos,pɾobemos,pɾob,pɾoib,NL
pɾoibamos,pɾobemos,pɾob,pɾoib,NL
pɾoibamos,pɾobibemos,pɾobib,pɾoib,NL
pɾoibamos,pɾobemos,pɾob,pɾoib,NL
pɾoibamos,pɾobemos,pɾob,pɾoib,NL
pɾoibamos,pɾobemos,pɾob,pɾoib,NL
pɾoibamos,pɾobibemos,pɾobib,pɾoib,NL
pɾoibamos,pɾobemos,pɾob,pɾoib,NL
pɾoibamos,pɾobemos,pɾob,pɾoib,NL
pɾoibamos,pɾobibemos,pɾobib,pɾoib,NL
pɾoibamos,pɾobemos,pɾob,pɾoib,NL
pɾoibamos,pɾobemos,pɾob,pɾoib,NL
pɾoiban,pɾobiben,pɾobib,pɾoib,NL
pɾoiban,pɾobiben,pɾobib,pɾoib,NL
pɾoiban,pɾobiben,pɾobib,pɾoib,NL
pɾoiban,pɾobiben,pɾobib,pɾoib,NL
pɾoiban,pɾobiben,pɾobib,pɾoib,NL
pɾoiban,pɾobiben,pɾobib,pɾoib,NL
pɾoiban,pɾobiben,pɾobib,pɾoib,NL
pɾoiban,pɾobiben,pɾobib,pɾoib,NL
pɾoiban,pɾobiben,pɾobib,pɾoib,NL
pɾoiban,pɾobiben,pɾobib,pɾoib,NL
pɾoiban,pɾobiben,pɾobib,pɾoib,NL
pɾoiban,pɾobiben,pɾobib,pɾoib,NL
pɾoiban,pɾobiben,pɾobib,pɾoib,NL
pɾoiban,pɾobiben,pɾobib,pɾoib,NL
pɾoiban,pɾobiben,pɾobib,pɾoib,NL
pɾoiban,pɾobiben,pɾobib,pɾoib,NL
pɾoiban,pɾobiben,pɾobib,pɾoib,NL
pɾoiban,pɾobiben,pɾobib,pɾoib,NL
pɾoiban,pɾobiben,pɾobib,pɾoib,NL
pɾoiban,pɾobiben,pɾobib,pɾoib,NL
pɾoiban,pɾobiben,pɾobib,pɾoib,NL
pɾoiban,pɾobiben,pɾobib,pɾoib,NL
pɾoiban,pɾobiben,pɾobib,pɾoib,NL
pɾoiban,pɾobiben,pɾobib,pɾoib,NL
pɾoiban,pɾobiben,pɾobib,pɾoib,NL
pɾoiban,pɾobiben,pɾobib,pɾoib,NL
pɾoiban,pɾobiben,pɾobib,pɾoib,NL
pɾoiban,pɾobiben,pɾobib,pɾoib,NL
pɾoiban,pɾobiben,pɾobib,pɾoib,NL
pɾoiban,pɾobiben,pɾobib,pɾoib,NL
pɾoiban,pɾobiben,pɾobib,pɾoib,NL
pɾoiban,pɾobiben,pɾobib,pɾoib,NL
pɾoiban,pɾobiben,pɾobib,pɾoib,NL
pɾoiban,pɾobiben,pɾobib,pɾoib,NL
pɾoiban,pɾobiben,pɾobib,pɾoib,NL
pɾoiban,pɾobiben,pɾobib,pɾoib,NL
pɾoiban,pɾobiben,pɾobib,pɾoib,NL
pɾoiban,pɾobiben,pɾobib,pɾoib,NL
pɾoiban,pɾobiben,pɾobib,pɾoib,NL
pɾoiban,pɾobiben,pɾobib,pɾoib,NL
pɾoiban,pɾobiben,pɾobib,pɾoib,NL
pɾoiban,pɾobiben,pɾobib,pɾoib,NL
pɾoiban,pɾobiben,pɾobib,pɾoib,NL
pɾoiban,pɾobiben,pɾobib,pɾoib,NL
pɾoiban,pɾobiben,pɾobib,pɾoib,NL
pɾoiban,pɾobiben,pɾobib,pɾoib,NL
pɾoiban,pɾobiben,pɾobib,pɾoib,NL
pɾoiban,pɾobiben,pɾobib,pɾoib,NL
pɾoiban,pɾobiben,pɾobib,pɾoib,NL
pɾoiban,pɾobiben,pɾobib,pɾoib,NL
pɾoiban,pɾobiben,pɾobib,pɾoib,NL
pɾoiban,pɾobiben,pɾobib,pɾoib,NL
pɾoiban,pɾobiben,pɾobib,pɾoib,NL
pɾoiban,pɾobiben,pɾobib,pɾoib,NL
pɾoiban,pɾobiben,pɾobib,pɾoib,NL
pɾoibas,pɾobibes,pɾobib,pɾoib,NL
pɾoibas,pɾobibes,pɾobib,pɾoib,NL
pɾoibas,pɾobibes,pɾobib,pɾoib,NL
pɾoibas,pɾobibes,pɾobib,pɾoib,NL
pɾoibas,pɾobibes,pɾobib,pɾoib,NL
pɾoibas,pɾobibes,pɾobib,pɾoib,NL
pɾoibas,pɾobibes,pɾobib,pɾoib,NL
pɾoibas,pɾobibes,pɾobib,pɾoib,NL
pɾoibas,pɾobibes,pɾobib,pɾoib,NL
pɾoibas,pɾobibes,pɾobib,pɾoib,NL
pɾoibas,pɾobibes,pɾobib,pɾoib,NL
pɾoibas,pɾobibes,pɾobib,pɾoib,NL
pɾoibas,pɾobibes,pɾobib,pɾoib,NL
pɾoibas,pɾobibes,pɾobib,pɾoib,NL
pɾoibas,pɾobibes,pɾobib,pɾoib,NL
pɾoibas,pɾobibes,pɾobib,pɾoib,NL
pɾoibas,pɾobibes,pɾobib,pɾoib,NL
pɾoibas,pɾobibes,pɾobib,pɾoib,NL
pɾoibas,pɾobibes,pɾobib,pɾoib,NL
pɾoibas,pɾobibes,pɾobib,pɾoib,NL
pɾoibas,pɾobibes,pɾobib,pɾoib,NL
pɾoibas,pɾobibes,pɾobib,pɾoib,NL
pɾoibas,pɾobibes,pɾobib,pɾoib,NL
pɾoibas,pɾobibes,pɾobib,pɾoib,NL
pɾoibas,pɾobibes,pɾobib,pɾoib,NL
pɾoibas,pɾobibes,pɾobib,pɾoib,NL
pɾoibas,pɾobibes,pɾobib,pɾoib,NL
pɾoibas,pɾobibes,pɾobib,pɾoib,NL
pɾoibas,pɾobibes,pɾobib,pɾoib,NL
pɾoibas,pɾobibes,pɾobib,pɾoib,NL
pɾoibas,pɾobibes,pɾobib,pɾoib,NL
pɾoibas,pɾobibes,pɾobib,pɾoib,NL
pɾoibas,pɾobibes,pɾobib,pɾoib,NL
pɾoibas,pɾobibes,pɾobib,pɾoib,NL
pɾoibas,pɾobibes,pɾobib,pɾoib,NL
pɾoibas,pɾobibes,pɾobib,pɾoib,NL
pɾoibas,pɾobibes,pɾobib,pɾoib,NL
pɾoibas,pɾobibes,pɾobib,pɾoib,NL
pɾoibas,pɾobibes,pɾobib,pɾoib,NL
pɾoibas,pɾobibes,pɾobib,pɾoib,NL
pɾoibas,pɾobibes,pɾobib,pɾoib,NL
pɾoibas,pɾobibes,pɾobib,pɾoib,NL
pɾoibas,pɾobibes,pɾobib,pɾoib,NL
pɾoibas,pɾobibes,pɾobib,pɾoib,NL
pɾoibas,pɾobibes,pɾobib,pɾoib,NL
pɾoibas,pɾobibes,pɾobib,pɾoib,NL
pɾoibas,pɾobibes,pɾobib,pɾoib,NL
pɾoibas,pɾobibes,pɾobib,pɾoib,NL
pɾoibas,pɾobibes,pɾobib,pɾoib,NL
pɾoibas,pɾobibes,pɾobib,pɾoib,NL
pɾoibas,pɾobibes,pɾobib,pɾoib,NL
pɾoibas,pɾobibes,pɾobib,pɾoib,NL
pɾoibas,pɾobibes,pɾobib,pɾoib,NL
pɾoibas,pɾobibes,pɾobib,pɾoib,NL
pɾoibas,pɾobibes,pɾobib,pɾoib,NL
pɾoiba,pɾobibe,pɾobib,pɾoib,NL
pɾoiba,pɾobibe,pɾobib,pɾoib,NL
pɾoiba,pɾobibe,pɾobib,pɾoib,NL
pɾoiba,pɾobibe,pɾobib,pɾoib,NL
pɾoiba,pɾobibe,pɾobib,pɾoib,NL
pɾoiba,pɾobibe,pɾobib,pɾoib,NL
pɾoiba,pɾobibe,pɾobib,pɾoib,NL
pɾoiba,pɾobibe,pɾobib,pɾoib,NL
pɾoiba,pɾobibe,pɾobib,pɾoib,NL
pɾoiba,pɾobibe,pɾobib,pɾoib,NL
pɾoiba,pɾobibe,pɾobib,pɾoib,NL
pɾoiba,pɾobibe,pɾobib,pɾoib,NL
pɾoiba,pɾobibe,pɾobib,pɾoib,NL
pɾoiba,pɾobibe,pɾobib,pɾoib,NL
pɾoiba,pɾobibe,pɾobib,pɾoib,NL
pɾoiba,pɾobibe,pɾobib,pɾoib,NL
pɾoiba,pɾobibe,pɾobib,pɾoib,NL
pɾoiba,pɾobibe,pɾobib,pɾoib,NL
pɾoiba,pɾobibe,pɾobib,pɾoib,NL
pɾoiba,pɾobibe,pɾobib,pɾoib,NL
pɾoiba,pɾobibe,pɾobib,pɾoib,NL
pɾoiba,pɾobibe,pɾobib,pɾoib,NL
pɾoiba,pɾobibe,pɾobib,pɾoib,NL
pɾoiba,pɾobibe,pɾobib,pɾoib,NL
pɾoiba,pɾobibe,pɾobib,pɾoib,NL
pɾoiba,pɾobibe,pɾobib,pɾoib,NL
pɾoiba,pɾobibe,pɾobib,pɾoib,NL
pɾoiba,pɾobibe,pɾobib,pɾoib,NL
pɾoiba,pɾobibe,pɾobib,pɾoib,NL
pɾoiba,pɾobibe,pɾobib,pɾoib,NL
pɾoiba,pɾobibe,pɾobib,pɾoib,NL
pɾoiba,pɾobibe,pɾobib,pɾoib,NL
pɾoiba,pɾobibe,pɾobib,pɾoib,NL
pɾoiba,pɾobibe,pɾobib,pɾoib,NL
pɾoiba,pɾobibe,pɾobib,pɾoib,NL
pɾoiba,pɾobibe,pɾobib,pɾoib,NL
pɾoiba,pɾobibe,pɾobib,pɾoib,NL
pɾoiba,pɾobibe,pɾobib,pɾoib,NL
pɾoiba,pɾobibe,pɾobib,pɾoib,NL
pɾoiba,pɾobibe,pɾobib,pɾoib,NL
pɾoiba,pɾobibe,pɾobib,pɾoib,NL
pɾoiba,pɾobibe,pɾobib,pɾoib,NL
pɾoiba,pɾobibe,pɾobib,pɾoib,NL
pɾoiba,pɾobibe,pɾobib,pɾoib,NL
pɾoiba,pɾobibe,pɾobib,pɾoib,NL
pɾoiba,pɾobibe,pɾobib,pɾoib,NL
pɾoiba,pɾobibe,pɾobib,pɾoib,NL
pɾoiba,pɾobibe,pɾobib,pɾoib,NL
pɾoiba,pɾobibe,pɾobib,pɾoib,NL
pɾoiba,pɾobibe,pɾobib,pɾoib,NL
pɾoiba,pɾobibe,pɾobib,pɾoib,NL
pɾoiba,pɾobibe,pɾobib,pɾoib,NL
pɾoiba,pɾobibe,pɾobib,pɾoib,NL
pɾoiba,pɾobibe,pɾobib,pɾoib,NL
pɾoiba,pɾobibe,pɾobib,pɾoib,NL
pɾoiba,pɾobibe,pɾobib,pɾoib,NL
pɾoiba,pɾobibe,pɾobib,pɾoib,NL
pɾoiba,pɾobibe,pɾobib,pɾoib,NL
pɾoiba,pɾobibe,pɾobib,pɾoib,NL
pɾoiba,pɾobibe,pɾobib,pɾoib,NL
pɾoiba,pɾobibe,pɾobib,pɾoib,NL
pɾoiba,pɾobibe,pɾobib,pɾoib,NL
pɾoiba,pɾobibe,pɾobib,pɾoib,NL
pɾoiba,pɾobibe,pɾobib,pɾoib,NL
pɾoiba,pɾobibe,pɾobib,pɾoib,NL
pɾoiba,pɾobibe,pɾobib,pɾoib,NL
pɾoiba,pɾobibe,pɾobib,pɾoib,NL
pɾoiba,pɾobibe,pɾobib,pɾoib,NL
pɾoiba,pɾobibe,pɾobib,pɾoib,NL
pɾoiba,pɾobibe,pɾobib,pɾoib,NL
pɾoiba,pɾobibe,pɾobib,pɾoib,NL
pɾoiba,pɾobibe,pɾobib,pɾoib,NL
pɾoiba,pɾobibe,pɾobib,pɾoib,NL
pɾoiba,pɾobibe,pɾobib,pɾoib,NL
pɾoiba,pɾobibe,pɾobib,pɾoib,NL
pɾoiba,pɾobibe,pɾobib,pɾoib,NL
pɾoiba,pɾobibe,pɾobib,pɾoib,NL
pɾoiba,pɾobibe,pɾobib,pɾoib,NL
pɾoiba,pɾobibe,pɾobib,pɾoib,NL
pɾoiba,pɾobibe,pɾobib,pɾoib,NL
pɾoiba,pɾobibe,pɾobib,pɾoib,NL
pɾoiba,pɾobibe,pɾobib,pɾoib,NL
pɾoiba,pɾobibe,pɾobib,pɾoib,NL
pɾoiba,pɾobibe,pɾobib,pɾoib,NL
pɾoiba,pɾobibe,pɾobib,pɾoib,NL
pɾoiba,pɾobibe,pɾobib,pɾoib,NL
pɾoiba,pɾobibe,pɾobib,pɾoib,NL
pɾoiba,pɾobibe,pɾobib,pɾoib,NL
pɾoiba,pɾobibe,pɾobib,pɾoib,NL
pɾoiba,pɾobibe,pɾobib,pɾoib,NL
pɾoiba,pɾobibe,pɾobib,pɾoib,NL
pɾoiba,pɾobibe,pɾobib,pɾoib,NL
pɾoiba,pɾobibe,pɾobib,pɾoib,NL
pɾoiba,pɾobibe,pɾobib,pɾoib,NL
pɾoiba,pɾobibe,pɾobib,pɾoib,NL
pɾoiba,pɾobibe,pɾobib,pɾoib,NL
pɾoiba,pɾobibe,pɾobib,pɾoib,NL
pɾoiba,pɾobibe,pɾobib,pɾoib,NL
pɾoiba,pɾobibe,pɾobib,pɾoib,NL
pɾoiba,pɾobibe,pɾobib,pɾoib,NL
pɾoiba,pɾobibe,pɾobib,pɾoib,NL
pɾoiba,pɾobibe,pɾobib,pɾoib,NL
pɾoiba,pɾobibe,pɾobib,pɾoib,NL
pɾoiba,pɾobibe,pɾobib,pɾoib,NL
pɾoiba,pɾobibe,pɾobib,pɾoib,NL
pɾoiba,pɾobibe,pɾobib,pɾoib,NL
pɾoiba,pɾobibe,pɾobib,pɾoib,NL
pɾoiba,pɾobibe,pɾobib,pɾoib,NL
pɾoiba,pɾobibe,pɾobib,pɾoib,NL
pɾoiba,pɾobibe,pɾobib,pɾoib,NL
pɾoiben,pɾobiban,pɾobib,pɾoib,NL
pɾoiben,pɾobiban,pɾobib,pɾoib,NL
pɾoiben,pɾobiban,pɾobib,pɾoib,NL
pɾoiben,pɾobiban,pɾobib,pɾoib,NL
pɾoiben,pɾobiban,pɾobib,pɾoib,NL
pɾoiben,pɾobiban,pɾobib,pɾoib,NL
pɾoiben,pɾobiban,pɾobib,pɾoib,NL
pɾoiben,pɾobiban,pɾobib,pɾoib,NL
pɾoiben,pɾobiban,pɾobib,pɾoib,NL
pɾoiben,pɾobiban,pɾobib,pɾoib,NL
pɾoiben,pɾobiban,pɾobib,pɾoib,NL
pɾoiben,pɾobiban,pɾobib,pɾoib,NL
pɾoiben,pɾobiban,pɾobib,pɾoib,NL
pɾoiben,pɾobiban,pɾobib,pɾoib,NL
pɾoiben,pɾobiban,pɾobib,pɾoib,NL
pɾoiben,pɾobiban,pɾobib,pɾoib,NL
pɾoiben,pɾobiban,pɾobib,pɾoib,NL
pɾoiben,pɾobiban,pɾobib,pɾoib,NL
pɾoiben,pɾobiban,pɾobib,pɾoib,NL
pɾoiben,pɾobiban,pɾobib,pɾoib,NL
pɾoiben,pɾobiban,pɾobib,pɾoib,NL
pɾoiben,pɾobiban,pɾobib,pɾoib,NL
pɾoiben,pɾobiban,pɾobib,pɾoib,NL
pɾoiben,pɾobiban,pɾobib,pɾoib,NL
pɾoiben,pɾobiban,pɾobib,pɾoib,NL
pɾoiben,pɾobiban,pɾobib,pɾoib,NL
pɾoiben,pɾobiban,pɾobib,pɾoib,NL
pɾoiben,pɾobiban,pɾobib,pɾoib,NL
pɾoiben,pɾobiban,pɾobib,pɾoib,NL
pɾoiben,pɾobiban,pɾobib,pɾoib,NL
pɾoiben,pɾobiban,pɾobib,pɾoib,NL
pɾoiben,pɾobiban,pɾobib,pɾoib,NL
pɾoiben,pɾobiban,pɾobib,pɾoib,NL
pɾoiben,pɾobiban,pɾobib,pɾoib,NL
pɾoiben,pɾobiban,pɾobib,pɾoib,NL
pɾoiben,pɾobiban,pɾobib,pɾoib,NL
pɾoiben,pɾobiban,pɾobib,pɾoib,NL
pɾoiben,pɾobiban,pɾobib,pɾoib,NL
pɾoiben,pɾobiban,pɾobib,pɾoib,NL
pɾoiben,pɾobiban,pɾobib,pɾoib,NL
pɾoiben,pɾobiban,pɾobib,pɾoib,NL
pɾoiben,pɾobiban,pɾobib,pɾoib,NL
pɾoiben,pɾobiban,pɾobib,pɾoib,NL
pɾoiben,pɾobiban,pɾobib,pɾoib,NL
pɾoiben,pɾobiban,pɾobib,pɾoib,NL
pɾoiben,pɾobiban,pɾobib,pɾoib,NL
pɾoiben,pɾobiban,pɾobib,pɾoib,NL
pɾoiben,pɾobiban,pɾobib,pɾoib,NL
pɾoiben,pɾobiban,pɾobib,pɾoib,NL
pɾoiben,pɾobiban,pɾobib,pɾoib,NL
pɾoiben,pɾobiban,pɾobib,pɾoib,NL
pɾoiben,pɾobiban,pɾobib,pɾoib,NL
pɾoiben,pɾobiban,pɾobib,pɾoib,NL
pɾoiben,pɾobiban,pɾobib,pɾoib,NL
pɾoiben,pɾobiban,pɾobib,pɾoib,NL
pɾoibes,pɾobibas,pɾobib,pɾoib,NL
pɾoibes,pɾobibas,pɾobib,pɾoib,NL
pɾoibes,pɾobibas,pɾobib,pɾoib,NL
pɾoibes,pɾobibas,pɾobib,pɾoib,NL
pɾoibes,pɾobibas,pɾobib,pɾoib,NL
pɾoibes,pɾobibas,pɾobib,pɾoib,NL
pɾoibes,pɾobibas,pɾobib,pɾoib,NL
pɾoibes,pɾobibas,pɾobib,pɾoib,NL
pɾoibes,pɾobibas,pɾobib,pɾoib,NL
pɾoibes,pɾobibas,pɾobib,pɾoib,NL
pɾoibes,pɾobibas,pɾobib,pɾoib,NL
pɾoibes,pɾobibas,pɾobib,pɾoib,NL
pɾoibes,pɾobibas,pɾobib,pɾoib,NL
pɾoibes,pɾobibas,pɾobib,pɾoib,NL
pɾoibes,pɾobibas,pɾobib,pɾoib,NL
pɾoibes,pɾobibas,pɾobib,pɾoib,NL
pɾoibes,pɾobibas,pɾobib,pɾoib,NL
pɾoibes,pɾobibas,pɾobib,pɾoib,NL
pɾoibes,pɾobibas,pɾobib,pɾoib,NL
pɾoibes,pɾobibas,pɾobib,pɾoib,NL
pɾoibes,pɾobibas,pɾobib,pɾoib,NL
pɾoibes,pɾobibas,pɾobib,pɾoib,NL
pɾoibes,pɾobibas,pɾobib,pɾoib,NL
pɾoibes,pɾobibas,pɾobib,pɾoib,NL
pɾoibes,pɾobibas,pɾobib,pɾoib,NL
pɾoibes,pɾobibas,pɾobib,pɾoib,NL
pɾoibes,pɾobibas,pɾobib,pɾoib,NL
pɾoibes,pɾobibas,pɾobib,pɾoib,NL
pɾoibes,pɾobibas,pɾobib,pɾoib,NL
pɾoibes,pɾobibas,pɾobib,pɾoib,NL
pɾoibes,pɾobibas,pɾobib,pɾoib,NL
pɾoibes,pɾobibas,pɾobib,pɾoib,NL
pɾoibes,pɾobibas,pɾobib,pɾoib,NL
pɾoibes,pɾobibas,pɾobib,pɾoib,NL
pɾoibes,pɾobibas,pɾobib,pɾoib,NL
pɾoibes,pɾobibas,pɾobib,pɾoib,NL
pɾoibes,pɾobibas,pɾobib,pɾoib,NL
pɾoibes,pɾobibas,pɾobib,pɾoib,NL
pɾoibes,pɾobibas,pɾobib,pɾoib,NL
pɾoibes,pɾobibas,pɾobib,pɾoib,NL
pɾoibes,pɾobibas,pɾobib,pɾoib,NL
pɾoibes,pɾobibas,pɾobib,pɾoib,NL
pɾoibes,pɾobibas,pɾobib,pɾoib,NL
pɾoibes,pɾobibas,pɾobib,pɾoib,NL
pɾoibes,pɾobibas,pɾobib,pɾoib,NL
pɾoibes,pɾobibas,pɾobib,pɾoib,NL
pɾoibes,pɾobibas,pɾobib,pɾoib,NL
pɾoibes,pɾobibas,pɾobib,pɾoib,NL
pɾoibes,pɾobibas,pɾobib,pɾoib,NL
pɾoibes,pɾobibas,pɾobib,pɾoib,NL
pɾoibes,pɾobibas,pɾobib,pɾoib,NL
pɾoibes,pɾobibas,pɾobib,pɾoib,NL
pɾoibes,pɾobibas,pɾobib,pɾoib,NL
pɾoibes,pɾobibas,pɾobib,pɾoib,NL
pɾoibes,pɾobibas,pɾobib,pɾoib,NL
pɾoibe,pɾobiba,pɾobib,pɾoib,NL
pɾoibe,pɾobiba,pɾobib,pɾoib,NL
pɾoibe,pɾobiba,pɾobib,pɾoib,NL
pɾoibe,pɾobiba,pɾobib,pɾoib,NL
pɾoibe,pɾobiba,pɾobib,pɾoib,NL
pɾoibe,pɾobiba,pɾobib,pɾoib,NL
pɾoibe,pɾobiba,pɾobib,pɾoib,NL
pɾoibe,pɾobiba,pɾobib,pɾoib,NL
pɾoibe,pɾobiba,pɾobib,pɾoib,NL
pɾoibe,pɾobiba,pɾobib,pɾoib,NL
pɾoibe,pɾobiba,pɾobib,pɾoib,NL
pɾoibe,pɾobiba,pɾobib,pɾoib,NL
pɾoibe,pɾobiba,pɾobib,pɾoib,NL
pɾoibe,pɾobiba,pɾobib,pɾoib,NL
pɾoibe,pɾobiba,pɾobib,pɾoib,NL
pɾoibe,pɾobiba,pɾobib,pɾoib,NL
pɾoibe,pɾobiba,pɾobib,pɾoib,NL
pɾoibe,pɾobiba,pɾobib,pɾoib,NL
pɾoibe,pɾobiba,pɾobib,pɾoib,NL
pɾoibe,pɾobiba,pɾobib,pɾoib,NL
pɾoibe,pɾobiba,pɾobib,pɾoib,NL
pɾoibe,pɾobiba,pɾobib,pɾoib,NL
pɾoibe,pɾobiba,pɾobib,pɾoib,NL
pɾoibe,pɾobiba,pɾobib,pɾoib,NL
pɾoibe,pɾobiba,pɾobib,pɾoib,NL
pɾoibe,pɾobiba,pɾobib,pɾoib,NL
pɾoibe,pɾobiba,pɾobib,pɾoib,NL
pɾoibe,pɾobiba,pɾobib,pɾoib,NL
pɾoibe,pɾobiba,pɾobib,pɾoib,NL
pɾoibe,pɾobiba,pɾobib,pɾoib,NL
pɾoibe,pɾobiba,pɾobib,pɾoib,NL
pɾoibe,pɾobiba,pɾobib,pɾoib,NL
pɾoibe,pɾobiba,pɾobib,pɾoib,NL
pɾoibe,pɾobiba,pɾobib,pɾoib,NL
pɾoibe,pɾobiba,pɾobib,pɾoib,NL
pɾoibe,pɾobiba,pɾobib,pɾoib,NL
pɾoibe,pɾobiba,pɾobib,pɾoib,NL
pɾoibe,pɾobiba,pɾobib,pɾoib,NL
pɾoibe,pɾobiba,pɾobib,pɾoib,NL
pɾoibe,pɾobiba,pɾobib,pɾoib,NL
pɾoibe,pɾobiba,pɾobib,pɾoib,NL
pɾoibe,pɾobiba,pɾobib,pɾoib,NL
pɾoibe,pɾobiba,pɾobib,pɾoib,NL
pɾoibe,pɾobiba,pɾobib,pɾoib,NL
pɾoibe,pɾobiba,pɾobib,pɾoib,NL
pɾoibe,pɾobiba,pɾobib,pɾoib,NL
pɾoibe,pɾobiba,pɾobib,pɾoib,NL
pɾoibe,pɾobiba,pɾobib,pɾoib,NL
pɾoibe,pɾobiba,pɾobib,pɾoib,NL
pɾoibe,pɾobiba,pɾobib,pɾoib,NL
pɾoibe,pɾobiba,pɾobib,pɾoib,NL
pɾoibe,pɾobiba,pɾobib,pɾoib,NL
pɾoibe,pɾobiba,pɾobib,pɾoib,NL
pɾoibe,pɾobiba,pɾobib,pɾoib,NL
pɾoibe,pɾobiba,pɾobib,pɾoib,NL
pɾoibimos,pɾobamos,pɾob,pɾoib,NL
pɾoibimos,pɾobamos,pɾob,pɾoib,NL
pɾoibimos,pɾobamos,pɾob,pɾoib,NL
pɾoibimos,pɾobamos,pɾob,pɾoib,NL
pɾoibimos,pɾobamos,pɾob,pɾoib,NL
pɾoibimos,pɾobamos,pɾob,pɾoib,NL
pɾoibimos,pɾobamos,pɾob,pɾoib,NL
pɾoibimos,pɾobamos,pɾob,pɾoib,NL
pɾoibimos,pɾobamos,pɾob,pɾoib,NL
pɾoibimos,pɾobamos,pɾob,pɾoib,NL
pɾoibimos,pɾobamos,pɾob,pɾoib,NL
pɾoibimos,pɾobamos,pɾob,pɾoib,NL
pɾoibimos,pɾobamos,pɾob,pɾoib,NL
pɾoibimos,pɾobamos,pɾob,pɾoib,NL
pɾoibimos,pɾobamos,pɾob,pɾoib,NL
pɾoibimos,pɾobamos,pɾob,pɾoib,NL
pɾoibimos,pɾobamos,pɾob,pɾoib,NL
pɾoibimos,pɾobamos,pɾob,pɾoib,NL
pɾoibimos,pɾobamos,pɾob,pɾoib,NL
pɾoibimos,pɾobamos,pɾob,pɾoib,NL
pɾoibimos,pɾobamos,pɾob,pɾoib,NL
pɾoibimos,pɾobamos,pɾob,pɾoib,NL
pɾoibimos,pɾobamos,pɾob,pɾoib,NL
pɾoibimos,pɾobamos,pɾob,pɾoib,NL
pɾoibimos,pɾobamos,pɾob,pɾoib,NL
pɾoibimos,pɾobamos,pɾob,pɾoib,NL
pɾoibimos,pɾobamos,pɾob,pɾoib,NL
pɾoibimos,pɾobamos,pɾob,pɾoib,NL
pɾoibimos,pɾobamos,pɾob,pɾoib,NL
pɾoibimos,pɾobamos,pɾob,pɾoib,NL
pɾoibimos,pɾobamos,pɾob,pɾoib,NL
pɾoibimos,pɾobamos,pɾob,pɾoib,NL
pɾoibimos,pɾobamos,pɾob,pɾoib,NL
pɾoibimos,pɾobamos,pɾob,pɾoib,NL
pɾoibimos,pɾobamos,pɾob,pɾoib,NL
pɾoibimos,pɾobamos,pɾob,pɾoib,NL
pɾoibimos,pɾobamos,pɾob,pɾoib,NL
pɾoibimos,pɾobamos,pɾob,pɾoib,NL
pɾoibimos,pɾobamos,pɾob,pɾoib,NL
pɾoibimos,pɾobamos,pɾob,pɾoib,NL
pɾoibimos,pɾobamos,pɾob,pɾoib,NL
pɾoibimos,pɾobamos,pɾob,pɾoib,NL
pɾoibimos,pɾobamos,pɾob,pɾoib,NL
pɾoibimos,pɾobamos,pɾob,pɾoib,NL
pɾoibimos,pɾobamos,pɾob,pɾoib,NL
pɾoibimos,pɾobibamos,pɾobib,pɾoib,NL
pɾoibimos,pɾobibamos,pɾobib,pɾoib,NL
pɾoibimos,pɾobamos,pɾob,pɾoib,NL
pɾoibimos,pɾobamos,pɾob,pɾoib,NL
pɾoibimos,pɾobibamos,pɾobib,pɾoib,NL
pɾoibimos,pɾobamos,pɾob,pɾoib,NL
pɾoibimos,pɾobibamos,pɾobib,pɾoib,NL
pɾoibimos,pɾobamos,pɾob,pɾoib,NL
pɾoibimos,pɾobibamos,pɾobib,pɾoib,NL
pɾoibimos,pɾobamos,pɾob,pɾoib,NL
pɾoibis,pɾobajs,pɾob,pɾoib,NL
pɾoibis,pɾobajs,pɾob,pɾoib,NL
pɾoibis,pɾobajs,pɾob,pɾoib,NL
pɾoibis,pɾobajs,pɾob,pɾoib,NL
pɾoibis,pɾobajs,pɾob,pɾoib,NL
pɾoibis,pɾobajs,pɾob,pɾoib,NL
pɾoibis,pɾobajs,pɾob,pɾoib,NL
pɾoibis,pɾobajs,pɾob,pɾoib,NL
pɾoibis,pɾobajs,pɾob,pɾoib,NL
pɾoibis,pɾobajs,pɾob,pɾoib,NL
pɾoibis,pɾobajs,pɾob,pɾoib,NL
pɾoibis,pɾobajs,pɾob,pɾoib,NL
pɾoibis,pɾobajs,pɾob,pɾoib,NL
pɾoibis,pɾobajs,pɾob,pɾoib,NL
pɾoibis,pɾobajs,pɾob,pɾoib,NL
pɾoibis,pɾobajs,pɾob,pɾoib,NL
pɾoibis,pɾobajs,pɾob,pɾoib,NL
pɾoibis,pɾobajs,pɾob,pɾoib,NL
pɾoibis,pɾobajs,pɾob,pɾoib,NL
pɾoibis,pɾobibajs,pɾobib,pɾoib,NL
pɾoibis,pɾobajs,pɾob,pɾoib,NL
pɾoibis,pɾobajs,pɾob,pɾoib,NL
pɾoibis,pɾobibajs,pɾobib,pɾoib,NL
pɾoibis,pɾobajs,pɾob,pɾoib,NL
pɾoibis,pɾobajs,pɾob,pɾoib,NL
pɾoibis,pɾobibajs,pɾobib,pɾoib,NL
pɾoibis,pɾobajs,pɾob,pɾoib,NL
pɾoibis,pɾobajs,pɾob,pɾoib,NL
pɾoibis,pɾobajs,pɾob,pɾoib,NL
pɾoibis,pɾobajs,pɾob,pɾoib,NL
pɾoibis,pɾobajs,pɾob,pɾoib,NL
pɾoibis,pɾobajs,pɾob,pɾoib,NL
pɾoibis,pɾobajs,pɾob,pɾoib,NL
pɾoibis,pɾobajs,pɾob,pɾoib,NL
pɾoibis,pɾobajs,pɾob,pɾoib,NL
pɾoibis,pɾobibajs,pɾobib,pɾoib,NL
pɾoibis,pɾobajs,pɾob,pɾoib,NL
pɾoibis,pɾobibajs,pɾobib,pɾoib,NL
pɾoibis,pɾobajs,pɾob,pɾoib,NL
pɾoibis,pɾobajs,pɾob,pɾoib,NL
pɾoibis,pɾobibajs,pɾobib,pɾoib,NL
pɾoibis,pɾobibajs,pɾobib,pɾoib,NL
pɾoibis,pɾobibajs,pɾobib,pɾoib,NL
pɾoibis,pɾobajs,pɾob,pɾoib,NL
pɾoibis,pɾobajs,pɾob,pɾoib,NL
pɾoibis,pɾobibajs,pɾobib,pɾoib,NL
pɾoibis,pɾobibajs,pɾobib,pɾoib,NL
pɾoibis,pɾobibajs,pɾobib,pɾoib,NL
pɾoibis,pɾobajs,pɾob,pɾoib,NL
pɾoibis,pɾobibajs,pɾobib,pɾoib,NL
pɾoibis,pɾobibajs,pɾobib,pɾoib,NL
pɾoibis,pɾobibajs,pɾobib,pɾoib,NL
pɾoibis,pɾobibajs,pɾobib,pɾoib,NL
pɾoibis,pɾobibajs,pɾobib,pɾoib,NL
pɾoibis,pɾobajs,pɾob,pɾoib,NL
pɾoibo,pɾobibo,pɾobib,pɾoib,NL
pɾoibo,pɾobibo,pɾobib,pɾoib,NL
pɾoibo,pɾobibo,pɾobib,pɾoib,NL
pɾoibo,pɾobibo,pɾobib,pɾoib,NL
pɾoibo,pɾobibo,pɾobib,pɾoib,NL
pɾoibo,pɾobibo,pɾobib,pɾoib,NL
pɾoibo,pɾobibo,pɾobib,pɾoib,NL
pɾoibo,pɾobibo,pɾobib,pɾoib,NL
pɾoibo,pɾobibo,pɾobib,pɾoib,NL
pɾoibo,pɾobibo,pɾobib,pɾoib,NL
pɾoibo,pɾobibo,pɾobib,pɾoib,NL
pɾoibo,pɾobibo,pɾobib,pɾoib,NL
pɾoibo,pɾobibo,pɾobib,pɾoib,NL
pɾoibo,pɾobibo,pɾobib,pɾoib,NL
pɾoibo,pɾobibo,pɾobib,pɾoib,NL
pɾoibo,pɾobibo,pɾobib,pɾoib,NL
pɾoibo,pɾobibo,pɾobib,pɾoib,NL
pɾoibo,pɾobibo,pɾobib,pɾoib,NL
pɾoibo,pɾobibo,pɾobib,pɾoib,NL
pɾoibo,pɾobibo,pɾobib,pɾoib,NL
pɾoibo,pɾobibo,pɾobib,pɾoib,NL
pɾoibo,pɾobibo,pɾobib,pɾoib,NL
pɾoibo,pɾobibo,pɾobib,pɾoib,NL
pɾoibo,pɾobibo,pɾobib,pɾoib,NL
pɾoibo,pɾobibo,pɾobib,pɾoib,NL
pɾoibo,pɾobibo,pɾobib,pɾoib,NL
pɾoibo,pɾobibo,pɾobib,pɾoib,NL
pɾoibo,pɾobibo,pɾobib,pɾoib,NL
pɾoibo,pɾobibo,pɾobib,pɾoib,NL
pɾoibo,pɾobibo,pɾobib,pɾoib,NL
pɾoibo,pɾobibo,pɾobib,pɾoib,NL
pɾoibo,pɾobibo,pɾobib,pɾoib,NL
pɾoibo,pɾobibo,pɾobib,pɾoib,NL
pɾoibo,pɾobibo,pɾobib,pɾoib,NL
pɾoibo,pɾobibo,pɾobib,pɾoib,NL
pɾoibo,pɾobibo,pɾobib,pɾoib,NL
pɾoibo,pɾobibo,pɾobib,pɾoib,NL
pɾoibo,pɾobibo,pɾobib,pɾoib,NL
pɾoibo,pɾobibo,pɾobib,pɾoib,NL
pɾoibo,pɾobibo,pɾobib,pɾoib,NL
pɾoibo,pɾobibo,pɾobib,pɾoib,NL
pɾoibo,pɾobibo,pɾobib,pɾoib,NL
pɾoibo,pɾobibo,pɾobib,pɾoib,NL
pɾoibo,pɾobibo,pɾobib,pɾoib,NL
pɾoibo,pɾobibo,pɾobib,pɾoib,NL
pɾoibo,pɾobibo,pɾobib,pɾoib,NL
pɾoibo,pɾobibo,pɾobib,pɾoib,NL
pɾoibo,pɾobibo,pɾobib,pɾoib,NL
pɾoibo,pɾobibo,pɾobib,pɾoib,NL
pɾoibo,pɾobibo,pɾobib,pɾoib,NL
pɾoibo,pɾobibo,pɾobib,pɾoib,NL
pɾoibo,pɾobibo,pɾobib,pɾoib,NL
pɾoibo,pɾobibo,pɾobib,pɾoib,NL
pɾoibo,pɾobibo,pɾobib,pɾoib,NL
pɾoibo,pɾobibo,pɾobib,pɾoib,NL
entɾekomiʃajs,entɾekoʃiʃajs,entɾekoʃiʃ,entɾekomiʃ,NL
entɾekomiʃajs,entɾekoʃiʃajs,entɾekoʃiʃ,entɾekomiʃ,NL
entɾekomiʃajs,entɾekoʃiʃajs,entɾekoʃiʃ,entɾekomiʃ,NL
entɾekomiʃajs,entɾekoʃiʃajs,entɾekoʃiʃ,entɾekomiʃ,NL
entɾekomiʃajs,entɾekoʃiʃajs,entɾekoʃiʃ,entɾekomiʃ,NL
entɾekomiʃajs,entɾekoʃiʃajs,entɾekoʃiʃ,entɾekomiʃ,NL
entɾekomiʃajs,entɾekoʃiʃajs,entɾekoʃiʃ,entɾekomiʃ,NL
entɾekomiʃajs,entɾekoʃiʃajs,entɾekoʃiʃ,entɾekomiʃ,NL
entɾekomiʃajs,entɾekoʃiʃajs,entɾekoʃiʃ,entɾekomiʃ,NL
entɾekomiʃajs,entɾekoʃiʃajs,entɾekoʃiʃ,entɾekomiʃ,NL
entɾekomiʃajs,entɾekoʃiʃajs,entɾekoʃiʃ,entɾekomiʃ,NL
entɾekomiʃajs,entɾekoʃiʃajs,entɾekoʃiʃ,entɾekomiʃ,NL
entɾekomiʃajs,entɾekoʃiʃajs,entɾekoʃiʃ,entɾekomiʃ,NL
entɾekomiʃajs,entɾekoʃiʃajs,entɾekoʃiʃ,entɾekomiʃ,NL
entɾekomiʃajs,entɾekoʃiʃajs,entɾekoʃiʃ,entɾekomiʃ,NL
entɾekomiʃajs,entɾekoʃiʃajs,entɾekoʃiʃ,entɾekomiʃ,NL
entɾekomiʃajs,entɾekoʃiʃajs,entɾekoʃiʃ,entɾekomiʃ,NL
entɾekomiʃajs,entɾekoʃiʃajs,entɾekoʃiʃ,entɾekomiʃ,NL
entɾekomiʃajs,entɾekoʃiʃajs,entɾekoʃiʃ,entɾekomiʃ,NL
entɾekomiʃajs,entɾekoʃiʃajs,entɾekoʃiʃ,entɾekomiʃ,NL
entɾekomiʃajs,entɾekoʃiʃajs,entɾekoʃiʃ,entɾekomiʃ,NL
entɾekomiʃajs,entɾekoʃiʃajs,entɾekoʃiʃ,entɾekomiʃ,NL
entɾekomiʃajs,entɾekoʃiʃajs,entɾekoʃiʃ,entɾekomiʃ,NL
entɾekomiʃajs,entɾekoʃiʃajs,entɾekoʃiʃ,entɾekomiʃ,NL
entɾekomiʃajs,entɾekoʃiʃajs,entɾekoʃiʃ,entɾekomiʃ,NL
entɾekomiʃajs,entɾekoʃiʃajs,entɾekoʃiʃ,entɾekomiʃ,NL
entɾekomiʃajs,entɾekoʃiʃajs,entɾekoʃiʃ,entɾekomiʃ,NL
entɾekomiʃajs,entɾekoʃiʃajs,entɾekoʃiʃ,entɾekomiʃ,NL
entɾekomiʃajs,entɾekoʃiʃajs,entɾekoʃiʃ,entɾekomiʃ,NL
entɾekomiʃajs,entɾekoʃiʃajs,entɾekoʃiʃ,entɾekomiʃ,NL
entɾekomiʃajs,entɾekoʃiʃajs,entɾekoʃiʃ,entɾekomiʃ,NL
entɾekomiʃajs,entɾekoʃiʃajs,entɾekoʃiʃ,entɾekomiʃ,NL
entɾekomiʃajs,entɾekoʃiʃajs,entɾekoʃiʃ,entɾekomiʃ,NL
entɾekomiʃajs,entɾekoʃiʃajs,entɾekoʃiʃ,entɾekomiʃ,NL
entɾekomiʃajs,entɾekoʃiʃajs,entɾekoʃiʃ,entɾekomiʃ,NL
entɾekomiʃajs,entɾekoʃiʃajs,entɾekoʃiʃ,entɾekomiʃ,NL
entɾekomiʃajs,entɾekoʃiʃajs,entɾekoʃiʃ,entɾekomiʃ,NL
entɾekomiʃajs,entɾekoʃiʃajs,entɾekoʃiʃ,entɾekomiʃ,NL
entɾekomiʃajs,entɾekoʃiʃajs,entɾekoʃiʃ,entɾekomiʃ,NL
entɾekomiʃajs,entɾekoʃiʃajs,entɾekoʃiʃ,entɾekomiʃ,NL
entɾekomiʃajs,entɾekoʃiʃajs,entɾekoʃiʃ,entɾekomiʃ,NL
entɾekomiʃajs,entɾekoʃiʃajs,entɾekoʃiʃ,entɾekomiʃ,NL
entɾekomiʃajs,entɾekoʃiʃajs,entɾekoʃiʃ,entɾekomiʃ,NL
entɾekomiʃajs,entɾekoʃiʃajs,entɾekoʃiʃ,entɾekomiʃ,NL
entɾekomiʃajs,entɾekoʃiʃajs,entɾekoʃiʃ,entɾekomiʃ,NL
entɾekomiʃajs,entɾekoʃiʃajs,entɾekoʃiʃ,entɾekomiʃ,NL
entɾekomiʃajs,entɾekoʃiʃajs,entɾekoʃiʃ,entɾekomiʃ,NL
entɾekomiʃajs,entɾekoʃiʃajs,entɾekoʃiʃ,entɾekomiʃ,NL
entɾekomiʃajs,entɾekoʃiʃajs,entɾekoʃiʃ,entɾekomiʃ,NL
entɾekomiʃajs,entɾekoʃiʃajs,entɾekoʃiʃ,entɾekomiʃ,NL
entɾekomiʃajs,entɾekoʃiʃajs,entɾekoʃiʃ,entɾekomiʃ,NL
entɾekomiʃajs,entɾekoʃiʃajs,entɾekoʃiʃ,entɾekomiʃ,NL
entɾekomiʃajs,entɾekoʃiʃajs,entɾekoʃiʃ,entɾekomiʃ,NL
entɾekomiʃajs,entɾekoʃiʃajs,entɾekoʃiʃ,entɾekomiʃ,NL
entɾekomiʃajs,entɾekoʃiʃajs,entɾekoʃiʃ,entɾekomiʃ,NL
entɾekomiʃamos,entɾekoʃiʃamos,entɾekoʃiʃ,entɾekomiʃ,NL
entɾekomiʃamos,entɾekoʃiʃamos,entɾekoʃiʃ,entɾekomiʃ,NL
entɾekomiʃamos,entɾekoʃiʃamos,entɾekoʃiʃ,entɾekomiʃ,NL
entɾekomiʃamos,entɾekoʃiʃamos,entɾekoʃiʃ,entɾekomiʃ,NL
entɾekomiʃamos,entɾekoʃiʃamos,entɾekoʃiʃ,entɾekomiʃ,NL
entɾekomiʃamos,entɾekoʃiʃamos,entɾekoʃiʃ,entɾekomiʃ,NL
entɾekomiʃamos,entɾekoʃiʃamos,entɾekoʃiʃ,entɾekomiʃ,NL
entɾekomiʃamos,entɾekoʃiʃamos,entɾekoʃiʃ,entɾekomiʃ,NL
entɾekomiʃamos,entɾekoʃiʃamos,entɾekoʃiʃ,entɾekomiʃ,NL
entɾekomiʃamos,entɾekoʃiʃamos,entɾekoʃiʃ,entɾekomiʃ,NL
entɾekomiʃamos,entɾekoʃiʃamos,entɾekoʃiʃ,entɾekomiʃ,NL
entɾekomiʃamos,entɾekoʃiʃamos,entɾekoʃiʃ,entɾekomiʃ,NL
entɾekomiʃamos,entɾekoʃiʃamos,entɾekoʃiʃ,entɾekomiʃ,NL
entɾekomiʃamos,entɾekoʃiʃamos,entɾekoʃiʃ,entɾekomiʃ,NL
entɾekomiʃamos,entɾekoʃiʃamos,entɾekoʃiʃ,entɾekomiʃ,NL
entɾekomiʃamos,entɾekoʃiʃamos,entɾekoʃiʃ,entɾekomiʃ,NL
entɾekomiʃamos,entɾekoʃiʃamos,entɾekoʃiʃ,entɾekomiʃ,NL
entɾekomiʃamos,entɾekoʃiʃamos,entɾekoʃiʃ,entɾekomiʃ,NL
entɾekomiʃamos,entɾekoʃiʃamos,entɾekoʃiʃ,entɾekomiʃ,NL
entɾekomiʃamos,entɾekoʃiʃamos,entɾekoʃiʃ,entɾekomiʃ,NL
entɾekomiʃamos,entɾekoʃiʃamos,entɾekoʃiʃ,entɾekomiʃ,NL
entɾekomiʃamos,entɾekoʃiʃamos,entɾekoʃiʃ,entɾekomiʃ,NL
entɾekomiʃamos,entɾekoʃiʃamos,entɾekoʃiʃ,entɾekomiʃ,NL
entɾekomiʃamos,entɾekoʃiʃamos,entɾekoʃiʃ,entɾekomiʃ,NL
entɾekomiʃamos,entɾekoʃiʃamos,entɾekoʃiʃ,entɾekomiʃ,NL
entɾekomiʃamos,entɾekoʃiʃamos,entɾekoʃiʃ,entɾekomiʃ,NL
entɾekomiʃamos,entɾekoʃiʃamos,entɾekoʃiʃ,entɾekomiʃ,NL
entɾekomiʃamos,entɾekoʃiʃamos,entɾekoʃiʃ,entɾekomiʃ,NL
entɾekomiʃamos,entɾekoʃiʃamos,entɾekoʃiʃ,entɾekomiʃ,NL
entɾekomiʃamos,entɾekoʃiʃamos,entɾekoʃiʃ,entɾekomiʃ,NL
entɾekomiʃamos,entɾekoʃiʃamos,entɾekoʃiʃ,entɾekomiʃ,NL
entɾekomiʃamos,entɾekoʃiʃamos,entɾekoʃiʃ,entɾekomiʃ,NL
entɾekomiʃamos,entɾekoʃiʃamos,entɾekoʃiʃ,entɾekomiʃ,NL
entɾekomiʃamos,entɾekoʃiʃamos,entɾekoʃiʃ,entɾekomiʃ,NL
entɾekomiʃamos,entɾekoʃiʃamos,entɾekoʃiʃ,entɾekomiʃ,NL
entɾekomiʃamos,entɾekoʃiʃamos,entɾekoʃiʃ,entɾekomiʃ,NL
entɾekomiʃamos,entɾekoʃiʃamos,entɾekoʃiʃ,entɾekomiʃ,NL
entɾekomiʃamos,entɾekoʃiʃamos,entɾekoʃiʃ,entɾekomiʃ,NL
entɾekomiʃamos,entɾekoʃiʃamos,entɾekoʃiʃ,entɾekomiʃ,NL
entɾekomiʃamos,entɾekoʃiʃamos,entɾekoʃiʃ,entɾekomiʃ,NL
entɾekomiʃamos,entɾekoʃiʃamos,entɾekoʃiʃ,entɾekomiʃ,NL
entɾekomiʃamos,entɾekoʃiʃamos,entɾekoʃiʃ,entɾekomiʃ,NL
entɾekomiʃamos,entɾekoʃiʃamos,entɾekoʃiʃ,entɾekomiʃ,NL
entɾekomiʃamos,entɾekoʃiʃamos,entɾekoʃiʃ,entɾekomiʃ,NL
entɾekomiʃamos,entɾekoʃiʃamos,entɾekoʃiʃ,entɾekomiʃ,NL
entɾekomiʃamos,entɾekoʃiʃamos,entɾekoʃiʃ,entɾekomiʃ,NL
entɾekomiʃamos,entɾekoʃiʃamos,entɾekoʃiʃ,entɾekomiʃ,NL
entɾekomiʃamos,entɾekoʃiʃamos,entɾekoʃiʃ,entɾekomiʃ,NL
entɾekomiʃamos,entɾekoʃiʃamos,entɾekoʃiʃ,entɾekomiʃ,NL
entɾekomiʃamos,entɾekoʃiʃamos,entɾekoʃiʃ,entɾekomiʃ,NL
entɾekomiʃamos,entɾekoʃiʃamos,entɾekoʃiʃ,entɾekomiʃ,NL
entɾekomiʃamos,entɾekoʃiʃamos,entɾekoʃiʃ,entɾekomiʃ,NL
entɾekomiʃamos,entɾekoʃiʃamos,entɾekoʃiʃ,entɾekomiʃ,NL
entɾekomiʃamos,entɾekoʃiʃamos,entɾekoʃiʃ,entɾekomiʃ,NL
entɾekomiʃamos,entɾekoʃiʃamos,entɾekoʃiʃ,entɾekomiʃ,NL
entɾekomiʃan,entɾekomiʃan,entɾekomiʃ,entɾekomiʃ,NL
entɾekomiʃan,entɾekoʃiʃan,entɾekoʃiʃ,entɾekomiʃ,NL
entɾekomiʃan,entɾekoʃiʃan,entɾekoʃiʃ,entɾekomiʃ,NL
entɾekomiʃan,entɾekomiʃan,entɾekomiʃ,entɾekomiʃ,NL
entɾekomiʃan,entɾekomiʃan,entɾekomiʃ,entɾekomiʃ,NL
entɾekomiʃan,entɾekoʃiʃan,entɾekoʃiʃ,entɾekomiʃ,NL
entɾekomiʃan,entɾekoʃiʃan,entɾekoʃiʃ,entɾekomiʃ,NL
entɾekomiʃan,entɾekoʃiʃan,entɾekoʃiʃ,entɾekomiʃ,NL
entɾekomiʃan,entɾekoʃiʃan,entɾekoʃiʃ,entɾekomiʃ,NL
entɾekomiʃan,entɾekoʃiʃan,entɾekoʃiʃ,entɾekomiʃ,NL
entɾekomiʃan,entɾekomiʃan,entɾekomiʃ,entɾekomiʃ,NL
entɾekomiʃan,entɾekomiʃan,entɾekomiʃ,entɾekomiʃ,NL
entɾekomiʃan,entɾekomiʃan,entɾekomiʃ,entɾekomiʃ,NL
entɾekomiʃan,entɾekomiʃan,entɾekomiʃ,entɾekomiʃ,NL
entɾekomiʃan,entɾekomiʃan,entɾekomiʃ,entɾekomiʃ,NL
entɾekomiʃan,entɾekomiʃan,entɾekomiʃ,entɾekomiʃ,NL
entɾekomiʃan,entɾekomiʃan,entɾekomiʃ,entɾekomiʃ,NL
entɾekomiʃan,entɾekoʃiʃan,entɾekoʃiʃ,entɾekomiʃ,NL
entɾekomiʃan,entɾekomiʃan,entɾekomiʃ,entɾekomiʃ,NL
entɾekomiʃan,entɾekoʃiʃan,entɾekoʃiʃ,entɾekomiʃ,NL
entɾekomiʃan,entɾekomiʃan,entɾekomiʃ,entɾekomiʃ,NL
entɾekomiʃan,entɾekomiʃan,entɾekomiʃ,entɾekomiʃ,NL
entɾekomiʃan,entɾekoʃiʃan,entɾekoʃiʃ,entɾekomiʃ,NL
entɾekomiʃan,entɾekoʃiʃan,entɾekoʃiʃ,entɾekomiʃ,NL
entɾekomiʃan,entɾekoʃiʃan,entɾekoʃiʃ,entɾekomiʃ,NL
entɾekomiʃan,entɾekoʃiʃan,entɾekoʃiʃ,entɾekomiʃ,NL
entɾekomiʃan,entɾekoʃiʃan,entɾekoʃiʃ,entɾekomiʃ,NL
entɾekomiʃan,entɾekoʃiʃan,entɾekoʃiʃ,entɾekomiʃ,NL
entɾekomiʃan,entɾekoʃiʃan,entɾekoʃiʃ,entɾekomiʃ,NL
entɾekomiʃan,entɾekoʃiʃan,entɾekoʃiʃ,entɾekomiʃ,NL
entɾekomiʃan,entɾekoʃiʃan,entɾekoʃiʃ,entɾekomiʃ,NL
entɾekomiʃan,entɾekoʃiʃan,entɾekoʃiʃ,entɾekomiʃ,NL
entɾekomiʃan,entɾekoʃiʃan,entɾekoʃiʃ,entɾekomiʃ,NL
entɾekomiʃan,entɾekoʃiʃan,entɾekoʃiʃ,entɾekomiʃ,NL
entɾekomiʃan,entɾekomiʃan,entɾekomiʃ,entɾekomiʃ,NL
entɾekomiʃan,entɾekoʃiʃan,entɾekoʃiʃ,entɾekomiʃ,NL
entɾekomiʃan,entɾekoʃiʃan,entɾekoʃiʃ,entɾekomiʃ,NL
entɾekomiʃan,entɾekoʃiʃan,entɾekoʃiʃ,entɾekomiʃ,NL
entɾekomiʃan,entɾekoʃiʃan,entɾekoʃiʃ,entɾekomiʃ,NL
entɾekomiʃan,entɾekoʃiʃan,entɾekoʃiʃ,entɾekomiʃ,NL
entɾekomiʃan,entɾekoʃiʃan,entɾekoʃiʃ,entɾekomiʃ,NL
entɾekomiʃan,entɾekoʃiʃan,entɾekoʃiʃ,entɾekomiʃ,NL
entɾekomiʃan,entɾekoʃiʃan,entɾekoʃiʃ,entɾekomiʃ,NL
entɾekomiʃan,entɾekoʃiʃan,entɾekoʃiʃ,entɾekomiʃ,NL
entɾekomiʃan,entɾekoʃiʃan,entɾekoʃiʃ,entɾekomiʃ,NL
entɾekomiʃan,entɾekoʃiʃan,entɾekoʃiʃ,entɾekomiʃ,NL
entɾekomiʃan,entɾekoʃiʃan,entɾekoʃiʃ,entɾekomiʃ,NL
entɾekomiʃan,entɾekoʃiʃan,entɾekoʃiʃ,entɾekomiʃ,NL
entɾekomiʃan,entɾekoʃiʃan,entɾekoʃiʃ,entɾekomiʃ,NL
entɾekomiʃan,entɾekoʃiʃan,entɾekoʃiʃ,entɾekomiʃ,NL
entɾekomiʃan,entɾekoʃiʃan,entɾekoʃiʃ,entɾekomiʃ,NL
entɾekomiʃan,entɾekoʃiʃan,entɾekoʃiʃ,entɾekomiʃ,NL
entɾekomiʃan,entɾekoʃiʃan,entɾekoʃiʃ,entɾekomiʃ,NL
entɾekomiʃan,entɾekoʃiʃan,entɾekoʃiʃ,entɾekomiʃ,NL
entɾekomiʃan,entɾekoʃiʃan,entɾekoʃiʃ,entɾekomiʃ,NL
entɾekomiʃas,entɾekomiʃas,entɾekomiʃ,entɾekomiʃ,NL
entɾekomiʃas,entɾekoʃiʃas,entɾekoʃiʃ,entɾekomiʃ,NL
entɾekomiʃas,entɾekoʃiʃas,entɾekoʃiʃ,entɾekomiʃ,NL
entɾekomiʃas,entɾekomiʃas,entɾekomiʃ,entɾekomiʃ,NL
entɾekomiʃas,entɾekomiʃas,entɾekomiʃ,entɾekomiʃ,NL
entɾekomiʃas,entɾekoʃiʃas,entɾekoʃiʃ,entɾekomiʃ,NL
entɾekomiʃas,entɾekoʃiʃas,entɾekoʃiʃ,entɾekomiʃ,NL
entɾekomiʃas,entɾekoʃiʃas,entɾekoʃiʃ,entɾekomiʃ,NL
entɾekomiʃas,entɾekoʃiʃas,entɾekoʃiʃ,entɾekomiʃ,NL
entɾekomiʃas,entɾekoʃiʃas,entɾekoʃiʃ,entɾekomiʃ,NL
entɾekomiʃas,entɾekomiʃas,entɾekomiʃ,entɾekomiʃ,NL
entɾekomiʃas,entɾekomiʃas,entɾekomiʃ,entɾekomiʃ,NL
entɾekomiʃas,entɾekomiʃas,entɾekomiʃ,entɾekomiʃ,NL
entɾekomiʃas,entɾekomiʃas,entɾekomiʃ,entɾekomiʃ,NL
entɾekomiʃas,entɾekomiʃas,entɾekomiʃ,entɾekomiʃ,NL
entɾekomiʃas,entɾekomiʃas,entɾekomiʃ,entɾekomiʃ,NL
entɾekomiʃas,entɾekoʃiʃas,entɾekoʃiʃ,entɾekomiʃ,NL
entɾekomiʃas,entɾekoʃiʃas,entɾekoʃiʃ,entɾekomiʃ,NL
entɾekomiʃas,entɾekomiʃas,entɾekomiʃ,entɾekomiʃ,NL
entɾekomiʃas,entɾekoʃiʃas,entɾekoʃiʃ,entɾekomiʃ,NL
entɾekomiʃas,entɾekomiʃas,entɾekomiʃ,entɾekomiʃ,NL
entɾekomiʃas,entɾekomiʃas,entɾekomiʃ,entɾekomiʃ,NL
entɾekomiʃas,entɾekoʃiʃas,entɾekoʃiʃ,entɾekomiʃ,NL
entɾekomiʃas,entɾekoʃiʃas,entɾekoʃiʃ,entɾekomiʃ,NL
entɾekomiʃas,entɾekoʃiʃas,entɾekoʃiʃ,entɾekomiʃ,NL
entɾekomiʃas,entɾekoʃiʃas,entɾekoʃiʃ,entɾekomiʃ,NL
entɾekomiʃas,entɾekoʃiʃas,entɾekoʃiʃ,entɾekomiʃ,NL
entɾekomiʃas,entɾekoʃiʃas,entɾekoʃiʃ,entɾekomiʃ,NL
entɾekomiʃas,entɾekoʃiʃas,entɾekoʃiʃ,entɾekomiʃ,NL
entɾekomiʃas,entɾekoʃiʃas,entɾekoʃiʃ,entɾekomiʃ,NL
entɾekomiʃas,entɾekoʃiʃas,entɾekoʃiʃ,entɾekomiʃ,NL
entɾekomiʃas,entɾekoʃiʃas,entɾekoʃiʃ,entɾekomiʃ,NL
entɾekomiʃas,entɾekoʃiʃas,entɾekoʃiʃ,entɾekomiʃ,NL
entɾekomiʃas,entɾekoʃiʃas,entɾekoʃiʃ,entɾekomiʃ,NL
entɾekomiʃas,entɾekomiʃas,entɾekomiʃ,entɾekomiʃ,NL
entɾekomiʃas,entɾekoʃiʃas,entɾekoʃiʃ,entɾekomiʃ,NL
entɾekomiʃas,entɾekoʃiʃas,entɾekoʃiʃ,entɾekomiʃ,NL
entɾekomiʃas,entɾekoʃiʃas,entɾekoʃiʃ,entɾekomiʃ,NL
entɾekomiʃas,entɾekoʃiʃas,entɾekoʃiʃ,entɾekomiʃ,NL
entɾekomiʃas,entɾekoʃiʃas,entɾekoʃiʃ,entɾekomiʃ,NL
entɾekomiʃas,entɾekoʃiʃas,entɾekoʃiʃ,entɾekomiʃ,NL
entɾekomiʃas,entɾekoʃiʃas,entɾekoʃiʃ,entɾekomiʃ,NL
entɾekomiʃas,entɾekoʃiʃas,entɾekoʃiʃ,entɾekomiʃ,NL
entɾekomiʃas,entɾekoʃiʃas,entɾekoʃiʃ,entɾekomiʃ,NL
entɾekomiʃas,entɾekoʃiʃas,entɾekoʃiʃ,entɾekomiʃ,NL
entɾekomiʃas,entɾekoʃiʃas,entɾekoʃiʃ,entɾekomiʃ,NL
entɾekomiʃas,entɾekoʃiʃas,entɾekoʃiʃ,entɾekomiʃ,NL
entɾekomiʃas,entɾekoʃiʃas,entɾekoʃiʃ,entɾekomiʃ,NL
entɾekomiʃas,entɾekoʃiʃas,entɾekoʃiʃ,entɾekomiʃ,NL
entɾekomiʃas,entɾekoʃiʃas,entɾekoʃiʃ,entɾekomiʃ,NL
entɾekomiʃas,entɾekoʃiʃas,entɾekoʃiʃ,entɾekomiʃ,NL
entɾekomiʃas,entɾekoʃiʃas,entɾekoʃiʃ,entɾekomiʃ,NL
entɾekomiʃas,entɾekoʃiʃas,entɾekoʃiʃ,entɾekomiʃ,NL
entɾekomiʃas,entɾekoʃiʃas,entɾekoʃiʃ,entɾekomiʃ,NL
entɾekomiʃas,entɾekoʃiʃas,entɾekoʃiʃ,entɾekomiʃ,NL
entɾekomiʃa,entɾekomiʃa,entɾekomiʃ,entɾekomiʃ,NL
entɾekomiʃa,entɾekoʃiʃa,entɾekoʃiʃ,entɾekomiʃ,NL
entɾekomiʃa,entɾekoʃiʃa,entɾekoʃiʃ,entɾekomiʃ,NL
entɾekomiʃa,entɾekoʃiʃa,entɾekoʃiʃ,entɾekomiʃ,NL
entɾekomiʃa,entɾekomiʃa,entɾekomiʃ,entɾekomiʃ,NL
entɾekomiʃa,entɾekoʃiʃa,entɾekoʃiʃ,entɾekomiʃ,NL
entɾekomiʃa,entɾekoʃiʃa,entɾekoʃiʃ,entɾekomiʃ,NL
entɾekomiʃa,entɾekoʃiʃa,entɾekoʃiʃ,entɾekomiʃ,NL
entɾekomiʃa,entɾekoʃiʃa,entɾekoʃiʃ,entɾekomiʃ,NL
entɾekomiʃa,entɾekoʃiʃa,entɾekoʃiʃ,entɾekomiʃ,NL
entɾekomiʃa,entɾekomiʃa,entɾekomiʃ,entɾekomiʃ,NL
entɾekomiʃa,entɾekomiʃa,entɾekomiʃ,entɾekomiʃ,NL
entɾekomiʃa,entɾekomiʃa,entɾekomiʃ,entɾekomiʃ,NL
entɾekomiʃa,entɾekomiʃa,entɾekomiʃ,entɾekomiʃ,NL
entɾekomiʃa,entɾekomiʃa,entɾekomiʃ,entɾekomiʃ,NL
entɾekomiʃa,entɾekomiʃa,entɾekomiʃ,entɾekomiʃ,NL
entɾekomiʃa,entɾekomiʃa,entɾekomiʃ,entɾekomiʃ,NL
entɾekomiʃa,entɾekoʃiʃa,entɾekoʃiʃ,entɾekomiʃ,NL
entɾekomiʃa,entɾekomiʃa,entɾekomiʃ,entɾekomiʃ,NL
entɾekomiʃa,entɾekoʃiʃa,entɾekoʃiʃ,entɾekomiʃ,NL
entɾekomiʃa,entɾekomiʃa,entɾekomiʃ,entɾekomiʃ,NL
entɾekomiʃa,entɾekomiʃa,entɾekomiʃ,entɾekomiʃ,NL
entɾekomiʃa,entɾekoʃiʃa,entɾekoʃiʃ,entɾekomiʃ,NL
entɾekomiʃa,entɾekoʃiʃa,entɾekoʃiʃ,entɾekomiʃ,NL
entɾekomiʃa,entɾekoʃiʃa,entɾekoʃiʃ,entɾekomiʃ,NL
entɾekomiʃa,entɾekoʃiʃa,entɾekoʃiʃ,entɾekomiʃ,NL
entɾekomiʃa,entɾekoʃiʃa,entɾekoʃiʃ,entɾekomiʃ,NL
entɾekomiʃa,entɾekomiʃa,entɾekomiʃ,entɾekomiʃ,NL
entɾekomiʃa,entɾekomiʃa,entɾekomiʃ,entɾekomiʃ,NL
entɾekomiʃa,entɾekoʃiʃa,entɾekoʃiʃ,entɾekomiʃ,NL
entɾekomiʃa,entɾekoʃiʃa,entɾekoʃiʃ,entɾekomiʃ,NL
entɾekomiʃa,entɾekoʃiʃa,entɾekoʃiʃ,entɾekomiʃ,NL
entɾekomiʃa,entɾekoʃiʃa,entɾekoʃiʃ,entɾekomiʃ,NL
entɾekomiʃa,entɾekoʃiʃa,entɾekoʃiʃ,entɾekomiʃ,NL
entɾekomiʃa,entɾekoʃiʃa,entɾekoʃiʃ,entɾekomiʃ,NL
entɾekomiʃa,entɾekoʃiʃa,entɾekoʃiʃ,entɾekomiʃ,NL
entɾekomiʃa,entɾekoʃiʃa,entɾekoʃiʃ,entɾekomiʃ,NL
entɾekomiʃa,entɾekoʃiʃa,entɾekoʃiʃ,entɾekomiʃ,NL
entɾekomiʃa,entɾekoʃiʃa,entɾekoʃiʃ,entɾekomiʃ,NL
entɾekomiʃa,entɾekoʃiʃa,entɾekoʃiʃ,entɾekomiʃ,NL
entɾekomiʃa,entɾekoʃiʃa,entɾekoʃiʃ,entɾekomiʃ,NL
entɾekomiʃa,entɾekoʃiʃa,entɾekoʃiʃ,entɾekomiʃ,NL
entɾekomiʃa,entɾekoʃiʃa,entɾekoʃiʃ,entɾekomiʃ,NL
entɾekomiʃa,entɾekoʃiʃa,entɾekoʃiʃ,entɾekomiʃ,NL
entɾekomiʃa,entɾekoʃiʃa,entɾekoʃiʃ,entɾekomiʃ,NL
entɾekomiʃa,entɾekoʃiʃa,entɾekoʃiʃ,entɾekomiʃ,NL
entɾekomiʃa,entɾekoʃiʃa,entɾekoʃiʃ,entɾekomiʃ,NL
entɾekomiʃa,entɾekoʃiʃa,entɾekoʃiʃ,entɾekomiʃ,NL
entɾekomiʃa,entɾekoʃiʃa,entɾekoʃiʃ,entɾekomiʃ,NL
entɾekomiʃa,entɾekoʃiʃa,entɾekoʃiʃ,entɾekomiʃ,NL
entɾekomiʃa,entɾekoʃiʃa,entɾekoʃiʃ,entɾekomiʃ,NL
entɾekomiʃa,entɾekoʃiʃa,entɾekoʃiʃ,entɾekomiʃ,NL
entɾekomiʃa,entɾekoʃiʃa,entɾekoʃiʃ,entɾekomiʃ,NL
entɾekomiʃa,entɾekoʃiʃa,entɾekoʃiʃ,entɾekomiʃ,NL
entɾekomiʃa,entɾekoʃiʃa,entɾekoʃiʃ,entɾekomiʃ,NL
entɾekomiʃejs,entɾekoʃiʃejs,entɾekoʃiʃ,entɾekomiʃ,NL
entɾekomiʃejs,entɾekoʃiʃejs,entɾekoʃiʃ,entɾekomiʃ,NL
entɾekomiʃejs,entɾekoʃiʃejs,entɾekoʃiʃ,entɾekomiʃ,NL
entɾekomiʃejs,entɾekoʃiʃejs,entɾekoʃiʃ,entɾekomiʃ,NL
entɾekomiʃejs,entɾekoʃiʃejs,entɾekoʃiʃ,entɾekomiʃ,NL
entɾekomiʃejs,entɾekoʃiʃejs,entɾekoʃiʃ,entɾekomiʃ,NL
entɾekomiʃejs,entɾekoʃiʃejs,entɾekoʃiʃ,entɾekomiʃ,NL
entɾekomiʃejs,entɾekoʃiʃejs,entɾekoʃiʃ,entɾekomiʃ,NL
entɾekomiʃejs,entɾekoʃiʃejs,entɾekoʃiʃ,entɾekomiʃ,NL
entɾekomiʃejs,entɾekoʃiʃejs,entɾekoʃiʃ,entɾekomiʃ,NL
entɾekomiʃejs,entɾekoʃiʃejs,entɾekoʃiʃ,entɾekomiʃ,NL
entɾekomiʃejs,entɾekoʃiʃejs,entɾekoʃiʃ,entɾekomiʃ,NL
entɾekomiʃejs,entɾekoʃiʃejs,entɾekoʃiʃ,entɾekomiʃ,NL
entɾekomiʃejs,entɾekoʃiʃejs,entɾekoʃiʃ,entɾekomiʃ,NL
entɾekomiʃejs,entɾekoʃiʃejs,entɾekoʃiʃ,entɾekomiʃ,NL
entɾekomiʃejs,entɾekoʃiʃejs,entɾekoʃiʃ,entɾekomiʃ,NL
entɾekomiʃejs,entɾekoʃiʃejs,entɾekoʃiʃ,entɾekomiʃ,NL
entɾekomiʃejs,entɾekoʃiʃejs,entɾekoʃiʃ,entɾekomiʃ,NL
entɾekomiʃejs,entɾekoʃiʃejs,entɾekoʃiʃ,entɾekomiʃ,NL
entɾekomiʃejs,entɾekoʃiʃejs,entɾekoʃiʃ,entɾekomiʃ,NL
entɾekomiʃejs,entɾekoʃiʃejs,entɾekoʃiʃ,entɾekomiʃ,NL
entɾekomiʃejs,entɾekoʃiʃejs,entɾekoʃiʃ,entɾekomiʃ,NL
entɾekomiʃejs,entɾekoʃiʃejs,entɾekoʃiʃ,entɾekomiʃ,NL
entɾekomiʃejs,entɾekoʃiʃejs,entɾekoʃiʃ,entɾekomiʃ,NL
entɾekomiʃejs,entɾekoʃiʃejs,entɾekoʃiʃ,entɾekomiʃ,NL
entɾekomiʃejs,entɾekoʃiʃejs,entɾekoʃiʃ,entɾekomiʃ,NL
entɾekomiʃejs,entɾekoʃiʃejs,entɾekoʃiʃ,entɾekomiʃ,NL
entɾekomiʃejs,entɾekoʃiʃejs,entɾekoʃiʃ,entɾekomiʃ,NL
entɾekomiʃejs,entɾekoʃiʃejs,entɾekoʃiʃ,entɾekomiʃ,NL
entɾekomiʃejs,entɾekoʃiʃejs,entɾekoʃiʃ,entɾekomiʃ,NL
entɾekomiʃejs,entɾekoʃiʃejs,entɾekoʃiʃ,entɾekomiʃ,NL
entɾekomiʃejs,entɾekoʃiʃejs,entɾekoʃiʃ,entɾekomiʃ,NL
entɾekomiʃejs,entɾekoʃiʃejs,entɾekoʃiʃ,entɾekomiʃ,NL
entɾekomiʃejs,entɾekoʃiʃejs,entɾekoʃiʃ,entɾekomiʃ,NL
entɾekomiʃejs,entɾekoʃiʃejs,entɾekoʃiʃ,entɾekomiʃ,NL
entɾekomiʃejs,entɾekoʃiʃejs,entɾekoʃiʃ,entɾekomiʃ,NL
entɾekomiʃejs,entɾekoʃiʃejs,entɾekoʃiʃ,entɾekomiʃ,NL
entɾekomiʃejs,entɾekoʃiʃejs,entɾekoʃiʃ,entɾekomiʃ,NL
entɾekomiʃejs,entɾekoʃiʃejs,entɾekoʃiʃ,entɾekomiʃ,NL
entɾekomiʃejs,entɾekoʃiʃejs,entɾekoʃiʃ,entɾekomiʃ,NL
entɾekomiʃejs,entɾekoʃiʃejs,entɾekoʃiʃ,entɾekomiʃ,NL
entɾekomiʃejs,entɾekoʃiʃejs,entɾekoʃiʃ,entɾekomiʃ,NL
entɾekomiʃejs,entɾekoʃiʃejs,entɾekoʃiʃ,entɾekomiʃ,NL
entɾekomiʃejs,entɾekoʃiʃejs,entɾekoʃiʃ,entɾekomiʃ,NL
entɾekomiʃejs,entɾekoʃiʃejs,entɾekoʃiʃ,entɾekomiʃ,NL
entɾekomiʃejs,entɾekoʃiʃejs,entɾekoʃiʃ,entɾekomiʃ,NL
entɾekomiʃejs,entɾekoʃiʃejs,entɾekoʃiʃ,entɾekomiʃ,NL
entɾekomiʃejs,entɾekoʃiʃejs,entɾekoʃiʃ,entɾekomiʃ,NL
entɾekomiʃejs,entɾekoʃiʃejs,entɾekoʃiʃ,entɾekomiʃ,NL
entɾekomiʃejs,entɾekoʃiʃejs,entɾekoʃiʃ,entɾekomiʃ,NL
entɾekomiʃejs,entɾekoʃiʃejs,entɾekoʃiʃ,entɾekomiʃ,NL
entɾekomiʃejs,entɾekoʃiʃejs,entɾekoʃiʃ,entɾekomiʃ,NL
entɾekomiʃejs,entɾekoʃiʃejs,entɾekoʃiʃ,entɾekomiʃ,NL
entɾekomiʃejs,entɾekoʃiʃejs,entɾekoʃiʃ,entɾekomiʃ,NL
entɾekomiʃejs,entɾekoʃiʃejs,entɾekoʃiʃ,entɾekomiʃ,NL
entɾekomiʃemos,entɾekoʃiʃemos,entɾekoʃiʃ,entɾekomiʃ,NL
entɾekomiʃemos,entɾekoʃiʃemos,entɾekoʃiʃ,entɾekomiʃ,NL
entɾekomiʃemos,entɾekoʃiʃemos,entɾekoʃiʃ,entɾekomiʃ,NL
entɾekomiʃemos,entɾekoʃiʃemos,entɾekoʃiʃ,entɾekomiʃ,NL
entɾekomiʃemos,entɾekoʃiʃemos,entɾekoʃiʃ,entɾekomiʃ,NL
entɾekomiʃemos,entɾekoʃiʃemos,entɾekoʃiʃ,entɾekomiʃ,NL
entɾekomiʃemos,entɾekoʃiʃemos,entɾekoʃiʃ,entɾekomiʃ,NL
entɾekomiʃemos,entɾekoʃiʃemos,entɾekoʃiʃ,entɾekomiʃ,NL
entɾekomiʃemos,entɾekoʃiʃemos,entɾekoʃiʃ,entɾekomiʃ,NL
entɾekomiʃemos,entɾekoʃiʃemos,entɾekoʃiʃ,entɾekomiʃ,NL
entɾekomiʃemos,entɾekoʃiʃemos,entɾekoʃiʃ,entɾekomiʃ,NL
entɾekomiʃemos,entɾekoʃiʃemos,entɾekoʃiʃ,entɾekomiʃ,NL
entɾekomiʃemos,entɾekoʃiʃemos,entɾekoʃiʃ,entɾekomiʃ,NL
entɾekomiʃemos,entɾekoʃiʃemos,entɾekoʃiʃ,entɾekomiʃ,NL
entɾekomiʃemos,entɾekoʃiʃemos,entɾekoʃiʃ,entɾekomiʃ,NL
entɾekomiʃemos,entɾekoʃiʃemos,entɾekoʃiʃ,entɾekomiʃ,NL
entɾekomiʃemos,entɾekoʃiʃemos,entɾekoʃiʃ,entɾekomiʃ,NL
entɾekomiʃemos,entɾekoʃiʃemos,entɾekoʃiʃ,entɾekomiʃ,NL
entɾekomiʃemos,entɾekoʃiʃemos,entɾekoʃiʃ,entɾekomiʃ,NL
entɾekomiʃemos,entɾekoʃiʃemos,entɾekoʃiʃ,entɾekomiʃ,NL
entɾekomiʃemos,entɾekoʃiʃemos,entɾekoʃiʃ,entɾekomiʃ,NL
entɾekomiʃemos,entɾekoʃiʃemos,entɾekoʃiʃ,entɾekomiʃ,NL
entɾekomiʃemos,entɾekoʃiʃemos,entɾekoʃiʃ,entɾekomiʃ,NL
entɾekomiʃemos,entɾekoʃiʃemos,entɾekoʃiʃ,entɾekomiʃ,NL
entɾekomiʃemos,entɾekoʃiʃemos,entɾekoʃiʃ,entɾekomiʃ,NL
entɾekomiʃemos,entɾekoʃiʃemos,entɾekoʃiʃ,entɾekomiʃ,NL
entɾekomiʃemos,entɾekoʃiʃemos,entɾekoʃiʃ,entɾekomiʃ,NL
entɾekomiʃemos,entɾekoʃiʃemos,entɾekoʃiʃ,entɾekomiʃ,NL
entɾekomiʃemos,entɾekoʃiʃemos,entɾekoʃiʃ,entɾekomiʃ,NL
entɾekomiʃemos,entɾekoʃiʃemos,entɾekoʃiʃ,entɾekomiʃ,NL
entɾekomiʃemos,entɾekoʃiʃemos,entɾekoʃiʃ,entɾekomiʃ,NL
entɾekomiʃemos,entɾekoʃiʃemos,entɾekoʃiʃ,entɾekomiʃ,NL
entɾekomiʃemos,entɾekoʃiʃemos,entɾekoʃiʃ,entɾekomiʃ,NL
entɾekomiʃemos,entɾekoʃiʃemos,entɾekoʃiʃ,entɾekomiʃ,NL
entɾekomiʃemos,entɾekoʃiʃemos,entɾekoʃiʃ,entɾekomiʃ,NL
entɾekomiʃemos,entɾekoʃiʃemos,entɾekoʃiʃ,entɾekomiʃ,NL
entɾekomiʃemos,entɾekoʃiʃemos,entɾekoʃiʃ,entɾekomiʃ,NL
entɾekomiʃemos,entɾekoʃiʃemos,entɾekoʃiʃ,entɾekomiʃ,NL
entɾekomiʃemos,entɾekoʃiʃemos,entɾekoʃiʃ,entɾekomiʃ,NL
entɾekomiʃemos,entɾekoʃiʃemos,entɾekoʃiʃ,entɾekomiʃ,NL
entɾekomiʃemos,entɾekoʃiʃemos,entɾekoʃiʃ,entɾekomiʃ,NL
entɾekomiʃemos,entɾekoʃiʃemos,entɾekoʃiʃ,entɾekomiʃ,NL
entɾekomiʃemos,entɾekoʃiʃemos,entɾekoʃiʃ,entɾekomiʃ,NL
entɾekomiʃemos,entɾekoʃiʃemos,entɾekoʃiʃ,entɾekomiʃ,NL
entɾekomiʃemos,entɾekoʃiʃemos,entɾekoʃiʃ,entɾekomiʃ,NL
entɾekomiʃemos,entɾekoʃiʃemos,entɾekoʃiʃ,entɾekomiʃ,NL
entɾekomiʃemos,entɾekoʃiʃemos,entɾekoʃiʃ,entɾekomiʃ,NL
entɾekomiʃemos,entɾekoʃiʃemos,entɾekoʃiʃ,entɾekomiʃ,NL
entɾekomiʃemos,entɾekoʃiʃemos,entɾekoʃiʃ,entɾekomiʃ,NL
entɾekomiʃemos,entɾekoʃiʃemos,entɾekoʃiʃ,entɾekomiʃ,NL
entɾekomiʃemos,entɾekoʃiʃemos,entɾekoʃiʃ,entɾekomiʃ,NL
entɾekomiʃemos,entɾekoʃiʃemos,entɾekoʃiʃ,entɾekomiʃ,NL
entɾekomiʃemos,entɾekoʃiʃemos,entɾekoʃiʃ,entɾekomiʃ,NL
entɾekomiʃemos,entɾekoʃiʃemos,entɾekoʃiʃ,entɾekomiʃ,NL
entɾekomiʃemos,entɾekoʃiʃemos,entɾekoʃiʃ,entɾekomiʃ,NL
entɾekomiʃen,entɾekomiʃen,entɾekomiʃ,entɾekomiʃ,NL
entɾekomiʃen,entɾekoʃiʃen,entɾekoʃiʃ,entɾekomiʃ,NL
entɾekomiʃen,entɾekoʃiʃen,entɾekoʃiʃ,entɾekomiʃ,NL
entɾekomiʃen,entɾekoʃiʃen,entɾekoʃiʃ,entɾekomiʃ,NL
entɾekomiʃen,entɾekomiʃen,entɾekomiʃ,entɾekomiʃ,NL
entɾekomiʃen,entɾekomiʃen,entɾekomiʃ,entɾekomiʃ,NL
entɾekomiʃen,entɾekoʃiʃen,entɾekoʃiʃ,entɾekomiʃ,NL
entɾekomiʃen,entɾekoʃiʃen,entɾekoʃiʃ,entɾekomiʃ,NL
entɾekomiʃen,entɾekoʃiʃen,entɾekoʃiʃ,entɾekomiʃ,NL
entɾekomiʃen,entɾekoʃiʃen,entɾekoʃiʃ,entɾekomiʃ,NL
entɾekomiʃen,entɾekomiʃen,entɾekomiʃ,entɾekomiʃ,NL
entɾekomiʃen,entɾekomiʃen,entɾekomiʃ,entɾekomiʃ,NL
entɾekomiʃen,entɾekomiʃen,entɾekomiʃ,entɾekomiʃ,NL
entɾekomiʃen,entɾekomiʃen,entɾekomiʃ,entɾekomiʃ,NL
entɾekomiʃen,entɾekomiʃen,entɾekomiʃ,entɾekomiʃ,NL
entɾekomiʃen,entɾekomiʃen,entɾekomiʃ,entɾekomiʃ,NL
entɾekomiʃen,entɾekomiʃen,entɾekomiʃ,entɾekomiʃ,NL
entɾekomiʃen,entɾekomiʃen,entɾekomiʃ,entɾekomiʃ,NL
entɾekomiʃen,entɾekomiʃen,entɾekomiʃ,entɾekomiʃ,NL
entɾekomiʃen,entɾekoʃiʃen,entɾekoʃiʃ,entɾekomiʃ,NL
entɾekomiʃen,entɾekoʃiʃen,entɾekoʃiʃ,entɾekomiʃ,NL
entɾekomiʃen,entɾekomiʃen,entɾekomiʃ,entɾekomiʃ,NL
entɾekomiʃen,entɾekomiʃen,entɾekomiʃ,entɾekomiʃ,NL
entɾekomiʃen,entɾekoʃiʃen,entɾekoʃiʃ,entɾekomiʃ,NL
entɾekomiʃen,entɾekoʃiʃen,entɾekoʃiʃ,entɾekomiʃ,NL
entɾekomiʃen,entɾekoʃiʃen,entɾekoʃiʃ,entɾekomiʃ,NL
entɾekomiʃen,entɾekoʃiʃen,entɾekoʃiʃ,entɾekomiʃ,NL
entɾekomiʃen,entɾekoʃiʃen,entɾekoʃiʃ,entɾekomiʃ,NL
entɾekomiʃen,entɾekomiʃen,entɾekomiʃ,entɾekomiʃ,NL
entɾekomiʃen,entɾekomiʃen,entɾekomiʃ,entɾekomiʃ,NL
entɾekomiʃen,entɾekoʃiʃen,entɾekoʃiʃ,entɾekomiʃ,NL
entɾekomiʃen,entɾekoʃiʃen,entɾekoʃiʃ,entɾekomiʃ,NL
entɾekomiʃen,entɾekoʃiʃen,entɾekoʃiʃ,entɾekomiʃ,NL
entɾekomiʃen,entɾekoʃiʃen,entɾekoʃiʃ,entɾekomiʃ,NL
entɾekomiʃen,entɾekoʃiʃen,entɾekoʃiʃ,entɾekomiʃ,NL
entɾekomiʃen,entɾekoʃiʃen,entɾekoʃiʃ,entɾekomiʃ,NL
entɾekomiʃen,entɾekoʃiʃen,entɾekoʃiʃ,entɾekomiʃ,NL
entɾekomiʃen,entɾekoʃiʃen,entɾekoʃiʃ,entɾekomiʃ,NL
entɾekomiʃen,entɾekoʃiʃen,entɾekoʃiʃ,entɾekomiʃ,NL
entɾekomiʃen,entɾekoʃiʃen,entɾekoʃiʃ,entɾekomiʃ,NL
entɾekomiʃen,entɾekomiʃen,entɾekomiʃ,entɾekomiʃ,NL
entɾekomiʃen,entɾekoʃiʃen,entɾekoʃiʃ,entɾekomiʃ,NL
entɾekomiʃen,entɾekoʃiʃen,entɾekoʃiʃ,entɾekomiʃ,NL
entɾekomiʃen,entɾekoʃiʃen,entɾekoʃiʃ,entɾekomiʃ,NL
entɾekomiʃen,entɾekoʃiʃen,entɾekoʃiʃ,entɾekomiʃ,NL
entɾekomiʃen,entɾekomiʃen,entɾekomiʃ,entɾekomiʃ,NL
entɾekomiʃen,entɾekoʃiʃen,entɾekoʃiʃ,entɾekomiʃ,NL
entɾekomiʃen,entɾekoʃiʃen,entɾekoʃiʃ,entɾekomiʃ,NL
entɾekomiʃen,entɾekomiʃen,entɾekomiʃ,entɾekomiʃ,NL
entɾekomiʃen,entɾekoʃiʃen,entɾekoʃiʃ,entɾekomiʃ,NL
entɾekomiʃen,entɾekoʃiʃen,entɾekoʃiʃ,entɾekomiʃ,NL
entɾekomiʃen,entɾekoʃiʃen,entɾekoʃiʃ,entɾekomiʃ,NL
entɾekomiʃen,entɾekoʃiʃen,entɾekoʃiʃ,entɾekomiʃ,NL
entɾekomiʃen,entɾekoʃiʃen,entɾekoʃiʃ,entɾekomiʃ,NL
entɾekomiʃen,entɾekoʃiʃen,entɾekoʃiʃ,entɾekomiʃ,NL
entɾekomiʃes,entɾekomiʃes,entɾekomiʃ,entɾekomiʃ,NL
entɾekomiʃes,entɾekoʃiʃes,entɾekoʃiʃ,entɾekomiʃ,NL
entɾekomiʃes,entɾekoʃiʃes,entɾekoʃiʃ,entɾekomiʃ,NL
entɾekomiʃes,entɾekoʃiʃes,entɾekoʃiʃ,entɾekomiʃ,NL
entɾekomiʃes,entɾekomiʃes,entɾekomiʃ,entɾekomiʃ,NL
entɾekomiʃes,entɾekomiʃes,entɾekomiʃ,entɾekomiʃ,NL
entɾekomiʃes,entɾekoʃiʃes,entɾekoʃiʃ,entɾekomiʃ,NL
entɾekomiʃes,entɾekoʃiʃes,entɾekoʃiʃ,entɾekomiʃ,NL
entɾekomiʃes,entɾekoʃiʃes,entɾekoʃiʃ,entɾekomiʃ,NL
entɾekomiʃes,entɾekoʃiʃes,entɾekoʃiʃ,entɾekomiʃ,NL
entɾekomiʃes,entɾekomiʃes,entɾekomiʃ,entɾekomiʃ,NL
entɾekomiʃes,entɾekomiʃes,entɾekomiʃ,entɾekomiʃ,NL
entɾekomiʃes,entɾekomiʃes,entɾekomiʃ,entɾekomiʃ,NL
entɾekomiʃes,entɾekomiʃes,entɾekomiʃ,entɾekomiʃ,NL
entɾekomiʃes,entɾekomiʃes,entɾekomiʃ,entɾekomiʃ,NL
entɾekomiʃes,entɾekomiʃes,entɾekomiʃ,entɾekomiʃ,NL
entɾekomiʃes,entɾekomiʃes,entɾekomiʃ,entɾekomiʃ,NL
entɾekomiʃes,entɾekomiʃes,entɾekomiʃ,entɾekomiʃ,NL
entɾekomiʃes,entɾekomiʃes,entɾekomiʃ,entɾekomiʃ,NL
entɾekomiʃes,entɾekoʃiʃes,entɾekoʃiʃ,entɾekomiʃ,NL
entɾekomiʃes,entɾekoʃiʃes,entɾekoʃiʃ,entɾekomiʃ,NL
entɾekomiʃes,entɾekomiʃes,entɾekomiʃ,entɾekomiʃ,NL
entɾekomiʃes,entɾekomiʃes,entɾekomiʃ,entɾekomiʃ,NL
entɾekomiʃes,entɾekomiʃes,entɾekomiʃ,entɾekomiʃ,NL
entɾekomiʃes,entɾekoʃiʃes,entɾekoʃiʃ,entɾekomiʃ,NL
entɾekomiʃes,entɾekoʃiʃes,entɾekoʃiʃ,entɾekomiʃ,NL
entɾekomiʃes,entɾekoʃiʃes,entɾekoʃiʃ,entɾekomiʃ,NL
entɾekomiʃes,entɾekoʃiʃes,entɾekoʃiʃ,entɾekomiʃ,NL
entɾekomiʃes,entɾekomiʃes,entɾekomiʃ,entɾekomiʃ,NL
entɾekomiʃes,entɾekomiʃes,entɾekomiʃ,entɾekomiʃ,NL
entɾekomiʃes,entɾekoʃiʃes,entɾekoʃiʃ,entɾekomiʃ,NL
entɾekomiʃes,entɾekoʃiʃes,entɾekoʃiʃ,entɾekomiʃ,NL
entɾekomiʃes,entɾekoʃiʃes,entɾekoʃiʃ,entɾekomiʃ,NL
entɾekomiʃes,entɾekoʃiʃes,entɾekoʃiʃ,entɾekomiʃ,NL
entɾekomiʃes,entɾekoʃiʃes,entɾekoʃiʃ,entɾekomiʃ,NL
entɾekomiʃes,entɾekoʃiʃes,entɾekoʃiʃ,entɾekomiʃ,NL
entɾekomiʃes,entɾekoʃiʃes,entɾekoʃiʃ,entɾekomiʃ,NL
entɾekomiʃes,entɾekoʃiʃes,entɾekoʃiʃ,entɾekomiʃ,NL
entɾekomiʃes,entɾekoʃiʃes,entɾekoʃiʃ,entɾekomiʃ,NL
entɾekomiʃes,entɾekoʃiʃes,entɾekoʃiʃ,entɾekomiʃ,NL
entɾekomiʃes,entɾekomiʃes,entɾekomiʃ,entɾekomiʃ,NL
entɾekomiʃes,entɾekoʃiʃes,entɾekoʃiʃ,entɾekomiʃ,NL
entɾekomiʃes,entɾekoʃiʃes,entɾekoʃiʃ,entɾekomiʃ,NL
entɾekomiʃes,entɾekoʃiʃes,entɾekoʃiʃ,entɾekomiʃ,NL
entɾekomiʃes,entɾekoʃiʃes,entɾekoʃiʃ,entɾekomiʃ,NL
entɾekomiʃes,entɾekomiʃes,entɾekomiʃ,entɾekomiʃ,NL
entɾekomiʃes,entɾekoʃiʃes,entɾekoʃiʃ,entɾekomiʃ,NL
entɾekomiʃes,entɾekoʃiʃes,entɾekoʃiʃ,entɾekomiʃ,NL
entɾekomiʃes,entɾekomiʃes,entɾekomiʃ,entɾekomiʃ,NL
entɾekomiʃes,entɾekoʃiʃes,entɾekoʃiʃ,entɾekomiʃ,NL
entɾekomiʃes,entɾekoʃiʃes,entɾekoʃiʃ,entɾekomiʃ,NL
entɾekomiʃes,entɾekoʃiʃes,entɾekoʃiʃ,entɾekomiʃ,NL
entɾekomiʃes,entɾekoʃiʃes,entɾekoʃiʃ,entɾekomiʃ,NL
entɾekomiʃes,entɾekoʃiʃes,entɾekoʃiʃ,entɾekomiʃ,NL
entɾekomiʃes,entɾekoʃiʃes,entɾekoʃiʃ,entɾekomiʃ,NL
entɾekomiʃe,entɾekomiʃe,entɾekomiʃ,entɾekomiʃ,NL
entɾekomiʃe,entɾekoʃiʃe,entɾekoʃiʃ,entɾekomiʃ,NL
entɾekomiʃe,entɾekoʃiʃe,entɾekoʃiʃ,entɾekomiʃ,NL
entɾekomiʃe,entɾekoʃiʃe,entɾekoʃiʃ,entɾekomiʃ,NL
entɾekomiʃe,entɾekomiʃe,entɾekomiʃ,entɾekomiʃ,NL
entɾekomiʃe,entɾekomiʃe,entɾekomiʃ,entɾekomiʃ,NL
entɾekomiʃe,entɾekoʃiʃe,entɾekoʃiʃ,entɾekomiʃ,NL
entɾekomiʃe,entɾekoʃiʃe,entɾekoʃiʃ,entɾekomiʃ,NL
entɾekomiʃe,entɾekoʃiʃe,entɾekoʃiʃ,entɾekomiʃ,NL
entɾekomiʃe,entɾekoʃiʃe,entɾekoʃiʃ,entɾekomiʃ,NL
entɾekomiʃe,entɾekomiʃe,entɾekomiʃ,entɾekomiʃ,NL
entɾekomiʃe,entɾekomiʃe,entɾekomiʃ,entɾekomiʃ,NL
entɾekomiʃe,entɾekomiʃe,entɾekomiʃ,entɾekomiʃ,NL
entɾekomiʃe,entɾekomiʃe,entɾekomiʃ,entɾekomiʃ,NL
entɾekomiʃe,entɾekomiʃe,entɾekomiʃ,entɾekomiʃ,NL
entɾekomiʃe,entɾekomiʃe,entɾekomiʃ,entɾekomiʃ,NL
entɾekomiʃe,entɾekomiʃe,entɾekomiʃ,entɾekomiʃ,NL
entɾekomiʃe,entɾekomiʃe,entɾekomiʃ,entɾekomiʃ,NL
entɾekomiʃe,entɾekomiʃe,entɾekomiʃ,entɾekomiʃ,NL
entɾekomiʃe,entɾekoʃiʃe,entɾekoʃiʃ,entɾekomiʃ,NL
entɾekomiʃe,entɾekoʃiʃe,entɾekoʃiʃ,entɾekomiʃ,NL
entɾekomiʃe,entɾekomiʃe,entɾekomiʃ,entɾekomiʃ,NL
entɾekomiʃe,entɾekomiʃe,entɾekomiʃ,entɾekomiʃ,NL
entɾekomiʃe,entɾekomiʃe,entɾekomiʃ,entɾekomiʃ,NL
entɾekomiʃe,entɾekoʃiʃe,entɾekoʃiʃ,entɾekomiʃ,NL
entɾekomiʃe,entɾekoʃiʃe,entɾekoʃiʃ,entɾekomiʃ,NL
entɾekomiʃe,entɾekoʃiʃe,entɾekoʃiʃ,entɾekomiʃ,NL
entɾekomiʃe,entɾekoʃiʃe,entɾekoʃiʃ,entɾekomiʃ,NL
entɾekomiʃe,entɾekomiʃe,entɾekomiʃ,entɾekomiʃ,NL
entɾekomiʃe,entɾekomiʃe,entɾekomiʃ,entɾekomiʃ,NL
entɾekomiʃe,entɾekoʃiʃe,entɾekoʃiʃ,entɾekomiʃ,NL
entɾekomiʃe,entɾekoʃiʃe,entɾekoʃiʃ,entɾekomiʃ,NL
entɾekomiʃe,entɾekoʃiʃe,entɾekoʃiʃ,entɾekomiʃ,NL
entɾekomiʃe,entɾekoʃiʃe,entɾekoʃiʃ,entɾekomiʃ,NL
entɾekomiʃe,entɾekoʃiʃe,entɾekoʃiʃ,entɾekomiʃ,NL
entɾekomiʃe,entɾekoʃiʃe,entɾekoʃiʃ,entɾekomiʃ,NL
entɾekomiʃe,entɾekoʃiʃe,entɾekoʃiʃ,entɾekomiʃ,NL
entɾekomiʃe,entɾekoʃiʃe,entɾekoʃiʃ,entɾekomiʃ,NL
entɾekomiʃe,entɾekoʃiʃe,entɾekoʃiʃ,entɾekomiʃ,NL
entɾekomiʃe,entɾekoʃiʃe,entɾekoʃiʃ,entɾekomiʃ,NL
entɾekomiʃe,entɾekomiʃe,entɾekomiʃ,entɾekomiʃ,NL
entɾekomiʃe,entɾekoʃiʃe,entɾekoʃiʃ,entɾekomiʃ,NL
entɾekomiʃe,entɾekoʃiʃe,entɾekoʃiʃ,entɾekomiʃ,NL
entɾekomiʃe,entɾekoʃiʃe,entɾekoʃiʃ,entɾekomiʃ,NL
entɾekomiʃe,entɾekoʃiʃe,entɾekoʃiʃ,entɾekomiʃ,NL
entɾekomiʃe,entɾekomiʃe,entɾekomiʃ,entɾekomiʃ,NL
entɾekomiʃe,entɾekomiʃe,entɾekomiʃ,entɾekomiʃ,NL
entɾekomiʃe,entɾekoʃiʃe,entɾekoʃiʃ,entɾekomiʃ,NL
entɾekomiʃe,entɾekomiʃe,entɾekomiʃ,entɾekomiʃ,NL
entɾekomiʃe,entɾekoʃiʃe,entɾekoʃiʃ,entɾekomiʃ,NL
entɾekomiʃe,entɾekoʃiʃe,entɾekoʃiʃ,entɾekomiʃ,NL
entɾekomiʃe,entɾekoʃiʃe,entɾekoʃiʃ,entɾekomiʃ,NL
entɾekomiʃe,entɾekoʃiʃe,entɾekoʃiʃ,entɾekomiʃ,NL
entɾekomiʃe,entɾekoʃiʃe,entɾekoʃiʃ,entɾekomiʃ,NL
entɾekomiʃe,entɾekoʃiʃe,entɾekoʃiʃ,entɾekomiʃ,NL
entɾekomiʃe,entɾekomiʃe,entɾekomiʃ,entɾekomiʃ,NL
entɾekomiʃe,entɾekoʃiʃe,entɾekoʃiʃ,entɾekomiʃ,NL
entɾekomiʃe,entɾekoʃiʃe,entɾekoʃiʃ,entɾekomiʃ,NL
entɾekomiʃe,entɾekoʃiʃe,entɾekoʃiʃ,entɾekomiʃ,NL
entɾekomiʃe,entɾekoʃiʃe,entɾekoʃiʃ,entɾekomiʃ,NL
entɾekomiʃe,entɾekomiʃe,entɾekomiʃ,entɾekomiʃ,NL
entɾekomiʃe,entɾekoʃiʃe,entɾekoʃiʃ,entɾekomiʃ,NL
entɾekomiʃe,entɾekoʃiʃe,entɾekoʃiʃ,entɾekomiʃ,NL
entɾekomiʃe,entɾekoʃiʃe,entɾekoʃiʃ,entɾekomiʃ,NL
entɾekomiʃe,entɾekoʃiʃe,entɾekoʃiʃ,entɾekomiʃ,NL
entɾekomiʃe,entɾekomiʃe,entɾekomiʃ,entɾekomiʃ,NL
entɾekomiʃe,entɾekomiʃe,entɾekomiʃ,entɾekomiʃ,NL
entɾekomiʃe,entɾekomiʃe,entɾekomiʃ,entɾekomiʃ,NL
entɾekomiʃe,entɾekomiʃe,entɾekomiʃ,entɾekomiʃ,NL
entɾekomiʃe,entɾekomiʃe,entɾekomiʃ,entɾekomiʃ,NL
entɾekomiʃe,entɾekomiʃe,entɾekomiʃ,entɾekomiʃ,NL
entɾekomiʃe,entɾekomiʃe,entɾekomiʃ,entɾekomiʃ,NL
entɾekomiʃe,entɾekomiʃe,entɾekomiʃ,entɾekomiʃ,NL
entɾekomiʃe,entɾekomiʃe,entɾekomiʃ,entɾekomiʃ,NL
entɾekomiʃe,entɾekoʃiʃe,entɾekoʃiʃ,entɾekomiʃ,NL
entɾekomiʃe,entɾekoʃiʃe,entɾekoʃiʃ,entɾekomiʃ,NL
entɾekomiʃe,entɾekomiʃe,entɾekomiʃ,entɾekomiʃ,NL
entɾekomiʃe,entɾekomiʃe,entɾekomiʃ,entɾekomiʃ,NL
entɾekomiʃe,entɾekomiʃe,entɾekomiʃ,entɾekomiʃ,NL
entɾekomiʃe,entɾekoʃiʃe,entɾekoʃiʃ,entɾekomiʃ,NL
entɾekomiʃe,entɾekoʃiʃe,entɾekoʃiʃ,entɾekomiʃ,NL
entɾekomiʃe,entɾekoʃiʃe,entɾekoʃiʃ,entɾekomiʃ,NL
entɾekomiʃe,entɾekoʃiʃe,entɾekoʃiʃ,entɾekomiʃ,NL
entɾekomiʃe,entɾekomiʃe,entɾekomiʃ,entɾekomiʃ,NL
entɾekomiʃe,entɾekomiʃe,entɾekomiʃ,entɾekomiʃ,NL
entɾekomiʃe,entɾekoʃiʃe,entɾekoʃiʃ,entɾekomiʃ,NL
entɾekomiʃe,entɾekoʃiʃe,entɾekoʃiʃ,entɾekomiʃ,NL
entɾekomiʃe,entɾekoʃiʃe,entɾekoʃiʃ,entɾekomiʃ,NL
entɾekomiʃe,entɾekoʃiʃe,entɾekoʃiʃ,entɾekomiʃ,NL
entɾekomiʃe,entɾekoʃiʃe,entɾekoʃiʃ,entɾekomiʃ,NL
entɾekomiʃe,entɾekoʃiʃe,entɾekoʃiʃ,entɾekomiʃ,NL
entɾekomiʃe,entɾekoʃiʃe,entɾekoʃiʃ,entɾekomiʃ,NL
entɾekomiʃe,entɾekoʃiʃe,entɾekoʃiʃ,entɾekomiʃ,NL
entɾekomiʃe,entɾekoʃiʃe,entɾekoʃiʃ,entɾekomiʃ,NL
entɾekomiʃe,entɾekoʃiʃe,entɾekoʃiʃ,entɾekomiʃ,NL
entɾekomiʃe,entɾekoʃiʃe,entɾekoʃiʃ,entɾekomiʃ,NL
entɾekomiʃe,entɾekoʃiʃe,entɾekoʃiʃ,entɾekomiʃ,NL
entɾekomiʃe,entɾekoʃiʃe,entɾekoʃiʃ,entɾekomiʃ,NL
entɾekomiʃe,entɾekoʃiʃe,entɾekoʃiʃ,entɾekomiʃ,NL
entɾekomiʃe,entɾekoʃiʃe,entɾekoʃiʃ,entɾekomiʃ,NL
entɾekomiʃe,entɾekomiʃe,entɾekomiʃ,entɾekomiʃ,NL
entɾekomiʃe,entɾekomiʃe,entɾekomiʃ,entɾekomiʃ,NL
entɾekomiʃe,entɾekoʃiʃe,entɾekoʃiʃ,entɾekomiʃ,NL
entɾekomiʃe,entɾekoʃiʃe,entɾekoʃiʃ,entɾekomiʃ,NL
entɾekomiʃe,entɾekoʃiʃe,entɾekoʃiʃ,entɾekomiʃ,NL
entɾekomiʃe,entɾekoʃiʃe,entɾekoʃiʃ,entɾekomiʃ,NL
entɾekomiʃe,entɾekoʃiʃe,entɾekoʃiʃ,entɾekomiʃ,NL
entɾekomiʃe,entɾekoʃiʃe,entɾekoʃiʃ,entɾekomiʃ,NL
entɾekomiʃe,entɾekoʃiʃe,entɾekoʃiʃ,entɾekomiʃ,NL
entɾekomiʃe,entɾekoʃiʃe,entɾekoʃiʃ,entɾekomiʃ,NL
entɾekomiʃo,entɾekomiʃo,entɾekomiʃ,entɾekomiʃ,NL
entɾekomiʃo,entɾekoʃiʃo,entɾekoʃiʃ,entɾekomiʃ,NL
entɾekomiʃo,entɾekoʃiʃo,entɾekoʃiʃ,entɾekomiʃ,NL
entɾekomiʃo,entɾekoʃiʃo,entɾekoʃiʃ,entɾekomiʃ,NL
entɾekomiʃo,entɾekomiʃo,entɾekomiʃ,entɾekomiʃ,NL
entɾekomiʃo,entɾekomiʃo,entɾekomiʃ,entɾekomiʃ,NL
entɾekomiʃo,entɾekoʃiʃo,entɾekoʃiʃ,entɾekomiʃ,NL
entɾekomiʃo,entɾekoʃiʃo,entɾekoʃiʃ,entɾekomiʃ,NL
entɾekomiʃo,entɾekoʃiʃo,entɾekoʃiʃ,entɾekomiʃ,NL
entɾekomiʃo,entɾekoʃiʃo,entɾekoʃiʃ,entɾekomiʃ,NL
entɾekomiʃo,entɾekomiʃo,entɾekomiʃ,entɾekomiʃ,NL
entɾekomiʃo,entɾekomiʃo,entɾekomiʃ,entɾekomiʃ,NL
entɾekomiʃo,entɾekomiʃo,entɾekomiʃ,entɾekomiʃ,NL
entɾekomiʃo,entɾekomiʃo,entɾekomiʃ,entɾekomiʃ,NL
entɾekomiʃo,entɾekomiʃo,entɾekomiʃ,entɾekomiʃ,NL
entɾekomiʃo,entɾekomiʃo,entɾekomiʃ,entɾekomiʃ,NL
entɾekomiʃo,entɾekomiʃo,entɾekomiʃ,entɾekomiʃ,NL
entɾekomiʃo,entɾekomiʃo,entɾekomiʃ,entɾekomiʃ,NL
entɾekomiʃo,entɾekomiʃo,entɾekomiʃ,entɾekomiʃ,NL
entɾekomiʃo,entɾekoʃiʃo,entɾekoʃiʃ,entɾekomiʃ,NL
entɾekomiʃo,entɾekoʃiʃo,entɾekoʃiʃ,entɾekomiʃ,NL
entɾekomiʃo,entɾekomiʃo,entɾekomiʃ,entɾekomiʃ,NL
entɾekomiʃo,entɾekomiʃo,entɾekomiʃ,entɾekomiʃ,NL
entɾekomiʃo,entɾekoʃiʃo,entɾekoʃiʃ,entɾekomiʃ,NL
entɾekomiʃo,entɾekoʃiʃo,entɾekoʃiʃ,entɾekomiʃ,NL
entɾekomiʃo,entɾekoʃiʃo,entɾekoʃiʃ,entɾekomiʃ,NL
entɾekomiʃo,entɾekoʃiʃo,entɾekoʃiʃ,entɾekomiʃ,NL
entɾekomiʃo,entɾekoʃiʃo,entɾekoʃiʃ,entɾekomiʃ,NL
entɾekomiʃo,entɾekomiʃo,entɾekomiʃ,entɾekomiʃ,NL
entɾekomiʃo,entɾekomiʃo,entɾekomiʃ,entɾekomiʃ,NL
entɾekomiʃo,entɾekoʃiʃo,entɾekoʃiʃ,entɾekomiʃ,NL
entɾekomiʃo,entɾekoʃiʃo,entɾekoʃiʃ,entɾekomiʃ,NL
entɾekomiʃo,entɾekoʃiʃo,entɾekoʃiʃ,entɾekomiʃ,NL
entɾekomiʃo,entɾekoʃiʃo,entɾekoʃiʃ,entɾekomiʃ,NL
entɾekomiʃo,entɾekoʃiʃo,entɾekoʃiʃ,entɾekomiʃ,NL
entɾekomiʃo,entɾekoʃiʃo,entɾekoʃiʃ,entɾekomiʃ,NL
entɾekomiʃo,entɾekoʃiʃo,entɾekoʃiʃ,entɾekomiʃ,NL
entɾekomiʃo,entɾekoʃiʃo,entɾekoʃiʃ,entɾekomiʃ,NL
entɾekomiʃo,entɾekoʃiʃo,entɾekoʃiʃ,entɾekomiʃ,NL
entɾekomiʃo,entɾekoʃiʃo,entɾekoʃiʃ,entɾekomiʃ,NL
entɾekomiʃo,entɾekomiʃo,entɾekomiʃ,entɾekomiʃ,NL
entɾekomiʃo,entɾekoʃiʃo,entɾekoʃiʃ,entɾekomiʃ,NL
entɾekomiʃo,entɾekoʃiʃo,entɾekoʃiʃ,entɾekomiʃ,NL
entɾekomiʃo,entɾekoʃiʃo,entɾekoʃiʃ,entɾekomiʃ,NL
entɾekomiʃo,entɾekoʃiʃo,entɾekoʃiʃ,entɾekomiʃ,NL
entɾekomiʃo,entɾekomiʃo,entɾekomiʃ,entɾekomiʃ,NL
entɾekomiʃo,entɾekoʃiʃo,entɾekoʃiʃ,entɾekomiʃ,NL
entɾekomiʃo,entɾekoʃiʃo,entɾekoʃiʃ,entɾekomiʃ,NL
entɾekomiʃo,entɾekoʃiʃo,entɾekoʃiʃ,entɾekomiʃ,NL
entɾekomiʃo,entɾekoʃiʃo,entɾekoʃiʃ,entɾekomiʃ,NL
entɾekomiʃo,entɾekoʃiʃo,entɾekoʃiʃ,entɾekomiʃ,NL
entɾekomiʃo,entɾekoʃiʃo,entɾekoʃiʃ,entɾekomiʃ,NL
entɾekomiʃo,entɾekoʃiʃo,entɾekoʃiʃ,entɾekomiʃ,NL
entɾekomiʃo,entɾekoʃiʃo,entɾekoʃiʃ,entɾekomiʃ,NL
entɾekomiʃo,entɾekoʃiʃo,entɾekoʃiʃ,entɾekomiʃ,NL
indiçestajs,indixestajs,indixest,indiçest,NL
indiçestajs,indixestajs,indixest,indiçest,NL
indiçestajs,indixestajs,indixest,indiçest,NL
indiçestajs,indixestajs,indixest,indiçest,NL
indiçestajs,indixestajs,indixest,indiçest,NL
indiçestajs,indixestajs,indixest,indiçest,NL
indiçestajs,indixestajs,indixest,indiçest,NL
indiçestajs,indixestajs,indixest,indiçest,NL
indiçestajs,indixestajs,indixest,indiçest,NL
indiçestajs,indiçestajs,indiçest,indiçest,NL
indiçestajs,indiçestajs,indiçest,indiçest,NL
indiçestajs,indiçestajs,indiçest,indiçest,NL
indiçestajs,indiçestajs,indiçest,indiçest,NL
indiçestajs,indiçestajs,indiçest,indiçest,NL
indiçestajs,indixestajs,indixest,indiçest,NL
indiçestajs,indixestajs,indixest,indiçest,NL
indiçestajs,indixestajs,indixest,indiçest,NL
indiçestajs,indixestajs,indixest,indiçest,NL
indiçestajs,indiçestajs,indiçest,indiçest,NL
indiçestajs,indixestajs,indixest,indiçest,NL
indiçestajs,indiçestajs,indiçest,indiçest,NL
indiçestajs,indiçestajs,indiçest,indiçest,NL
indiçestajs,indixestajs,indixest,indiçest,NL
indiçestajs,indixestajs,indixest,indiçest,NL
indiçestajs,indixestajs,indixest,indiçest,NL
indiçestajs,indixestajs,indixest,indiçest,NL
indiçestajs,indixestajs,indixest,indiçest,NL
indiçestajs,indiçestajs,indiçest,indiçest,NL
indiçestajs,indiçestajs,indiçest,indiçest,NL
indiçestajs,indiçestajs,indiçest,indiçest,NL
indiçestajs,indiçestajs,indiçest,indiçest,NL
indiçestajs,indiçestajs,indiçest,indiçest,NL
indiçestajs,indiçestajs,indiçest,indiçest,NL
indiçestajs,indiçestajs,indiçest,indiçest,NL
indiçestajs,indixestajs,indixest,indiçest,NL
indiçestajs,indixestajs,indixest,indiçest,NL
indiçestajs,indixestajs,indixest,indiçest,NL
indiçestajs,indixestajs,indixest,indiçest,NL
indiçestajs,indixestajs,indixest,indiçest,NL
indiçestajs,indiçestajs,indiçest,indiçest,NL
indiçestajs,indixestajs,indixest,indiçest,NL
indiçestajs,indixestajs,indixest,indiçest,NL
indiçestajs,indixestajs,indixest,indiçest,NL
indiçestajs,indixestajs,indixest,indiçest,NL
indiçestajs,indixestajs,indixest,indiçest,NL
indiçestajs,indixestajs,indixest,indiçest,NL
indiçestajs,indixestajs,indixest,indiçest,NL
indiçestajs,indixestajs,indixest,indiçest,NL
indiçestajs,indiçestajs,indiçest,indiçest,NL
indiçestajs,indixestajs,indixest,indiçest,NL
indiçestajs,indixestajs,indixest,indiçest,NL
indiçestajs,indiçestajs,indiçest,indiçest,NL
indiçestajs,indiçestajs,indiçest,indiçest,NL
indiçestajs,indiçestajs,indiçest,indiçest,NL
indiçestajs,indiçestajs,indiçest,indiçest,NL
indiçestamos,indixestamos,indixest,indiçest,NL
indiçestamos,indixestamos,indixest,indiçest,NL
indiçestamos,indixestamos,indixest,indiçest,NL
indiçestamos,indixestamos,indixest,indiçest,NL
indiçestamos,indixestamos,indixest,indiçest,NL
indiçestamos,indixestamos,indixest,indiçest,NL
indiçestamos,indixestamos,indixest,indiçest,NL
indiçestamos,indixestamos,indixest,indiçest,NL
indiçestamos,indixestamos,indixest,indiçest,NL
indiçestamos,indixestamos,indixest,indiçest,NL
indiçestamos,indixestamos,indixest,indiçest,NL
indiçestamos,indixestamos,indixest,indiçest,NL
indiçestamos,indixestamos,indixest,indiçest,NL
indiçestamos,indiçestamos,indiçest,indiçest,NL
indiçestamos,indixestamos,indixest,indiçest,NL
indiçestamos,indixestamos,indixest,indiçest,NL
indiçestamos,indixestamos,indixest,indiçest,NL
indiçestamos,indixestamos,indixest,indiçest,NL
indiçestamos,indixestamos,indixest,indiçest,NL
indiçestamos,indixestamos,indixest,indiçest,NL
indiçestamos,indixestamos,indixest,indiçest,NL
indiçestamos,indiçestamos,indiçest,indiçest,NL
indiçestamos,indixestamos,indixest,indiçest,NL
indiçestamos,indixestamos,indixest,indiçest,NL
indiçestamos,indixestamos,indixest,indiçest,NL
indiçestamos,indixestamos,indixest,indiçest,NL
indiçestamos,indixestamos,indixest,indiçest,NL
indiçestamos,indiçestamos,indiçest,indiçest,NL
indiçestamos,indixestamos,indixest,indiçest,NL
indiçestamos,indixestamos,indixest,indiçest,NL
indiçestamos,indixestamos,indixest,indiçest,NL
indiçestamos,indixestamos,indixest,indiçest,NL
indiçestamos,indixestamos,indixest,indiçest,NL
indiçestamos,indixestamos,indixest,indiçest,NL
indiçestamos,indixestamos,indixest,indiçest,NL
indiçestamos,indixestamos,indixest,indiçest,NL
indiçestamos,indixestamos,indixest,indiçest,NL
indiçestamos,indixestamos,indixest,indiçest,NL
indiçestamos,indixestamos,indixest,indiçest,NL
indiçestamos,indixestamos,indixest,indiçest,NL
indiçestamos,indixestamos,indixest,indiçest,NL
indiçestamos,indixestamos,indixest,indiçest,NL
indiçestamos,indixestamos,indixest,indiçest,NL
indiçestamos,indixestamos,indixest,indiçest,NL
indiçestamos,indixestamos,indixest,indiçest,NL
indiçestamos,indixestamos,indixest,indiçest,NL
indiçestamos,indixestamos,indixest,indiçest,NL
indiçestamos,indixestamos,indixest,indiçest,NL
indiçestamos,indixestamos,indixest,indiçest,NL
indiçestamos,indixestamos,indixest,indiçest,NL
indiçestamos,indixestamos,indixest,indiçest,NL
indiçestamos,indixestamos,indixest,indiçest,NL
indiçestamos,indixestamos,indixest,indiçest,NL
indiçestamos,indixestamos,indixest,indiçest,NL
indiçestamos,indixestamos,indixest,indiçest,NL
indiçestan,indixestan,indixest,indiçest,NL
indiçestan,indixestan,indixest,indiçest,NL
indiçestan,indixestan,indixest,indiçest,NL
indiçestan,indixestan,indixest,indiçest,NL
indiçestan,indixestan,indixest,indiçest,NL
indiçestan,indixestan,indixest,indiçest,NL
indiçestan,indixestan,indixest,indiçest,NL
indiçestan,indixestan,indixest,indiçest,NL
indiçestan,indixestan,indixest,indiçest,NL
indiçestan,indixestan,indixest,indiçest,NL
indiçestan,indiçestan,indiçest,indiçest,NL
indiçestan,indixestan,indixest,indiçest,NL
indiçestan,indiçestan,indiçest,indiçest,NL
indiçestan,indiçestan,indiçest,indiçest,NL
indiçestan,indiçestan,indiçest,indiçest,NL
indiçestan,indiçestan,indiçest,indiçest,NL
indiçestan,indixestan,indixest,indiçest,NL
indiçestan,indixestan,indixest,indiçest,NL
indiçestan,indixestan,indixest,indiçest,NL
indiçestan,indiçestan,indiçest,indiçest,NL
indiçestan,indiçestan,indiçest,indiçest,NL
indiçestan,indiçestan,indiçest,indiçest,NL
indiçestan,indiçestan,indiçest,indiçest,NL
indiçestan,indiçestan,indiçest,indiçest,NL
indiçestan,indiçestan,indiçest,indiçest,NL
indiçestan,indiçestan,indiçest,indiçest,NL
indiçestan,indiçestan,indiçest,indiçest,NL
indiçestan,indiçestan,indiçest,indiçest,NL
indiçestan,indiçestan,indiçest,indiçest,NL
indiçestan,indiçestan,indiçest,indiçest,NL
indiçestan,indiçestan,indiçest,indiçest,NL
indiçestan,indiçestan,indiçest,indiçest,NL
indiçestan,indiçestan,indiçest,indiçest,NL
indiçestan,indiçestan,indiçest,indiçest,NL
indiçestan,indixestan,indixest,indiçest,NL
indiçestan,indixestan,indixest,indiçest,NL
indiçestan,indixestan,indixest,indiçest,NL
indiçestan,indixestan,indixest,indiçest,NL
indiçestan,indixestan,indixest,indiçest,NL
indiçestan,indixestan,indixest,indiçest,NL
indiçestan,indixestan,indixest,indiçest,NL
indiçestan,indixestan,indixest,indiçest,NL
indiçestan,indixestan,indixest,indiçest,NL
indiçestan,indixestan,indixest,indiçest,NL
indiçestan,indixestan,indixest,indiçest,NL
indiçestan,indiçestan,indiçest,indiçest,NL
indiçestan,indiçestan,indiçest,indiçest,NL
indiçestan,indiçestan,indiçest,indiçest,NL
indiçestan,indiçestan,indiçest,indiçest,NL
indiçestan,indiçestan,indiçest,indiçest,NL
indiçestan,indiçestan,indiçest,indiçest,NL
indiçestan,indiçestan,indiçest,indiçest,NL
indiçestan,indiçestan,indiçest,indiçest,NL
indiçestan,indixestan,indixest,indiçest,NL
indiçestan,indixestan,indixest,indiçest,NL
indiçestas,indiçestas,indiçest,indiçest,NL
indiçestas,indiçestas,indiçest,indiçest,NL
indiçestas,indiçestas,indiçest,indiçest,NL
indiçestas,indiçestas,indiçest,indiçest,NL
indiçestas,indiçestas,indiçest,indiçest,NL
indiçestas,indiçestas,indiçest,indiçest,NL
indiçestas,indiçestas,indiçest,indiçest,NL
indiçestas,indiçestas,indiçest,indiçest,NL
indiçestas,indiçestas,indiçest,indiçest,NL
indiçestas,indiçestas,indiçest,indiçest,NL
indiçestas,indiçestas,indiçest,indiçest,NL
indiçestas,indiçestas,indiçest,indiçest,NL
indiçestas,indiçestas,indiçest,indiçest,NL
indiçestas,indiçestas,indiçest,indiçest,NL
indiçestas,indiçestas,indiçest,indiçest,NL
indiçestas,indiçestas,indiçest,indiçest,NL
indiçestas,indiçestas,indiçest,indiçest,NL
indiçestas,indiçestas,indiçest,indiçest,NL
indiçestas,indiçestas,indiçest,indiçest,NL
indiçestas,indiçestas,indiçest,indiçest,NL
indiçestas,indiçestas,indiçest,indiçest,NL
indiçestas,indiçestas,indiçest,indiçest,NL
indiçestas,indiçestas,indiçest,indiçest,NL
indiçestas,indiçestas,indiçest,indiçest,NL
indiçestas,indiçestas,indiçest,indiçest,NL
indiçestas,indiçestas,indiçest,indiçest,NL
indiçestas,indiçestas,indiçest,indiçest,NL
indiçestas,indiçestas,indiçest,indiçest,NL
indiçestas,indiçestas,indiçest,indiçest,NL
indiçestas,indiçestas,indiçest,indiçest,NL
indiçestas,indiçestas,indiçest,indiçest,NL
indiçestas,indiçestas,indiçest,indiçest,NL
indiçestas,indiçestas,indiçest,indiçest,NL
indiçestas,indiçestas,indiçest,indiçest,NL
indiçestas,indiçestas,indiçest,indiçest,NL
indiçestas,indiçestas,indiçest,indiçest,NL
indiçestas,indiçestas,indiçest,indiçest,NL
indiçestas,indiçestas,indiçest,indiçest,NL
indiçestas,indiçestas,indiçest,indiçest,NL
indiçestas,indiçestas,indiçest,indiçest,NL
indiçestas,indiçestas,indiçest,indiçest,NL
indiçestas,indiçestas,indiçest,indiçest,NL
indiçestas,indiçestas,indiçest,indiçest,NL
indiçestas,indiçestas,indiçest,indiçest,NL
indiçestas,indiçestas,indiçest,indiçest,NL
indiçestas,indiçestas,indiçest,indiçest,NL
indiçestas,indiçestas,indiçest,indiçest,NL
indiçestas,indiçestas,indiçest,indiçest,NL
indiçestas,indiçestas,indiçest,indiçest,NL
indiçestas,indiçestas,indiçest,indiçest,NL
indiçestas,indiçestas,indiçest,indiçest,NL
indiçestas,indiçestas,indiçest,indiçest,NL
indiçestas,indiçestas,indiçest,indiçest,NL
indiçestas,indiçestas,indiçest,indiçest,NL
indiçestas,indiçestas,indiçest,indiçest,NL
indiçesta,indiçesta,indiçest,indiçest,NL
indiçesta,indiçesta,indiçest,indiçest,NL
indiçesta,indiçesta,indiçest,indiçest,NL
indiçesta,indiçesta,indiçest,indiçest,NL
indiçesta,indiçesta,indiçest,indiçest,NL
indiçesta,indiçesta,indiçest,indiçest,NL
indiçesta,indiçesta,indiçest,indiçest,NL
indiçesta,indiçesta,indiçest,indiçest,NL
indiçesta,indiçesta,indiçest,indiçest,NL
indiçesta,indiçesta,indiçest,indiçest,NL
indiçesta,indiçesta,indiçest,indiçest,NL
indiçesta,indiçesta,indiçest,indiçest,NL
indiçesta,indiçesta,indiçest,indiçest,NL
indiçesta,indiçesta,indiçest,indiçest,NL
indiçesta,indiçesta,indiçest,indiçest,NL
indiçesta,indiçesta,indiçest,indiçest,NL
indiçesta,indiçesta,indiçest,indiçest,NL
indiçesta,indiçesta,indiçest,indiçest,NL
indiçesta,indiçesta,indiçest,indiçest,NL
indiçesta,indiçesta,indiçest,indiçest,NL
indiçesta,indiçesta,indiçest,indiçest,NL
indiçesta,indiçesta,indiçest,indiçest,NL
indiçesta,indiçesta,indiçest,indiçest,NL
indiçesta,indiçesta,indiçest,indiçest,NL
indiçesta,indiçesta,indiçest,indiçest,NL
indiçesta,indiçesta,indiçest,indiçest,NL
indiçesta,indiçesta,indiçest,indiçest,NL
indiçesta,indiçesta,indiçest,indiçest,NL
indiçesta,indiçesta,indiçest,indiçest,NL
indiçesta,indiçesta,indiçest,indiçest,NL
indiçesta,indiçesta,indiçest,indiçest,NL
indiçesta,indiçesta,indiçest,indiçest,NL
indiçesta,indiçesta,indiçest,indiçest,NL
indiçesta,indiçesta,indiçest,indiçest,NL
indiçesta,indiçesta,indiçest,indiçest,NL
indiçesta,indiçesta,indiçest,indiçest,NL
indiçesta,indiçesta,indiçest,indiçest,NL
indiçesta,indiçesta,indiçest,indiçest,NL
indiçesta,indiçesta,indiçest,indiçest,NL
indiçesta,indiçesta,indiçest,indiçest,NL
indiçesta,indiçesta,indiçest,indiçest,NL
indiçesta,indiçesta,indiçest,indiçest,NL
indiçesta,indiçesta,indiçest,indiçest,NL
indiçesta,indiçesta,indiçest,indiçest,NL
indiçesta,indiçesta,indiçest,indiçest,NL
indiçesta,indiçesta,indiçest,indiçest,NL
indiçesta,indiçesta,indiçest,indiçest,NL
indiçesta,indiçesta,indiçest,indiçest,NL
indiçesta,indiçesta,indiçest,indiçest,NL
indiçesta,indiçesta,indiçest,indiçest,NL
indiçesta,indiçesta,indiçest,indiçest,NL
indiçesta,indiçesta,indiçest,indiçest,NL
indiçesta,indiçesta,indiçest,indiçest,NL
indiçesta,indiçesta,indiçest,indiçest,NL
indiçesta,indiçesta,indiçest,indiçest,NL
indiçestejs,indixestejs,indixest,indiçest,NL
indiçestejs,indixestejs,indixest,indiçest,NL
indiçestejs,indixestejs,indixest,indiçest,NL
indiçestejs,indixestejs,indixest,indiçest,NL
indiçestejs,indixestejs,indixest,indiçest,NL
indiçestejs,indixestejs,indixest,indiçest,NL
indiçestejs,indixestejs,indixest,indiçest,NL
indiçestejs,indixestejs,indixest,indiçest,NL
indiçestejs,indixestejs,indixest,indiçest,NL
indiçestejs,indixestejs,indixest,indiçest,NL
indiçestejs,indixestejs,indixest,indiçest,NL
indiçestejs,indixestejs,indixest,indiçest,NL
indiçestejs,indixestejs,indixest,indiçest,NL
indiçestejs,indixestejs,indixest,indiçest,NL
indiçestejs,indixestejs,indixest,indiçest,NL
indiçestejs,indixestejs,indixest,indiçest,NL
indiçestejs,indixestejs,indixest,indiçest,NL
indiçestejs,indixestejs,indixest,indiçest,NL
indiçestejs,indixestejs,indixest,indiçest,NL
indiçestejs,indixestejs,indixest,indiçest,NL
indiçestejs,indixestejs,indixest,indiçest,NL
indiçestejs,indixestejs,indixest,indiçest,NL
indiçestejs,indixestejs,indixest,indiçest,NL
indiçestejs,indixestejs,indixest,indiçest,NL
indiçestejs,indixestejs,indixest,indiçest,NL
indiçestejs,indixestejs,indixest,indiçest,NL
indiçestejs,indixestejs,indixest,indiçest,NL
indiçestejs,indixestejs,indixest,indiçest,NL
indiçestejs,indixestejs,indixest,indiçest,NL
indiçestejs,indixestejs,indixest,indiçest,NL
indiçestejs,indixestejs,indixest,indiçest,NL
indiçestejs,indixestejs,indixest,indiçest,NL
indiçestejs,indixestejs,indixest,indiçest,NL
indiçestejs,indixestejs,indixest,indiçest,NL
indiçestejs,indixestejs,indixest,indiçest,NL
indiçestejs,indixestejs,indixest,indiçest,NL
indiçestejs,indixestejs,indixest,indiçest,NL
indiçestejs,indixestejs,indixest,indiçest,NL
indiçestejs,indixestejs,indixest,indiçest,NL
indiçestejs,indixestejs,indixest,indiçest,NL
indiçestejs,indixestejs,indixest,indiçest,NL
indiçestejs,indixestejs,indixest,indiçest,NL
indiçestejs,indixestejs,indixest,indiçest,NL
indiçestejs,indixestejs,indixest,indiçest,NL
indiçestejs,indixestejs,indixest,indiçest,NL
indiçestejs,indixestejs,indixest,indiçest,NL
indiçestejs,indixestejs,indixest,indiçest,NL
indiçestejs,indixestejs,indixest,indiçest,NL
indiçestejs,indixestejs,indixest,indiçest,NL
indiçestejs,indixestejs,indixest,indiçest,NL
indiçestejs,indixestejs,indixest,indiçest,NL
indiçestejs,indixestejs,indixest,indiçest,NL
indiçestejs,indixestejs,indixest,indiçest,NL
indiçestejs,indixestejs,indixest,indiçest,NL
indiçestejs,indixestejs,indixest,indiçest,NL
indiçestemos,indixestemos,indixest,indiçest,NL
indiçestemos,indixestemos,indixest,indiçest,NL
indiçestemos,indixestemos,indixest,indiçest,NL
indiçestemos,indixestemos,indixest,indiçest,NL
indiçestemos,indixestemos,indixest,indiçest,NL
indiçestemos,indixestemos,indixest,indiçest,NL
indiçestemos,indixestemos,indixest,indiçest,NL
indiçestemos,indixestemos,indixest,indiçest,NL
indiçestemos,indixestemos,indixest,indiçest,NL
indiçestemos,indixestemos,indixest,indiçest,NL
indiçestemos,indixestemos,indixest,indiçest,NL
indiçestemos,indixestemos,indixest,indiçest,NL
indiçestemos,indixestemos,indixest,indiçest,NL
indiçestemos,indixestemos,indixest,indiçest,NL
indiçestemos,indixestemos,indixest,indiçest,NL
indiçestemos,indixestemos,indixest,indiçest,NL
indiçestemos,indixestemos,indixest,indiçest,NL
indiçestemos,indixestemos,indixest,indiçest,NL
indiçestemos,indixestemos,indixest,indiçest,NL
indiçestemos,indixestemos,indixest,indiçest,NL
indiçestemos,indixestemos,indixest,indiçest,NL
indiçestemos,indixestemos,indixest,indiçest,NL
indiçestemos,indixestemos,indixest,indiçest,NL
indiçestemos,indixestemos,indixest,indiçest,NL
indiçestemos,indixestemos,indixest,indiçest,NL
indiçestemos,indixestemos,indixest,indiçest,NL
indiçestemos,indixestemos,indixest,indiçest,NL
indiçestemos,indixestemos,indixest,indiçest,NL
indiçestemos,indixestemos,indixest,indiçest,NL
indiçestemos,indixestemos,indixest,indiçest,NL
indiçestemos,indixestemos,indixest,indiçest,NL
indiçestemos,indixestemos,indixest,indiçest,NL
indiçestemos,indixestemos,indixest,indiçest,NL
indiçestemos,indixestemos,indixest,indiçest,NL
indiçestemos,indixestemos,indixest,indiçest,NL
indiçestemos,indixestemos,indixest,indiçest,NL
indiçestemos,indixestemos,indixest,indiçest,NL
indiçestemos,indixestemos,indixest,indiçest,NL
indiçestemos,indixestemos,indixest,indiçest,NL
indiçestemos,indixestemos,indixest,indiçest,NL
indiçestemos,indixestemos,indixest,indiçest,NL
indiçestemos,indixestemos,indixest,indiçest,NL
indiçestemos,indixestemos,indixest,indiçest,NL
indiçestemos,indixestemos,indixest,indiçest,NL
indiçestemos,indixestemos,indixest,indiçest,NL
indiçestemos,indixestemos,indixest,indiçest,NL
indiçestemos,indixestemos,indixest,indiçest,NL
indiçestemos,indixestemos,indixest,indiçest,NL
indiçestemos,indixestemos,indixest,indiçest,NL
indiçestemos,indixestemos,indixest,indiçest,NL
indiçestemos,indixestemos,indixest,indiçest,NL
indiçestemos,indixestemos,indixest,indiçest,NL
indiçestemos,indixestemos,indixest,indiçest,NL
indiçestemos,indixestemos,indixest,indiçest,NL
indiçestemos,indixestemos,indixest,indiçest,NL
indiçesten,indixesten,indixest,indiçest,NL
indiçesten,indixesten,indixest,indiçest,NL
indiçesten,indixesten,indixest,indiçest,NL
indiçesten,indixesten,indixest,indiçest,NL
indiçesten,indixesten,indixest,indiçest,NL
indiçesten,indixesten,indixest,indiçest,NL
indiçesten,indixesten,indixest,indiçest,NL
indiçesten,indixesten,indixest,indiçest,NL
indiçesten,indixesten,indixest,indiçest,NL
indiçesten,indixesten,indixest,indiçest,NL
indiçesten,indixesten,indixest,indiçest,NL
indiçesten,indixesten,indixest,indiçest,NL
indiçesten,indixesten,indixest,indiçest,NL
indiçesten,indixesten,indixest,indiçest,NL
indiçesten,indixesten,indixest,indiçest,NL
indiçesten,indixesten,indixest,indiçest,NL
indiçesten,indixesten,indixest,indiçest,NL
indiçesten,indixesten,indixest,indiçest,NL
indiçesten,indixesten,indixest,indiçest,NL
indiçesten,indixesten,indixest,indiçest,NL
indiçesten,indixesten,indixest,indiçest,NL
indiçesten,indixesten,indixest,indiçest,NL
indiçesten,indixesten,indixest,indiçest,NL
indiçesten,indixesten,indixest,indiçest,NL
indiçesten,indixesten,indixest,indiçest,NL
indiçesten,indixesten,indixest,indiçest,NL
indiçesten,indixesten,indixest,indiçest,NL
indiçesten,indixesten,indixest,indiçest,NL
indiçesten,indixesten,indixest,indiçest,NL
indiçesten,indixesten,indixest,indiçest,NL
indiçesten,indixesten,indixest,indiçest,NL
indiçesten,indixesten,indixest,indiçest,NL
indiçesten,indixesten,indixest,indiçest,NL
indiçesten,indixesten,indixest,indiçest,NL
indiçesten,indixesten,indixest,indiçest,NL
indiçesten,indixesten,indixest,indiçest,NL
indiçesten,indixesten,indixest,indiçest,NL
indiçesten,indixesten,indixest,indiçest,NL
indiçesten,indixesten,indixest,indiçest,NL
indiçesten,indixesten,indixest,indiçest,NL
indiçesten,indixesten,indixest,indiçest,NL
indiçesten,indixesten,indixest,indiçest,NL
indiçesten,indixesten,indixest,indiçest,NL
indiçesten,indixesten,indixest,indiçest,NL
indiçesten,indixesten,indixest,indiçest,NL
indiçesten,indixesten,indixest,indiçest,NL
indiçesten,indixesten,indixest,indiçest,NL
indiçesten,indixesten,indixest,indiçest,NL
indiçesten,indixesten,indixest,indiçest,NL
indiçesten,indixesten,indixest,indiçest,NL
indiçesten,indixesten,indixest,indiçest,NL
indiçesten,indixesten,indixest,indiçest,NL
indiçesten,indixesten,indixest,indiçest,NL
indiçesten,indixesten,indixest,indiçest,NL
indiçesten,indixesten,indixest,indiçest,NL
indiçestes,indixestes,indixest,indiçest,NL
indiçestes,indixestes,indixest,indiçest,NL
indiçestes,indixestes,indixest,indiçest,NL
indiçestes,indixestes,indixest,indiçest,NL
indiçestes,indixestes,indixest,indiçest,NL
indiçestes,indixestes,indixest,indiçest,NL
indiçestes,indixestes,indixest,indiçest,NL
indiçestes,indixestes,indixest,indiçest,NL
indiçestes,indixestes,indixest,indiçest,NL
indiçestes,indixestes,indixest,indiçest,NL
indiçestes,indixestes,indixest,indiçest,NL
indiçestes,indixestes,indixest,indiçest,NL
indiçestes,indixestes,indixest,indiçest,NL
indiçestes,indixestes,indixest,indiçest,NL
indiçestes,indixestes,indixest,indiçest,NL
indiçestes,indixestes,indixest,indiçest,NL
indiçestes,indixestes,indixest,indiçest,NL
indiçestes,indixestes,indixest,indiçest,NL
indiçestes,indixestes,indixest,indiçest,NL
indiçestes,indixestes,indixest,indiçest,NL
indiçestes,indixestes,indixest,indiçest,NL
indiçestes,indixestes,indixest,indiçest,NL
indiçestes,indixestes,indixest,indiçest,NL
indiçestes,indixestes,indixest,indiçest,NL
indiçestes,indixestes,indixest,indiçest,NL
indiçestes,indixestes,indixest,indiçest,NL
indiçestes,indixestes,indixest,indiçest,NL
indiçestes,indixestes,indixest,indiçest,NL
indiçestes,indixestes,indixest,indiçest,NL
indiçestes,indixestes,indixest,indiçest,NL
indiçestes,indixestes,indixest,indiçest,NL
indiçestes,indixestes,indixest,indiçest,NL
indiçestes,indixestes,indixest,indiçest,NL
indiçestes,indixestes,indixest,indiçest,NL
indiçestes,indixestes,indixest,indiçest,NL
indiçestes,indixestes,indixest,indiçest,NL
indiçestes,indixestes,indixest,indiçest,NL
indiçestes,indixestes,indixest,indiçest,NL
indiçestes,indixestes,indixest,indiçest,NL
indiçestes,indixestes,indixest,indiçest,NL
indiçestes,indixestes,indixest,indiçest,NL
indiçestes,indixestes,indixest,indiçest,NL
indiçestes,indixestes,indixest,indiçest,NL
indiçestes,indixestes,indixest,indiçest,NL
indiçestes,indixestes,indixest,indiçest,NL
indiçestes,indixestes,indixest,indiçest,NL
indiçestes,indixestes,indixest,indiçest,NL
indiçestes,indixestes,indixest,indiçest,NL
indiçestes,indixestes,indixest,indiçest,NL
indiçestes,indixestes,indixest,indiçest,NL
indiçestes,indixestes,indixest,indiçest,NL
indiçestes,indixestes,indixest,indiçest,NL
indiçestes,indixestes,indixest,indiçest,NL
indiçestes,indixestes,indixest,indiçest,NL
indiçestes,indixestes,indixest,indiçest,NL
indiçeste,indixeste,indixest,indiçest,NL
indiçeste,indixeste,indixest,indiçest,NL
indiçeste,indixeste,indixest,indiçest,NL
indiçeste,indixeste,indixest,indiçest,NL
indiçeste,indixeste,indixest,indiçest,NL
indiçeste,indixeste,indixest,indiçest,NL
indiçeste,indixeste,indixest,indiçest,NL
indiçeste,indixeste,indixest,indiçest,NL
indiçeste,indixeste,indixest,indiçest,NL
indiçeste,indixeste,indixest,indiçest,NL
indiçeste,indixeste,indixest,indiçest,NL
indiçeste,indixeste,indixest,indiçest,NL
indiçeste,indixeste,indixest,indiçest,NL
indiçeste,indixeste,indixest,indiçest,NL
indiçeste,indixeste,indixest,indiçest,NL
indiçeste,indixeste,indixest,indiçest,NL
indiçeste,indixeste,indixest,indiçest,NL
indiçeste,indixeste,indixest,indiçest,NL
indiçeste,indixeste,indixest,indiçest,NL
indiçeste,indixeste,indixest,indiçest,NL
indiçeste,indixeste,indixest,indiçest,NL
indiçeste,indixeste,indixest,indiçest,NL
indiçeste,indixeste,indixest,indiçest,NL
indiçeste,indixeste,indixest,indiçest,NL
indiçeste,indixeste,indixest,indiçest,NL
indiçeste,indixeste,indixest,indiçest,NL
indiçeste,indixeste,indixest,indiçest,NL
indiçeste,indixeste,indixest,indiçest,NL
indiçeste,indixeste,indixest,indiçest,NL
indiçeste,indixeste,indixest,indiçest,NL
indiçeste,indixeste,indixest,indiçest,NL
indiçeste,indixeste,indixest,indiçest,NL
indiçeste,indixeste,indixest,indiçest,NL
indiçeste,indixeste,indixest,indiçest,NL
indiçeste,indixeste,indixest,indiçest,NL
indiçeste,indixeste,indixest,indiçest,NL
indiçeste,indixeste,indixest,indiçest,NL
indiçeste,indixeste,indixest,indiçest,NL
indiçeste,indixeste,indixest,indiçest,NL
indiçeste,indixeste,indixest,indiçest,NL
indiçeste,indixeste,indixest,indiçest,NL
indiçeste,indixeste,indixest,indiçest,NL
indiçeste,indixeste,indixest,indiçest,NL
indiçeste,indixeste,indixest,indiçest,NL
indiçeste,indixeste,indixest,indiçest,NL
indiçeste,indixeste,indixest,indiçest,NL
indiçeste,indixeste,indixest,indiçest,NL
indiçeste,indixeste,indixest,indiçest,NL
indiçeste,indixeste,indixest,indiçest,NL
indiçeste,indixeste,indixest,indiçest,NL
indiçeste,indixeste,indixest,indiçest,NL
indiçeste,indixeste,indixest,indiçest,NL
indiçeste,indixeste,indixest,indiçest,NL
indiçeste,indixeste,indixest,indiçest,NL
indiçeste,indixeste,indixest,indiçest,NL
indiçeste,indixeste,indixest,indiçest,NL
indiçeste,indixeste,indixest,indiçest,NL
indiçeste,indixeste,indixest,indiçest,NL
indiçeste,indixeste,indixest,indiçest,NL
indiçeste,indixeste,indixest,indiçest,NL
indiçeste,indixeste,indixest,indiçest,NL
indiçeste,indixeste,indixest,indiçest,NL
indiçeste,indixeste,indixest,indiçest,NL
indiçeste,indixeste,indixest,indiçest,NL
indiçeste,indixeste,indixest,indiçest,NL
indiçeste,indixeste,indixest,indiçest,NL
indiçeste,indixeste,indixest,indiçest,NL
indiçeste,indixeste,indixest,indiçest,NL
indiçeste,indixeste,indixest,indiçest,NL
indiçeste,indixeste,indixest,indiçest,NL
indiçeste,indixeste,indixest,indiçest,NL
indiçeste,indixeste,indixest,indiçest,NL
indiçeste,indixeste,indixest,indiçest,NL
indiçeste,indixeste,indixest,indiçest,NL
indiçeste,indixeste,indixest,indiçest,NL
indiçeste,indixeste,indixest,indiçest,NL
indiçeste,indixeste,indixest,indiçest,NL
indiçeste,indixeste,indixest,indiçest,NL
indiçeste,indixeste,indixest,indiçest,NL
indiçeste,indixeste,indixest,indiçest,NL
indiçeste,indixeste,indixest,indiçest,NL
indiçeste,indixeste,indixest,indiçest,NL
indiçeste,indixeste,indixest,indiçest,NL
indiçeste,indixeste,indixest,indiçest,NL
indiçeste,indixeste,indixest,indiçest,NL
indiçeste,indixeste,indixest,indiçest,NL
indiçeste,indixeste,indixest,indiçest,NL
indiçeste,indixeste,indixest,indiçest,NL
indiçeste,indixeste,indixest,indiçest,NL
indiçeste,indixeste,indixest,indiçest,NL
indiçeste,indixeste,indixest,indiçest,NL
indiçeste,indixeste,indixest,indiçest,NL
indiçeste,indixeste,indixest,indiçest,NL
indiçeste,indixeste,indixest,indiçest,NL
indiçeste,indixeste,indixest,indiçest,NL
indiçeste,indixeste,indixest,indiçest,NL
indiçeste,indixeste,indixest,indiçest,NL
indiçeste,indixeste,indixest,indiçest,NL
indiçeste,indixeste,indixest,indiçest,NL
indiçeste,indixeste,indixest,indiçest,NL
indiçeste,indixeste,indixest,indiçest,NL
indiçeste,indixeste,indixest,indiçest,NL
indiçeste,indixeste,indixest,indiçest,NL
indiçeste,indixeste,indixest,indiçest,NL
indiçeste,indixeste,indixest,indiçest,NL
indiçeste,indixeste,indixest,indiçest,NL
indiçeste,indixeste,indixest,indiçest,NL
indiçeste,indixeste,indixest,indiçest,NL
indiçeste,indixeste,indixest,indiçest,NL
indiçeste,indixeste,indixest,indiçest,NL
indiçesto,indixesto,indixest,indiçest,NL
indiçesto,indixesto,indixest,indiçest,NL
indiçesto,indixesto,indixest,indiçest,NL
indiçesto,indixesto,indixest,indiçest,NL
indiçesto,indixesto,indixest,indiçest,NL
indiçesto,indixesto,indixest,indiçest,NL
indiçesto,indixesto,indixest,indiçest,NL
indiçesto,indixesto,indixest,indiçest,NL
indiçesto,indixesto,indixest,indiçest,NL
indiçesto,indixesto,indixest,indiçest,NL
indiçesto,indixesto,indixest,indiçest,NL
indiçesto,indixesto,indixest,indiçest,NL
indiçesto,indixesto,indixest,indiçest,NL
indiçesto,indixesto,indixest,indiçest,NL
indiçesto,indixesto,indixest,indiçest,NL
indiçesto,indixesto,indixest,indiçest,NL
indiçesto,indixesto,indixest,indiçest,NL
indiçesto,indixesto,indixest,indiçest,NL
indiçesto,indixesto,indixest,indiçest,NL
indiçesto,indixesto,indixest,indiçest,NL
indiçesto,indixesto,indixest,indiçest,NL
indiçesto,indixesto,indixest,indiçest,NL
indiçesto,indixesto,indixest,indiçest,NL
indiçesto,indixesto,indixest,indiçest,NL
indiçesto,indixesto,indixest,indiçest,NL
indiçesto,indixesto,indixest,indiçest,NL
indiçesto,indixesto,indixest,indiçest,NL
indiçesto,indixesto,indixest,indiçest,NL
indiçesto,indixesto,indixest,indiçest,NL
indiçesto,indixesto,indixest,indiçest,NL
indiçesto,indixesto,indixest,indiçest,NL
indiçesto,indixesto,indixest,indiçest,NL
indiçesto,indixesto,indixest,indiçest,NL
indiçesto,indixesto,indixest,indiçest,NL
indiçesto,indixesto,indixest,indiçest,NL
indiçesto,indixesto,indixest,indiçest,NL
indiçesto,indixesto,indixest,indiçest,NL
indiçesto,indixesto,indixest,indiçest,NL
indiçesto,indixesto,indixest,indiçest,NL
indiçesto,indixesto,indixest,indiçest,NL
indiçesto,indixesto,indixest,indiçest,NL
indiçesto,indixesto,indixest,indiçest,NL
indiçesto,indixesto,indixest,indiçest,NL
indiçesto,indixesto,indixest,indiçest,NL
indiçesto,indixesto,indixest,indiçest,NL
indiçesto,indixesto,indixest,indiçest,NL
indiçesto,indixesto,indixest,indiçest,NL
indiçesto,indixesto,indixest,indiçest,NL
indiçesto,indixesto,indixest,indiçest,NL
indiçesto,indixesto,indixest,indiçest,NL
indiçesto,indixesto,indixest,indiçest,NL
indiçesto,indixesto,indixest,indiçest,NL
indiçesto,indixesto,indixest,indiçest,NL
indiçesto,indixesto,indixest,indiçest,NL
indiçesto,indixesto,indixest,indiçest,NL
tɾjunfajs,tɾujnfajs,tɾujnf,tɾjunf,NL
tɾjunfajs,tɾujnfajs,tɾujnf,tɾjunf,NL
tɾjunfajs,tɾujnfajs,tɾujnf,tɾjunf,NL
tɾjunfajs,tɾujnfajs,tɾujnf,tɾjunf,NL
tɾjunfajs,tɾujnfajs,tɾujnf,tɾjunf,NL
tɾjunfajs,tɾujnfajs,tɾujnf,tɾjunf,NL
tɾjunfajs,tɾujnfajs,tɾujnf,tɾjunf,NL
tɾjunfajs,tɾujnfajs,tɾujnf,tɾjunf,NL
tɾjunfajs,tɾujnfajs,tɾujnf,tɾjunf,NL
tɾjunfajs,tɾujnfajs,tɾujnf,tɾjunf,NL
tɾjunfajs,tɾjunfajs,tɾjunf,tɾjunf,NL
tɾjunfajs,tɾjunfajs,tɾjunf,tɾjunf,NL
tɾjunfajs,tɾjunfajs,tɾjunf,tɾjunf,NL
tɾjunfajs,tɾjunfajs,tɾjunf,tɾjunf,NL
tɾjunfajs,tɾjunfajs,tɾjunf,tɾjunf,NL
tɾjunfajs,tɾjunfajs,tɾjunf,tɾjunf,NL
tɾjunfajs,tɾjunfajs,tɾjunf,tɾjunf,NL
tɾjunfajs,tɾjunfajs,tɾjunf,tɾjunf,NL
tɾjunfajs,tɾjunfajs,tɾjunf,tɾjunf,NL
tɾjunfajs,tɾjunfajs,tɾjunf,tɾjunf,NL
tɾjunfajs,tɾjunfunajs,tɾjunfun,tɾjunf,NL
tɾjunfajs,tɾjunfajs,tɾjunf,tɾjunf,NL
tɾjunfajs,tɾjunfajs,tɾjunf,tɾjunf,NL
tɾjunfajs,tɾjunfajs,tɾjunf,tɾjunf,NL
tɾjunfajs,tɾjunfajs,tɾjunf,tɾjunf,NL
tɾjunfajs,tɾjunfunajs,tɾjunfun,tɾjunf,NL
tɾjunfajs,tɾjunfajs,tɾjunf,tɾjunf,NL
tɾjunfajs,tɾjunfajs,tɾjunf,tɾjunf,NL
tɾjunfajs,tɾjunfajs,tɾjunf,tɾjunf,NL
tɾjunfajs,tɾjunfajs,tɾjunf,tɾjunf,NL
tɾjunfajs,tɾjunfajs,tɾjunf,tɾjunf,NL
tɾjunfajs,tɾjunfajs,tɾjunf,tɾjunf,NL
tɾjunfajs,tɾjunfajs,tɾjunf,tɾjunf,NL
tɾjunfajs,tɾjunfajs,tɾjunf,tɾjunf,NL
tɾjunfajs,tɾujnfajs,tɾujnf,tɾjunf,NL
tɾjunfajs,tɾujnfajs,tɾujnf,tɾjunf,NL
tɾjunfajs,tɾujnfajs,tɾujnf,tɾjunf,NL
tɾjunfajs,tɾujnfajs,tɾujnf,tɾjunf,NL
tɾjunfajs,tɾujnfajs,tɾujnf,tɾjunf,NL
tɾjunfajs,tɾujnfajs,tɾujnf,tɾjunf,NL
tɾjunfajs,tɾujnfajs,tɾujnf,tɾjunf,NL
tɾjunfajs,tɾujnfajs,tɾujnf,tɾjunf,NL
tɾjunfajs,tɾujnfajs,tɾujnf,tɾjunf,NL
tɾjunfajs,tɾujnfajs,tɾujnf,tɾjunf,NL
tɾjunfajs,tɾujnfajs,tɾujnf,tɾjunf,NL
tɾjunfajs,tɾjunfajs,tɾjunf,tɾjunf,NL
tɾjunfajs,tɾjunfajs,tɾjunf,tɾjunf,NL
tɾjunfajs,tɾjunfajs,tɾjunf,tɾjunf,NL
tɾjunfajs,tɾjunfajs,tɾjunf,tɾjunf,NL
tɾjunfajs,tɾjunfajs,tɾjunf,tɾjunf,NL
tɾjunfajs,tɾjunfajs,tɾjunf,tɾjunf,NL
tɾjunfajs,tɾjunfajs,tɾjunf,tɾjunf,NL
tɾjunfajs,tɾjunfajs,tɾjunf,tɾjunf,NL
tɾjunfajs,tɾjunfajs,tɾjunf,tɾjunf,NL
tɾjunfajs,tɾjunfajs,tɾjunf,tɾjunf,NL
tɾjunfamos,tɾujnfamos,tɾujnf,tɾjunf,NL
tɾjunfamos,tɾujnfamos,tɾujnf,tɾjunf,NL
tɾjunfamos,tɾujnfamos,tɾujnf,tɾjunf,NL
tɾjunfamos,tɾujnfamos,tɾujnf,tɾjunf,NL
tɾjunfamos,tɾujnfamos,tɾujnf,tɾjunf,NL
tɾjunfamos,tɾujnfamos,tɾujnf,tɾjunf,NL
tɾjunfamos,tɾujnfamos,tɾujnf,tɾjunf,NL
tɾjunfamos,tɾujnfamos,tɾujnf,tɾjunf,NL
tɾjunfamos,tɾujnfamos,tɾujnf,tɾjunf,NL
tɾjunfamos,tɾujnfamos,tɾujnf,tɾjunf,NL
tɾjunfamos,tɾeunfimos,tɾeunf,tɾjunf,NL
tɾjunfamos,tɾeunfimos,tɾeunf,tɾjunf,NL
tɾjunfamos,tɾeunfjamos,tɾeunfj,tɾjunf,NL
tɾjunfamos,tɾeunfimos,tɾeunf,tɾjunf,NL
tɾjunfamos,tɾeunfimos,tɾeunf,tɾjunf,NL
tɾjunfamos,tɾeunfimos,tɾeunf,tɾjunf,NL
tɾjunfamos,tɾeunfimos,tɾeunf,tɾjunf,NL
tɾjunfamos,tɾeunfimos,tɾeunf,tɾjunf,NL
tɾjunfamos,tɾjunfamos,tɾjunf,tɾjunf,NL
tɾjunfamos,tɾjunfamos,tɾjunf,tɾjunf,NL
tɾjunfamos,tɾeunfjamos,tɾeunfj,tɾjunf,NL
tɾjunfamos,tɾeunfjamos,tɾeunfj,tɾjunf,NL
tɾjunfamos,tɾeunfimos,tɾeunf,tɾjunf,NL
tɾjunfamos,tɾjunfamos,tɾjunf,tɾjunf,NL
tɾjunfamos,tɾjunfamos,tɾjunf,tɾjunf,NL
tɾjunfamos,tɾjunfamos,tɾjunf,tɾjunf,NL
tɾjunfamos,tɾjunfamos,tɾjunf,tɾjunf,NL
tɾjunfamos,tɾeunfamos,tɾeunf,tɾjunf,NL
tɾjunfamos,tɾeunfamos,tɾeunf,tɾjunf,NL
tɾjunfamos,tɾeunfamos,tɾeunf,tɾjunf,NL
tɾjunfamos,tɾeunfamos,tɾeunf,tɾjunf,NL
tɾjunfamos,tɾeunfamos,tɾeunf,tɾjunf,NL
tɾjunfamos,tɾeunfamos,tɾeunf,tɾjunf,NL
tɾjunfamos,tɾeunfamos,tɾeunf,tɾjunf,NL
tɾjunfamos,tɾujnfamos,tɾujnf,tɾjunf,NL
tɾjunfamos,tɾujnfamos,tɾujnf,tɾjunf,NL
tɾjunfamos,tɾujnfamos,tɾujnf,tɾjunf,NL
tɾjunfamos,tɾujnfamos,tɾujnf,tɾjunf,NL
tɾjunfamos,tɾujnfamos,tɾujnf,tɾjunf,NL
tɾjunfamos,tɾujnfamos,tɾujnf,tɾjunf,NL
tɾjunfamos,tɾujnfamos,tɾujnf,tɾjunf,NL
tɾjunfamos,tɾujnfamos,tɾujnf,tɾjunf,NL
tɾjunfamos,tɾujnfamos,tɾujnf,tɾjunf,NL
tɾjunfamos,tɾujnfamos,tɾujnf,tɾjunf,NL
tɾjunfamos,tɾujnfamos,tɾujnf,tɾjunf,NL
tɾjunfamos,tɾenunfamos,tɾenunf,tɾjunf,NL
tɾjunfamos,tɾjunfamos,tɾjunf,tɾjunf,NL
tɾjunfamos,tɾenunfamos,tɾenunf,tɾjunf,NL
tɾjunfamos,tɾjunfamos,tɾjunf,tɾjunf,NL
tɾjunfamos,tɾjunfamos,tɾjunf,tɾjunf,NL
tɾjunfamos,tɾjunfamos,tɾjunf,tɾjunf,NL
tɾjunfamos,tɾjunfamos,tɾjunf,tɾjunf,NL
tɾjunfamos,tɾentunfamos,tɾentunf,tɾjunf,NL
tɾjunfamos,tɾentunfamos,tɾentunf,tɾjunf,NL
tɾjunfamos,tɾentunfamos,tɾentunf,tɾjunf,NL
tɾjunfan,tɾujnfen,tɾujnf,tɾjunf,NL
tɾjunfan,tɾujnfan,tɾujnf,tɾjunf,NL
tɾjunfan,tɾujunfjan,tɾujunfj,tɾjunf,NL
tɾjunfan,tɾujnfan,tɾujnf,tɾjunf,NL
tɾjunfan,tɾujnfen,tɾujnf,tɾjunf,NL
tɾjunfan,tɾujnfnan,tɾujnfn,tɾjunf,NL
tɾjunfan,tɾujnfan,tɾujnf,tɾjunf,NL
tɾjunfan,tɾujnfan,tɾujnf,tɾjunf,NL
tɾjunfan,tɾujunfjan,tɾujunfj,tɾjunf,NL
tɾjunfan,tɾujnfan,tɾujnf,tɾjunf,NL
tɾjunfan,tɾujnfen,tɾujnf,tɾjunf,NL
tɾjunfan,tɾujunfjan,tɾujunfj,tɾjunf,NL
tɾjunfan,tɾujnfen,tɾujnf,tɾjunf,NL
tɾjunfan,tɾujnfen,tɾujnf,tɾjunf,NL
tɾjunfan,tɾujnfen,tɾujnf,tɾjunf,NL
tɾjunfan,tɾujnfen,tɾujnf,tɾjunf,NL
tɾjunfan,tɾujunfjan,tɾujunfj,tɾjunf,NL
tɾjunfan,tɾujunfjan,tɾujunfj,tɾjunf,NL
tɾjunfan,tɾujunfjan,tɾujunfj,tɾjunf,NL
tɾjunfan,tɾjunfnan,tɾjunfn,tɾjunf,NL
tɾjunfan,tɾjunfnan,tɾjunfn,tɾjunf,NL
tɾjunfan,tɾjunfnan,tɾjunfn,tɾjunf,NL
tɾjunfan,tɾjunfnan,tɾjunfn,tɾjunf,NL
tɾjunfan,tɾjunfnan,tɾjunfn,tɾjunf,NL
tɾjunfan,tɾjunfnan,tɾjunfn,tɾjunf,NL
tɾjunfan,tɾjunfnan,tɾjunfn,tɾjunf,NL
tɾjunfan,tɾjunfnan,tɾjunfn,tɾjunf,NL
tɾjunfan,tɾjunfnan,tɾjunfn,tɾjunf,NL
tɾjunfan,tɾjunfnan,tɾjunfn,tɾjunf,NL
tɾjunfan,tɾjunfnan,tɾjunfn,tɾjunf,NL
tɾjunfan,tɾjunfnan,tɾjunfn,tɾjunf,NL
tɾjunfan,tɾjunfnan,tɾjunfn,tɾjunf,NL
tɾjunfan,tɾjunfnan,tɾjunfn,tɾjunf,NL
tɾjunfan,tɾjunfnan,tɾjunfn,tɾjunf,NL
tɾjunfan,tɾujnfen,tɾujnf,tɾjunf,NL
tɾjunfan,tɾujnfen,tɾujnf,tɾjunf,NL
tɾjunfan,tɾujnfen,tɾujnf,tɾjunf,NL
tɾjunfan,tɾujnfan,tɾujnf,tɾjunf,NL
tɾjunfan,tɾujnfan,tɾujnf,tɾjunf,NL
tɾjunfan,tɾujnfan,tɾujnf,tɾjunf,NL
tɾjunfan,tɾujnfen,tɾujnf,tɾjunf,NL
tɾjunfan,tɾujnfen,tɾujnf,tɾjunf,NL
tɾjunfan,tɾujnfen,tɾujnf,tɾjunf,NL
tɾjunfan,tɾujnfen,tɾujnf,tɾjunf,NL
tɾjunfan,tɾujnfen,tɾujnf,tɾjunf,NL
tɾjunfan,tɾjunfnan,tɾjunfn,tɾjunf,NL
tɾjunfan,tɾjunfnan,tɾjunfn,tɾjunf,NL
tɾjunfan,tɾjunfnan,tɾjunfn,tɾjunf,NL
tɾjunfan,tɾjunfnan,tɾjunfn,tɾjunf,NL
tɾjunfan,tɾjunfnan,tɾjunfn,tɾjunf,NL
tɾjunfan,tɾjunfnan,tɾjunfn,tɾjunf,NL
tɾjunfan,tɾjunfnan,tɾjunfn,tɾjunf,NL
tɾjunfan,tɾjunfnan,tɾjunfn,tɾjunf,NL
tɾjunfan,tɾjunfnan,tɾjunfn,tɾjunf,NL
tɾjunfan,tɾjunfnan,tɾjunfn,tɾjunf,NL
tɾjunfas,tɾujnfas,tɾujnf,tɾjunf,NL
tɾjunfas,tɾujnfas,tɾujnf,tɾjunf,NL
tɾjunfas,tɾujnfas,tɾujnf,tɾjunf,NL
tɾjunfas,tɾujnfas,tɾujnf,tɾjunf,NL
tɾjunfas,tɾujnfas,tɾujnf,tɾjunf,NL
tɾjunfas,tɾujnfas,tɾujnf,tɾjunf,NL
tɾjunfas,tɾujnfas,tɾujnf,tɾjunf,NL
tɾjunfas,tɾujnfas,tɾujnf,tɾjunf,NL
tɾjunfas,tɾujnfas,tɾujnf,tɾjunf,NL
tɾjunfas,tɾujnfas,tɾujnf,tɾjunf,NL
tɾjunfas,tɾjunfas,tɾjunf,tɾjunf,NL
tɾjunfas,tɾjunfas,tɾjunf,tɾjunf,NL
tɾjunfas,tɾujnfas,tɾujnf,tɾjunf,NL
tɾjunfas,tɾujnfes,tɾujnf,tɾjunf,NL
tɾjunfas,tɾujnfes,tɾujnf,tɾjunf,NL
tɾjunfas,tɾujnfes,tɾujnf,tɾjunf,NL
tɾjunfas,tɾujnfas,tɾujnf,tɾjunf,NL
tɾjunfas,tɾjunfas,tɾjunf,tɾjunf,NL
tɾjunfas,tɾujnfas,tɾujnf,tɾjunf,NL
tɾjunfas,tɾjunfnas,tɾjunfn,tɾjunf,NL
tɾjunfas,tɾjunfnas,tɾjunfn,tɾjunf,NL
tɾjunfas,tɾjunfnas,tɾjunfn,tɾjunf,NL
tɾjunfas,tɾjunfnas,tɾjunfn,tɾjunf,NL
tɾjunfas,tɾjunfnas,tɾjunfn,tɾjunf,NL
tɾjunfas,tɾjunfnas,tɾjunfn,tɾjunf,NL
tɾjunfas,tɾjunfnas,tɾjunfn,tɾjunf,NL
tɾjunfas,tɾjunfnas,tɾjunfn,tɾjunf,NL
tɾjunfas,tɾjunfnas,tɾjunfn,tɾjunf,NL
tɾjunfas,tɾjunfnas,tɾjunfn,tɾjunf,NL
tɾjunfas,tɾjunfnas,tɾjunfn,tɾjunf,NL
tɾjunfas,tɾjunfnas,tɾjunfn,tɾjunf,NL
tɾjunfas,tɾjunfnas,tɾjunfn,tɾjunf,NL
tɾjunfas,tɾjunfnas,tɾjunfn,tɾjunf,NL
tɾjunfas,tɾjunfnas,tɾjunfn,tɾjunf,NL
tɾjunfas,tɾujnfes,tɾujnf,tɾjunf,NL
tɾjunfas,tɾujnfas,tɾujnf,tɾjunf,NL
tɾjunfas,tɾujnfas,tɾujnf,tɾjunf,NL
tɾjunfas,tɾujnfas,tɾujnf,tɾjunf,NL
tɾjunfas,tɾujnfas,tɾujnf,tɾjunf,NL
tɾjunfas,tɾujnfas,tɾujnf,tɾjunf,NL
tɾjunfas,tɾujnfes,tɾujnf,tɾjunf,NL
tɾjunfas,tɾujnfes,tɾujnf,tɾjunf,NL
tɾjunfas,tɾujnfas,tɾujnf,tɾjunf,NL
tɾjunfas,tɾjunfas,tɾjunf,tɾjunf,NL
tɾjunfas,tɾujnfas,tɾujnf,tɾjunf,NL
tɾjunfas,tɾjunfnas,tɾjunfn,tɾjunf,NL
tɾjunfas,tɾjunfnas,tɾjunfn,tɾjunf,NL
tɾjunfas,tɾjunfnas,tɾjunfn,tɾjunf,NL
tɾjunfas,tɾjunfnas,tɾjunfn,tɾjunf,NL
tɾjunfas,tɾjunfnas,tɾjunfn,tɾjunf,NL
tɾjunfas,tɾjunfnas,tɾjunfn,tɾjunf,NL
tɾjunfas,tɾjunfnas,tɾjunfn,tɾjunf,NL
tɾjunfas,tɾjunfnas,tɾjunfn,tɾjunf,NL
tɾjunfas,tɾjunfnas,tɾjunfn,tɾjunf,NL
tɾjunfas,tɾjunfnas,tɾjunfn,tɾjunf,NL
tɾjunfa,tɾujnfa,tɾujnf,tɾjunf,NL
tɾjunfa,tɾujnfa,tɾujnf,tɾjunf,NL
tɾjunfa,tɾujnfa,tɾujnf,tɾjunf,NL
tɾjunfa,tɾujnfa,tɾujnf,tɾjunf,NL
tɾjunfa,tɾujnfa,tɾujnf,tɾjunf,NL
tɾjunfa,tɾujnfa,tɾujnf,tɾjunf,NL
tɾjunfa,tɾujunfja,tɾujunfj,tɾjunf,NL
tɾjunfa,tɾujunfja,tɾujunfj,tɾjunf,NL
tɾjunfa,tɾujunfja,tɾujunfj,tɾjunf,NL
tɾjunfa,tɾujunfja,tɾujunfj,tɾjunf,NL
tɾjunfa,tɾjunfa,tɾjunf,tɾjunf,NL
tɾjunfa,tɾujnfe,tɾujnf,tɾjunf,NL
tɾjunfa,tɾjunfa,tɾjunf,tɾjunf,NL
tɾjunfa,tɾujnfe,tɾujnf,tɾjunf,NL
tɾjunfa,tɾujnfe,tɾujnf,tɾjunf,NL
tɾjunfa,tɾujnfe,tɾujnf,tɾjunf,NL
tɾjunfa,tɾujunfja,tɾujunfj,tɾjunf,NL
tɾjunfa,tɾujunfja,tɾujunfj,tɾjunf,NL
tɾjunfa,tɾujunfja,tɾujunfj,tɾjunf,NL
tɾjunfa,tɾjunfna,tɾjunfn,tɾjunf,NL
tɾjunfa,tɾjunfna,tɾjunfn,tɾjunf,NL
tɾjunfa,tɾjunfna,tɾjunfn,tɾjunf,NL
tɾjunfa,tɾjunfna,tɾjunfn,tɾjunf,NL
tɾjunfa,tɾjunfna,tɾjunfn,tɾjunf,NL
tɾjunfa,tɾjunfna,tɾjunfn,tɾjunf,NL
tɾjunfa,tɾjunfna,tɾjunfn,tɾjunf,NL
tɾjunfa,tɾjunfna,tɾjunfn,tɾjunf,NL
tɾjunfa,tɾjunfna,tɾjunfn,tɾjunf,NL
tɾjunfa,tɾjunfna,tɾjunfn,tɾjunf,NL
tɾjunfa,tɾjunfna,tɾjunfn,tɾjunf,NL
tɾjunfa,tɾjunfna,tɾjunfn,tɾjunf,NL
tɾjunfa,tɾjunfna,tɾjunfn,tɾjunf,NL
tɾjunfa,tɾjunfna,tɾjunfn,tɾjunf,NL
tɾjunfa,tɾjunfna,tɾjunfn,tɾjunf,NL
tɾjunfa,tɾujnfe,tɾujnf,tɾjunf,NL
tɾjunfa,tɾujnfa,tɾujnf,tɾjunf,NL
tɾjunfa,tɾujnfa,tɾujnf,tɾjunf,NL
tɾjunfa,tɾujnfa,tɾujnf,tɾjunf,NL
tɾjunfa,tɾujunfja,tɾujunfj,tɾjunf,NL
tɾjunfa,tɾujunfja,tɾujunfj,tɾjunf,NL
tɾjunfa,tɾujnfe,tɾujnf,tɾjunf,NL
tɾjunfa,tɾujnfe,tɾujnf,tɾjunf,NL
tɾjunfa,tɾjunfja,tɾjunfj,tɾjunf,NL
tɾjunfa,tɾjunfja,tɾjunfj,tɾjunf,NL
tɾjunfa,tɾujnfe,tɾujnf,tɾjunf,NL
tɾjunfa,tɾjunfna,tɾjunfn,tɾjunf,NL
tɾjunfa,tɾjunfna,tɾjunfn,tɾjunf,NL
tɾjunfa,tɾjunfna,tɾjunfn,tɾjunf,NL
tɾjunfa,tɾjunfna,tɾjunfn,tɾjunf,NL
tɾjunfa,tɾjunfna,tɾjunfn,tɾjunf,NL
tɾjunfa,tɾjunfna,tɾjunfn,tɾjunf,NL
tɾjunfa,tɾjunfna,tɾjunfn,tɾjunf,NL
tɾjunfa,tɾjunfna,tɾjunfn,tɾjunf,NL
tɾjunfa,tɾjunfna,tɾjunfn,tɾjunf,NL
tɾjunfa,tɾjunfna,tɾjunfn,tɾjunf,NL
tɾjunfejs,tɾujnfejs,tɾujnf,tɾjunf,NL
tɾjunfejs,tɾujnfejs,tɾujnf,tɾjunf,NL
tɾjunfejs,tɾujnfejs,tɾujnf,tɾjunf,NL
tɾjunfejs,tɾujnfejs,tɾujnf,tɾjunf,NL
tɾjunfejs,tɾujnfejs,tɾujnf,tɾjunf,NL
tɾjunfejs,tɾujnfejs,tɾujnf,tɾjunf,NL
tɾjunfejs,tɾujnfejs,tɾujnf,tɾjunf,NL
tɾjunfejs,tɾujnfejs,tɾujnf,tɾjunf,NL
tɾjunfejs,tɾujnfejs,tɾujnf,tɾjunf,NL
tɾjunfejs,tɾujnfejs,tɾujnf,tɾjunf,NL
tɾjunfejs,tɾujnfejs,tɾujnf,tɾjunf,NL
tɾjunfejs,tɾujnfejs,tɾujnf,tɾjunf,NL
tɾjunfejs,tɾujnfejs,tɾujnf,tɾjunf,NL
tɾjunfejs,tɾujnfejs,tɾujnf,tɾjunf,NL
tɾjunfejs,tɾujnfejs,tɾujnf,tɾjunf,NL
tɾjunfejs,tɾujnfejs,tɾujnf,tɾjunf,NL
tɾjunfejs,tɾujnfejs,tɾujnf,tɾjunf,NL
tɾjunfejs,tɾujnfejs,tɾujnf,tɾjunf,NL
tɾjunfejs,tɾujnfejs,tɾujnf,tɾjunf,NL
tɾjunfejs,tɾjunfejs,tɾjunf,tɾjunf,NL
tɾjunfejs,tɾjunfejs,tɾjunf,tɾjunf,NL
tɾjunfejs,tɾeunfejs,tɾeunf,tɾjunf,NL
tɾjunfejs,tɾjunfejs,tɾjunf,tɾjunf,NL
tɾjunfejs,tɾjunfejs,tɾjunf,tɾjunf,NL
tɾjunfejs,tɾjunfejs,tɾjunf,tɾjunf,NL
tɾjunfejs,tɾjunfejs,tɾjunf,tɾjunf,NL
tɾjunfejs,tɾjunfejs,tɾjunf,tɾjunf,NL
tɾjunfejs,tɾjunfejs,tɾjunf,tɾjunf,NL
tɾjunfejs,tɾeunfejs,tɾeunf,tɾjunf,NL
tɾjunfejs,tɾjunfejs,tɾjunf,tɾjunf,NL
tɾjunfejs,tɾeunfejs,tɾeunf,tɾjunf,NL
tɾjunfejs,tɾjunfejs,tɾjunf,tɾjunf,NL
tɾjunfejs,tɾjunfejs,tɾjunf,tɾjunf,NL
tɾjunfejs,tɾjunfejs,tɾjunf,tɾjunf,NL
tɾjunfejs,tɾeunfejs,tɾeunf,tɾjunf,NL
tɾjunfejs,tɾeunfejs,tɾeunf,tɾjunf,NL
tɾjunfejs,tɾeunfejs,tɾeunf,tɾjunf,NL
tɾjunfejs,tɾeunfejs,tɾeunf,tɾjunf,NL
tɾjunfejs,tɾjunfejs,tɾjunf,tɾjunf,NL
tɾjunfejs,tɾeunfejs,tɾeunf,tɾjunf,NL
tɾjunfejs,tɾujnfejs,tɾujnf,tɾjunf,NL
tɾjunfejs,tɾujnfejs,tɾujnf,tɾjunf,NL
tɾjunfejs,tɾujnfejs,tɾujnf,tɾjunf,NL
tɾjunfejs,tɾujnfejs,tɾujnf,tɾjunf,NL
tɾjunfejs,tɾujnfejs,tɾujnf,tɾjunf,NL
tɾjunfejs,tɾjunfejs,tɾjunf,tɾjunf,NL
tɾjunfejs,tɾjunfejs,tɾjunf,tɾjunf,NL
tɾjunfejs,tɾjunfejs,tɾjunf,tɾjunf,NL
tɾjunfejs,tɾjunfejs,tɾjunf,tɾjunf,NL
tɾjunfejs,tɾjunfejs,tɾjunf,tɾjunf,NL
tɾjunfejs,tɾjunfejs,tɾjunf,tɾjunf,NL
tɾjunfejs,tɾjunfejs,tɾjunf,tɾjunf,NL
tɾjunfejs,tɾenunfejs,tɾenunf,tɾjunf,NL
tɾjunfejs,tɾenunfejs,tɾenunf,tɾjunf,NL
tɾjunfejs,tɾenunfejs,tɾenunf,tɾjunf,NL
tɾjunfemos,tɾujnfemos,tɾujnf,tɾjunf,NL
tɾjunfemos,tɾujnfemos,tɾujnf,tɾjunf,NL
tɾjunfemos,tɾujnfemos,tɾujnf,tɾjunf,NL
tɾjunfemos,tɾujnfemos,tɾujnf,tɾjunf,NL
tɾjunfemos,tɾujnfemos,tɾujnf,tɾjunf,NL
tɾjunfemos,tɾujnfemos,tɾujnf,tɾjunf,NL
tɾjunfemos,tɾujnfemos,tɾujnf,tɾjunf,NL
tɾjunfemos,tɾujnfemos,tɾujnf,tɾjunf,NL
tɾjunfemos,tɾujnfemos,tɾujnf,tɾjunf,NL
tɾjunfemos,tɾujnfemos,tɾujnf,tɾjunf,NL
tɾjunfemos,tɾujnfemos,tɾujnf,tɾjunf,NL
tɾjunfemos,tɾujnfemos,tɾujnf,tɾjunf,NL
tɾjunfemos,tɾujnfemos,tɾujnf,tɾjunf,NL
tɾjunfemos,tɾujnfemos,tɾujnf,tɾjunf,NL
tɾjunfemos,tɾujnfemos,tɾujnf,tɾjunf,NL
tɾjunfemos,tɾujnfemos,tɾujnf,tɾjunf,NL
tɾjunfemos,tɾujnfemos,tɾujnf,tɾjunf,NL
tɾjunfemos,tɾujnfemos,tɾujnf,tɾjunf,NL
tɾjunfemos,tɾujnfemos,tɾujnf,tɾjunf,NL
tɾjunfemos,tɾjunfemos,tɾjunf,tɾjunf,NL
tɾjunfemos,tɾjunfemos,tɾjunf,tɾjunf,NL
tɾjunfemos,tɾeunfemos,tɾeunf,tɾjunf,NL
tɾjunfemos,tɾjunfemos,tɾjunf,tɾjunf,NL
tɾjunfemos,tɾjunfemos,tɾjunf,tɾjunf,NL
tɾjunfemos,tɾjunfemos,tɾjunf,tɾjunf,NL
tɾjunfemos,tɾjunfemos,tɾjunf,tɾjunf,NL
tɾjunfemos,tɾjunfemos,tɾjunf,tɾjunf,NL
tɾjunfemos,tɾjunfemos,tɾjunf,tɾjunf,NL
tɾjunfemos,tɾeunfemos,tɾeunf,tɾjunf,NL
tɾjunfemos,tɾjunfemos,tɾjunf,tɾjunf,NL
tɾjunfemos,tɾjunfemos,tɾjunf,tɾjunf,NL
tɾjunfemos,tɾjunfemos,tɾjunf,tɾjunf,NL
tɾjunfemos,tɾjunfemos,tɾjunf,tɾjunf,NL
tɾjunfemos,tɾjunfemos,tɾjunf,tɾjunf,NL
tɾjunfemos,tɾeunfemos,tɾeunf,tɾjunf,NL
tɾjunfemos,tɾeunfemos,tɾeunf,tɾjunf,NL
tɾjunfemos,tɾeunfemos,tɾeunf,tɾjunf,NL
tɾjunfemos,tɾeunfemos,tɾeunf,tɾjunf,NL
tɾjunfemos,tɾeunfemos,tɾeunf,tɾjunf,NL
tɾjunfemos,tɾeunfemos,tɾeunf,tɾjunf,NL
tɾjunfemos,tɾujnfemos,tɾujnf,tɾjunf,NL
tɾjunfemos,tɾujnfemos,tɾujnf,tɾjunf,NL
tɾjunfemos,tɾujnfemos,tɾujnf,tɾjunf,NL
tɾjunfemos,tɾujnfemos,tɾujnf,tɾjunf,NL
tɾjunfemos,tɾujnfemos,tɾujnf,tɾjunf,NL
tɾjunfemos,tɾjunfemos,tɾjunf,tɾjunf,NL
tɾjunfemos,tɾjunfemos,tɾjunf,tɾjunf,NL
tɾjunfemos,tɾjunfemos,tɾjunf,tɾjunf,NL
tɾjunfemos,tɾjunfemos,tɾjunf,tɾjunf,NL
tɾjunfemos,tɾjunfemos,tɾjunf,tɾjunf,NL
tɾjunfemos,tɾjunfemos,tɾjunf,tɾjunf,NL
tɾjunfemos,tɾjunfemos,tɾjunf,tɾjunf,NL
tɾjunfemos,tɾeunfemos,tɾeunf,tɾjunf,NL
tɾjunfemos,tɾenunfemos,tɾenunf,tɾjunf,NL
tɾjunfemos,tɾenunfemos,tɾenunf,tɾjunf,NL
tɾjunfen,tɾujnfnen,tɾujnfn,tɾjunf,NL
tɾjunfen,tɾujunfen,tɾujunf,tɾjunf,NL
tɾjunfen,tɾujunfen,tɾujunf,tɾjunf,NL
tɾjunfen,tɾujunfen,tɾujunf,tɾjunf,NL
tɾjunfen,tɾujunfen,tɾujunf,tɾjunf,NL
tɾjunfen,tɾujnfnen,tɾujnfn,tɾjunf,NL
tɾjunfen,tɾujunfen,tɾujunf,tɾjunf,NL
tɾjunfen,tɾujunfen,tɾujunf,tɾjunf,NL
tɾjunfen,tɾujunfen,tɾujunf,tɾjunf,NL
tɾjunfen,tɾujunfen,tɾujunf,tɾjunf,NL
tɾjunfen,tɾujunfen,tɾujunf,tɾjunf,NL
tɾjunfen,tɾujunfen,tɾujunf,tɾjunf,NL
tɾjunfen,tɾujunfen,tɾujunf,tɾjunf,NL
tɾjunfen,tɾujunfen,tɾujunf,tɾjunf,NL
tɾjunfen,tɾujunfen,tɾujunf,tɾjunf,NL
tɾjunfen,tɾujunfen,tɾujunf,tɾjunf,NL
tɾjunfen,tɾujunfen,tɾujunf,tɾjunf,NL
tɾjunfen,tɾujunfen,tɾujunf,tɾjunf,NL
tɾjunfen,tɾujunfen,tɾujunf,tɾjunf,NL
tɾjunfen,tɾjunfnen,tɾjunfn,tɾjunf,NL
tɾjunfen,tɾjunfnen,tɾjunfn,tɾjunf,NL
tɾjunfen,tɾjunfnen,tɾjunfn,tɾjunf,NL
tɾjunfen,tɾjunfnen,tɾjunfn,tɾjunf,NL
tɾjunfen,tɾjunfnen,tɾjunfn,tɾjunf,NL
tɾjunfen,tɾjunfnen,tɾjunfn,tɾjunf,NL
tɾjunfen,tɾjunfnen,tɾjunfn,tɾjunf,NL
tɾjunfen,tɾjunfnen,tɾjunfn,tɾjunf,NL
tɾjunfen,tɾjunfnen,tɾjunfn,tɾjunf,NL
tɾjunfen,tɾjunfnen,tɾjunfn,tɾjunf,NL
tɾjunfen,tɾjunfnen,tɾjunfn,tɾjunf,NL
tɾjunfen,tɾjunfnen,tɾjunfn,tɾjunf,NL
tɾjunfen,tɾjunfnen,tɾjunfn,tɾjunf,NL
tɾjunfen,tɾjunfnen,tɾjunfn,tɾjunf,NL
tɾjunfen,tɾjunfnen,tɾjunfn,tɾjunf,NL
tɾjunfen,tɾjunfnen,tɾjunfn,tɾjunf,NL
tɾjunfen,tɾjunfnen,tɾjunfn,tɾjunf,NL
tɾjunfen,tɾjunfnen,tɾjunfn,tɾjunf,NL
tɾjunfen,tɾjunfnen,tɾjunfn,tɾjunf,NL
tɾjunfen,tɾjunfnen,tɾjunfn,tɾjunf,NL
tɾjunfen,tɾjunfnen,tɾjunfn,tɾjunf,NL
tɾjunfen,tɾujnfnen,tɾujnfn,tɾjunf,NL
tɾjunfen,tɾujunfen,tɾujunf,tɾjunf,NL
tɾjunfen,tɾujunfen,tɾujunf,tɾjunf,NL
tɾjunfen,tɾujunfen,tɾujunf,tɾjunf,NL
tɾjunfen,tɾujunfen,tɾujunf,tɾjunf,NL
tɾjunfen,tɾujunfen,tɾujunf,tɾjunf,NL
tɾjunfen,tɾujunfen,tɾujunf,tɾjunf,NL
tɾjunfen,tɾujunfen,tɾujunf,tɾjunf,NL
tɾjunfen,tɾujunfen,tɾujunf,tɾjunf,NL
tɾjunfen,tɾjunfnen,tɾjunfn,tɾjunf,NL
tɾjunfen,tɾjunfnen,tɾjunfn,tɾjunf,NL
tɾjunfen,tɾjunfnen,tɾjunfn,tɾjunf,NL
tɾjunfen,tɾjunfnen,tɾjunfn,tɾjunf,NL
tɾjunfen,tɾjunfnen,tɾjunfn,tɾjunf,NL
tɾjunfen,tɾjunfnen,tɾjunfn,tɾjunf,NL
tɾjunfes,tɾujnfes,tɾujnf,tɾjunf,NL
tɾjunfes,tɾujunfes,tɾujunf,tɾjunf,NL
tɾjunfes,tɾujunfes,tɾujunf,tɾjunf,NL
tɾjunfes,tɾujunfes,tɾujunf,tɾjunf,NL
tɾjunfes,tɾujnfes,tɾujnf,tɾjunf,NL
tɾjunfes,tɾujnfes,tɾujnf,tɾjunf,NL
tɾjunfes,tɾujunfes,tɾujunf,tɾjunf,NL
tɾjunfes,tɾujunfes,tɾujunf,tɾjunf,NL
tɾjunfes,tɾujunfes,tɾujunf,tɾjunf,NL
tɾjunfes,tɾujunfes,tɾujunf,tɾjunf,NL
tɾjunfes,tɾujunfes,tɾujunf,tɾjunf,NL
tɾjunfes,tɾujunfes,tɾujunf,tɾjunf,NL
tɾjunfes,tɾujunfes,tɾujunf,tɾjunf,NL
tɾjunfes,tɾujunfes,tɾujunf,tɾjunf,NL
tɾjunfes,tɾujunfes,tɾujunf,tɾjunf,NL
tɾjunfes,tɾujunfes,tɾujunf,tɾjunf,NL
tɾjunfes,tɾujunfes,tɾujunf,tɾjunf,NL
tɾjunfes,tɾujunfes,tɾujunf,tɾjunf,NL
tɾjunfes,tɾujunfes,tɾujunf,tɾjunf,NL
tɾjunfes,tɾjunfnes,tɾjunfn,tɾjunf,NL
tɾjunfes,tɾjunfnes,tɾjunfn,tɾjunf,NL
tɾjunfes,tɾjunfnes,tɾjunfn,tɾjunf,NL
tɾjunfes,tɾjunfnes,tɾjunfn,tɾjunf,NL
tɾjunfes,tɾjunfnes,tɾjunfn,tɾjunf,NL
tɾjunfes,tɾjunfnes,tɾjunfn,tɾjunf,NL
tɾjunfes,tɾjunfnes,tɾjunfn,tɾjunf,NL
tɾjunfes,tɾjunfnes,tɾjunfn,tɾjunf,NL
tɾjunfes,tɾjunfnes,tɾjunfn,tɾjunf,NL
tɾjunfes,tɾjunfnes,tɾjunfn,tɾjunf,NL
tɾjunfes,tɾjunfnes,tɾjunfn,tɾjunf,NL
tɾjunfes,tɾjunfnes,tɾjunfn,tɾjunf,NL
tɾjunfes,tɾjunfnes,tɾjunfn,tɾjunf,NL
tɾjunfes,tɾjunfnes,tɾjunfn,tɾjunf,NL
tɾjunfes,tɾjunfnes,tɾjunfn,tɾjunf,NL
tɾjunfes,tɾjunfnes,tɾjunfn,tɾjunf,NL
tɾjunfes,tɾjunfnes,tɾjunfn,tɾjunf,NL
tɾjunfes,tɾjunfnes,tɾjunfn,tɾjunf,NL
tɾjunfes,tɾjunfnes,tɾjunfn,tɾjunf,NL
tɾjunfes,tɾjunfnes,tɾjunfn,tɾjunf,NL
tɾjunfes,tɾjunfnes,tɾjunfn,tɾjunf,NL
tɾjunfes,tɾujnfes,tɾujnf,tɾjunf,NL
tɾjunfes,tɾujunfes,tɾujunf,tɾjunf,NL
tɾjunfes,tɾujunfes,tɾujunf,tɾjunf,NL
tɾjunfes,tɾujunfes,tɾujunf,tɾjunf,NL
tɾjunfes,tɾujunfes,tɾujunf,tɾjunf,NL
tɾjunfes,tɾujunfes,tɾujunf,tɾjunf,NL
tɾjunfes,tɾujunfes,tɾujunf,tɾjunf,NL
tɾjunfes,tɾujunfes,tɾujunf,tɾjunf,NL
tɾjunfes,tɾujunfes,tɾujunf,tɾjunf,NL
tɾjunfes,tɾjunfnes,tɾjunfn,tɾjunf,NL
tɾjunfes,tɾjunfnes,tɾjunfn,tɾjunf,NL
tɾjunfes,tɾjunfnes,tɾjunfn,tɾjunf,NL
tɾjunfes,tɾjunfnes,tɾjunfn,tɾjunf,NL
tɾjunfes,tɾjunfnes,tɾjunfn,tɾjunf,NL
tɾjunfes,tɾjunfnes,tɾjunfn,tɾjunf,NL
tɾjunfe,tɾujnfje,tɾujnfj,tɾjunf,NL
tɾjunfe,tɾujunfe,tɾujunf,tɾjunf,NL
tɾjunfe,tɾujunfe,tɾujunf,tɾjunf,NL
tɾjunfe,tɾujunfe,tɾujunf,tɾjunf,NL
tɾjunfe,tɾujunfe,tɾujunf,tɾjunf,NL
tɾjunfe,tɾujnfje,tɾujnfj,tɾjunf,NL
tɾjunfe,tɾujunfe,tɾujunf,tɾjunf,NL
tɾjunfe,tɾujunfe,tɾujunf,tɾjunf,NL
tɾjunfe,tɾujunfe,tɾujunf,tɾjunf,NL
tɾjunfe,tɾujunfe,tɾujunf,tɾjunf,NL
tɾjunfe,tɾujunfe,tɾujunf,tɾjunf,NL
tɾjunfe,tɾujunfe,tɾujunf,tɾjunf,NL
tɾjunfe,tɾujunfe,tɾujunf,tɾjunf,NL
tɾjunfe,tɾujunfe,tɾujunf,tɾjunf,NL
tɾjunfe,tɾujunfe,tɾujunf,tɾjunf,NL
tɾjunfe,tɾujunfe,tɾujunf,tɾjunf,NL
tɾjunfe,tɾujunfe,tɾujunf,tɾjunf,NL
tɾjunfe,tɾujunfe,tɾujunf,tɾjunf,NL
tɾjunfe,tɾujunfe,tɾujunf,tɾjunf,NL
tɾjunfe,tɾjunfne,tɾjunfn,tɾjunf,NL
tɾjunfe,tɾjunfne,tɾjunfn,tɾjunf,NL
tɾjunfe,tɾjunfne,tɾjunfn,tɾjunf,NL
tɾjunfe,tɾjunfne,tɾjunfn,tɾjunf,NL
tɾjunfe,tɾjunfne,tɾjunfn,tɾjunf,NL
tɾjunfe,tɾjunfne,tɾjunfn,tɾjunf,NL
tɾjunfe,tɾjunfne,tɾjunfn,tɾjunf,NL
tɾjunfe,tɾjunfne,tɾjunfn,tɾjunf,NL
tɾjunfe,tɾjunfne,tɾjunfn,tɾjunf,NL
tɾjunfe,tɾjunfne,tɾjunfn,tɾjunf,NL
tɾjunfe,tɾjunfne,tɾjunfn,tɾjunf,NL
tɾjunfe,tɾjunfne,tɾjunfn,tɾjunf,NL
tɾjunfe,tɾjunfne,tɾjunfn,tɾjunf,NL
tɾjunfe,tɾjunfne,tɾjunfn,tɾjunf,NL
tɾjunfe,tɾjunfne,tɾjunfn,tɾjunf,NL
tɾjunfe,tɾjunfne,tɾjunfn,tɾjunf,NL
tɾjunfe,tɾjunfne,tɾjunfn,tɾjunf,NL
tɾjunfe,tɾjunfne,tɾjunfn,tɾjunf,NL
tɾjunfe,tɾjunfne,tɾjunfn,tɾjunf,NL
tɾjunfe,tɾjunfne,tɾjunfn,tɾjunf,NL
tɾjunfe,tɾjunfne,tɾjunfn,tɾjunf,NL
tɾjunfe,tɾujnfje,tɾujnfj,tɾjunf,NL
tɾjunfe,tɾujunfe,tɾujunf,tɾjunf,NL
tɾjunfe,tɾujunfe,tɾujunf,tɾjunf,NL
tɾjunfe,tɾujunfe,tɾujunf,tɾjunf,NL
tɾjunfe,tɾujunfe,tɾujunf,tɾjunf,NL
tɾjunfe,tɾujunfe,tɾujunf,tɾjunf,NL
tɾjunfe,tɾujunfe,tɾujunf,tɾjunf,NL
tɾjunfe,tɾujunfe,tɾujunf,tɾjunf,NL
tɾjunfe,tɾujunfe,tɾujunf,tɾjunf,NL
tɾjunfe,tɾjunfne,tɾjunfn,tɾjunf,NL
tɾjunfe,tɾjunfne,tɾjunfn,tɾjunf,NL
tɾjunfe,tɾjunfne,tɾjunfn,tɾjunf,NL
tɾjunfe,tɾjunfne,tɾjunfn,tɾjunf,NL
tɾjunfe,tɾjunfne,tɾjunfn,tɾjunf,NL
tɾjunfe,tɾjunfne,tɾjunfn,tɾjunf,NL
tɾjunfe,tɾujnfje,tɾujnfj,tɾjunf,NL
tɾjunfe,tɾujunfje,tɾujunfj,tɾjunf,NL
tɾjunfe,tɾujunfe,tɾujunf,tɾjunf,NL
tɾjunfe,tɾujunfje,tɾujunfj,tɾjunf,NL
tɾjunfe,tɾujunfe,tɾujunf,tɾjunf,NL
tɾjunfe,tɾujnfje,tɾujnfj,tɾjunf,NL
tɾjunfe,tɾujunfe,tɾujunf,tɾjunf,NL
tɾjunfe,tɾujunfe,tɾujunf,tɾjunf,NL
tɾjunfe,tɾujunfe,tɾujunf,tɾjunf,NL
tɾjunfe,tɾujunfe,tɾujunf,tɾjunf,NL
tɾjunfe,tɾujunfe,tɾujunf,tɾjunf,NL
tɾjunfe,tɾujunfe,tɾujunf,tɾjunf,NL
tɾjunfe,tɾujunfe,tɾujunf,tɾjunf,NL
tɾjunfe,tɾujunfe,tɾujunf,tɾjunf,NL
tɾjunfe,tɾujunfe,tɾujunf,tɾjunf,NL
tɾjunfe,tɾujunfe,tɾujunf,tɾjunf,NL
tɾjunfe,tɾujunfe,tɾujunf,tɾjunf,NL
tɾjunfe,tɾujunfe,tɾujunf,tɾjunf,NL
tɾjunfe,tɾujunfe,tɾujunf,tɾjunf,NL
tɾjunfe,tɾjunfne,tɾjunfn,tɾjunf,NL
tɾjunfe,tɾjunfne,tɾjunfn,tɾjunf,NL
tɾjunfe,tɾjunfne,tɾjunfn,tɾjunf,NL
tɾjunfe,tɾjunfne,tɾjunfn,tɾjunf,NL
tɾjunfe,tɾjunfne,tɾjunfn,tɾjunf,NL
tɾjunfe,tɾjunfne,tɾjunfn,tɾjunf,NL
tɾjunfe,tɾjunfne,tɾjunfn,tɾjunf,NL
tɾjunfe,tɾjunfne,tɾjunfn,tɾjunf,NL
tɾjunfe,tɾjunfne,tɾjunfn,tɾjunf,NL
tɾjunfe,tɾjunfne,tɾjunfn,tɾjunf,NL
tɾjunfe,tɾjunfne,tɾjunfn,tɾjunf,NL
tɾjunfe,tɾjunfne,tɾjunfn,tɾjunf,NL
tɾjunfe,tɾjunfne,tɾjunfn,tɾjunf,NL
tɾjunfe,tɾjunfne,tɾjunfn,tɾjunf,NL
tɾjunfe,tɾjunfne,tɾjunfn,tɾjunf,NL
tɾjunfe,tɾjunfne,tɾjunfn,tɾjunf,NL
tɾjunfe,tɾjunfne,tɾjunfn,tɾjunf,NL
tɾjunfe,tɾjunfne,tɾjunfn,tɾjunf,NL
tɾjunfe,tɾjunfne,tɾjunfn,tɾjunf,NL
tɾjunfe,tɾjunfne,tɾjunfn,tɾjunf,NL
tɾjunfe,tɾjunfne,tɾjunfn,tɾjunf,NL
tɾjunfe,tɾujnfje,tɾujnfj,tɾjunf,NL
tɾjunfe,tɾujunfje,tɾujunfj,tɾjunf,NL
tɾjunfe,tɾujunfje,tɾujunfj,tɾjunf,NL
tɾjunfe,tɾujunfje,tɾujunfj,tɾjunf,NL
tɾjunfe,tɾujunfje,tɾujunfj,tɾjunf,NL
tɾjunfe,tɾujunfje,tɾujunfj,tɾjunf,NL
tɾjunfe,tɾujunfje,tɾujunfj,tɾjunf,NL
tɾjunfe,tɾujunfe,tɾujunf,tɾjunf,NL
tɾjunfe,tɾujunfe,tɾujunf,tɾjunf,NL
tɾjunfe,tɾjunfne,tɾjunfn,tɾjunf,NL
tɾjunfe,tɾjunfne,tɾjunfn,tɾjunf,NL
tɾjunfe,tɾjunfne,tɾjunfn,tɾjunf,NL
tɾjunfe,tɾjunfne,tɾjunfn,tɾjunf,NL
tɾjunfe,tɾjunfne,tɾjunfn,tɾjunf,NL
tɾjunfe,tɾjunfne,tɾjunfn,tɾjunf,NL
tɾjunfo,tɾujnfo,tɾujnf,tɾjunf,NL
tɾjunfo,tɾujunfo,tɾujunf,tɾjunf,NL
tɾjunfo,tɾujunfo,tɾujunf,tɾjunf,NL
tɾjunfo,tɾujunfo,tɾujunf,tɾjunf,NL
tɾjunfo,tɾujnfo,tɾujnf,tɾjunf,NL
tɾjunfo,tɾujnfo,tɾujnf,tɾjunf,NL
tɾjunfo,tɾujunfo,tɾujunf,tɾjunf,NL
tɾjunfo,tɾujunfo,tɾujunf,tɾjunf,NL
tɾjunfo,tɾujunfo,tɾujunf,tɾjunf,NL
tɾjunfo,tɾujunfo,tɾujunf,tɾjunf,NL
tɾjunfo,tɾujunfo,tɾujunf,tɾjunf,NL
tɾjunfo,tɾujunfo,tɾujunf,tɾjunf,NL
tɾjunfo,tɾujunfo,tɾujunf,tɾjunf,NL
tɾjunfo,tɾujunfo,tɾujunf,tɾjunf,NL
tɾjunfo,tɾujnfo,tɾujnf,tɾjunf,NL
tɾjunfo,tɾujunfo,tɾujunf,tɾjunf,NL
tɾjunfo,tɾujunfo,tɾujunf,tɾjunf,NL
tɾjunfo,tɾujunfo,tɾujunf,tɾjunf,NL
tɾjunfo,tɾujunfo,tɾujunf,tɾjunf,NL
tɾjunfo,tɾjunfno,tɾjunfn,tɾjunf,NL
tɾjunfo,tɾjunfno,tɾjunfn,tɾjunf,NL
tɾjunfo,tɾjunfno,tɾjunfn,tɾjunf,NL
tɾjunfo,tɾjunfno,tɾjunfn,tɾjunf,NL
tɾjunfo,tɾjunfno,tɾjunfn,tɾjunf,NL
tɾjunfo,tɾjunfno,tɾjunfn,tɾjunf,NL
tɾjunfo,tɾjunfno,tɾjunfn,tɾjunf,NL
tɾjunfo,tɾjunfno,tɾjunfn,tɾjunf,NL
tɾjunfo,tɾjunfno,tɾjunfn,tɾjunf,NL
tɾjunfo,tɾjunfno,tɾjunfn,tɾjunf,NL
tɾjunfo,tɾjunfno,tɾjunfn,tɾjunf,NL
tɾjunfo,tɾjunfno,tɾjunfn,tɾjunf,NL
tɾjunfo,tɾjunfno,tɾjunfn,tɾjunf,NL
tɾjunfo,tɾjunfno,tɾjunfn,tɾjunf,NL
tɾjunfo,tɾjunfno,tɾjunfn,tɾjunf,NL
tɾjunfo,tɾjunfno,tɾjunfn,tɾjunf,NL
tɾjunfo,tɾjunfno,tɾjunfn,tɾjunf,NL
tɾjunfo,tɾjunfo,tɾjunf,tɾjunf,NL
tɾjunfo,tɾjunfo,tɾjunf,tɾjunf,NL
tɾjunfo,tɾjunfo,tɾjunf,tɾjunf,NL
tɾjunfo,tɾjunfo,tɾjunf,tɾjunf,NL
tɾjunfo,tɾujnfo,tɾujnf,tɾjunf,NL
tɾjunfo,tɾujnfo,tɾujnf,tɾjunf,NL
tɾjunfo,tɾujunfo,tɾujunf,tɾjunf,NL
tɾjunfo,tɾujunfo,tɾujunf,tɾjunf,NL
tɾjunfo,tɾujunfo,tɾujunf,tɾjunf,NL
tɾjunfo,tɾujunfo,tɾujunf,tɾjunf,NL
tɾjunfo,tɾujunfo,tɾujunf,tɾjunf,NL
tɾjunfo,tɾujunfo,tɾujunf,tɾjunf,NL
tɾjunfo,tɾujunfo,tɾujunf,tɾjunf,NL
tɾjunfo,tɾjunfno,tɾjunfn,tɾjunf,NL
tɾjunfo,tɾjunfno,tɾjunfn,tɾjunf,NL
tɾjunfo,tɾjunfno,tɾjunfn,tɾjunf,NL
tɾjunfo,tɾjunfno,tɾjunfn,tɾjunf,NL
tɾjunfo,tɾjunfno,tɾjunfn,tɾjunf,NL
tɾjunfo,tɾjunfo,tɾjunf,tɾjunf,NL
peɾseɡimos,peɾseɡamos,peɾseɡ,peɾseɡ,NL
peɾseɡimos,peɾseɡamos,peɾseɡ,peɾseɡ,NL
peɾseɡimos,peɾseɡamos,peɾseɡ,peɾseɡ,NL
peɾseɡimos,peɾseɡamos,peɾseɡ,peɾseɡ,NL
peɾseɡimos,peɾseɡamos,peɾseɡ,peɾseɡ,NL
peɾseɡimos,peɾseɡamos,peɾseɡ,peɾseɡ,NL
peɾseɡimos,peɾseɡamos,peɾseɡ,peɾseɡ,NL
peɾseɡimos,peɾseɡamos,peɾseɡ,peɾseɡ,NL
peɾseɡimos,peɾseɡamos,peɾseɡ,peɾseɡ,NL
peɾseɡimos,peɾseɡamos,peɾseɡ,peɾseɡ,NL
peɾseɡimos,peɾsiɡamos,peɾsiɡ,peɾseɡ,NL
peɾseɡimos,peɾsiɡamos,peɾsiɡ,peɾseɡ,NL
peɾseɡimos,peɾsiɡamos,peɾsiɡ,peɾseɡ,NL
peɾseɡimos,peɾsiɡamos,peɾsiɡ,peɾseɡ,NL
peɾseɡimos,peɾsiɡamos,peɾsiɡ,peɾseɡ,NL
peɾseɡimos,peɾsiɡamos,peɾsiɡ,peɾseɡ,NL
peɾseɡimos,peɾsiɡamos,peɾsiɡ,peɾseɡ,NL
peɾseɡimos,peɾsiɡamos,peɾsiɡ,peɾseɡ,NL
peɾseɡimos,peɾsiɡamos,peɾsiɡ,peɾseɡ,NL
peɾseɡimos,peɾsiɡamos,peɾsiɡ,peɾseɡ,NL
peɾseɡimos,peɾsiɡamos,peɾsiɡ,peɾseɡ,NL
peɾseɡimos,peɾsiɡamos,peɾsiɡ,peɾseɡ,NL
peɾseɡimos,peɾsiɡamos,peɾsiɡ,peɾseɡ,NL
peɾseɡimos,peɾsiɡamos,peɾsiɡ,peɾseɡ,NL
peɾseɡimos,peɾsiɡamos,peɾsiɡ,peɾseɡ,NL
peɾseɡimos,peɾsiɡamos,peɾsiɡ,peɾseɡ,NL
peɾseɡimos,peɾsiɡamos,peɾsiɡ,peɾseɡ,NL
peɾseɡimos,peɾsiɡamos,peɾsiɡ,peɾseɡ,NL
peɾseɡimos,peɾsiɡamos,peɾsiɡ,peɾseɡ,NL
peɾseɡimos,peɾsiɡamos,peɾsiɡ,peɾseɡ,NL
peɾseɡimos,peɾsiɡamos,peɾsiɡ,peɾseɡ,NL
peɾseɡimos,peɾsiɡamos,peɾsiɡ,peɾseɡ,NL
peɾseɡimos,peɾsiɡamos,peɾsiɡ,peɾseɡ,NL
peɾseɡimos,peɾsiɡamos,peɾsiɡ,peɾseɡ,NL
peɾseɡimos,peɾsiɡamos,peɾsiɡ,peɾseɡ,NL
peɾseɡimos,peɾsiɡamos,peɾsiɡ,peɾseɡ,NL
peɾseɡimos,peɾsiɡamos,peɾsiɡ,peɾseɡ,NL
peɾseɡimos,peɾsiɡamos,peɾsiɡ,peɾseɡ,NL
peɾseɡimos,peɾsiɡamos,peɾsiɡ,peɾseɡ,NL
peɾseɡimos,peɾsiɡamos,peɾsiɡ,peɾseɡ,NL
peɾseɡimos,peɾsiɡamos,peɾsiɡ,peɾseɡ,NL
peɾseɡimos,peɾsiɡamos,peɾsiɡ,peɾseɡ,NL
peɾseɡimos,peɾsiɡamos,peɾsiɡ,peɾseɡ,NL
peɾseɡimos,peɾsiɡamos,peɾsiɡ,peɾseɡ,NL
peɾseɡimos,peɾsiɡamos,peɾsiɡ,peɾseɡ,NL
peɾseɡimos,peɾsiɡamos,peɾsiɡ,peɾseɡ,NL
peɾseɡimos,peɾsiɡamos,peɾsiɡ,peɾseɡ,NL
peɾseɡimos,peɾsiɡamos,peɾsiɡ,peɾseɡ,NL
peɾseɡimos,peɾsiɡamos,peɾsiɡ,peɾseɡ,NL
peɾseɡimos,peɾsiɡamos,peɾsiɡ,peɾseɡ,NL
peɾseɡimos,peɾsiɡamos,peɾsiɡ,peɾseɡ,NL
peɾseɡimos,peɾsiɡamos,peɾsiɡ,peɾseɡ,NL
peɾseɡimos,peɾsiɡamos,peɾsiɡ,peɾseɡ,NL
peɾseɡimos,peɾsiɡamos,peɾsiɡ,peɾseɡ,NL
peɾseɡimos,peɾsiɡamos,peɾsiɡ,peɾseɡ,NL
peɾseɡis,peɾseɡajs,peɾseɡ,peɾseɡ,NL
peɾseɡis,peɾseɡajs,peɾseɡ,peɾseɡ,NL
peɾseɡis,peɾseɡajs,peɾseɡ,peɾseɡ,NL
peɾseɡis,peɾseɡajs,peɾseɡ,peɾseɡ,NL
peɾseɡis,peɾseɡajs,peɾseɡ,peɾseɡ,NL
peɾseɡis,peɾseɡajs,peɾseɡ,peɾseɡ,NL
peɾseɡis,peɾseɡajs,peɾseɡ,peɾseɡ,NL
peɾseɡis,peɾseɡajs,peɾseɡ,peɾseɡ,NL
peɾseɡis,peɾseɡajs,peɾseɡ,peɾseɡ,NL
peɾseɡis,peɾseɡajs,peɾseɡ,peɾseɡ,NL
peɾseɡis,peɾsiɡajs,peɾsiɡ,peɾseɡ,NL
peɾseɡis,peɾsiɡajs,peɾsiɡ,peɾseɡ,NL
peɾseɡis,peɾsiɡajs,peɾsiɡ,peɾseɡ,NL
peɾseɡis,peɾsiɡajs,peɾsiɡ,peɾseɡ,NL
peɾseɡis,peɾsiɡajs,peɾsiɡ,peɾseɡ,NL
peɾseɡis,peɾsiɡajs,peɾsiɡ,peɾseɡ,NL
peɾseɡis,peɾsiɡajs,peɾsiɡ,peɾseɡ,NL
peɾseɡis,peɾsiɡajs,peɾsiɡ,peɾseɡ,NL
peɾseɡis,peɾsiɡajs,peɾsiɡ,peɾseɡ,NL
peɾseɡis,peɾsiɡajs,peɾsiɡ,peɾseɡ,NL
peɾseɡis,peɾsiɡajs,peɾsiɡ,peɾseɡ,NL
peɾseɡis,peɾsiɡajs,peɾsiɡ,peɾseɡ,NL
peɾseɡis,peɾsiɡajs,peɾsiɡ,peɾseɡ,NL
peɾseɡis,peɾsiɡajs,peɾsiɡ,peɾseɡ,NL
peɾseɡis,peɾsiɡajs,peɾsiɡ,peɾseɡ,NL
peɾseɡis,peɾsiɡajs,peɾsiɡ,peɾseɡ,NL
peɾseɡis,peɾsiɡajs,peɾsiɡ,peɾseɡ,NL
peɾseɡis,peɾsiɡajs,peɾsiɡ,peɾseɡ,NL
peɾseɡis,peɾsiɡajs,peɾsiɡ,peɾseɡ,NL
peɾseɡis,peɾsiɡajs,peɾsiɡ,peɾseɡ,NL
peɾseɡis,peɾsiɡajs,peɾsiɡ,peɾseɡ,NL
peɾseɡis,peɾsiɡajs,peɾsiɡ,peɾseɡ,NL
peɾseɡis,peɾsiɡajs,peɾsiɡ,peɾseɡ,NL
peɾseɡis,peɾsiɡajs,peɾsiɡ,peɾseɡ,NL
peɾseɡis,peɾsiɡajs,peɾsiɡ,peɾseɡ,NL
peɾseɡis,peɾsiɡajs,peɾsiɡ,peɾseɡ,NL
peɾseɡis,peɾsiɡajs,peɾsiɡ,peɾseɡ,NL
peɾseɡis,peɾsiɡajs,peɾsiɡ,peɾseɡ,NL
peɾseɡis,peɾsiɡajs,peɾsiɡ,peɾseɡ,NL
peɾseɡis,peɾsiɡajs,peɾsiɡ,peɾseɡ,NL
peɾseɡis,peɾsiɡajs,peɾsiɡ,peɾseɡ,NL
peɾseɡis,peɾsiɡajs,peɾsiɡ,peɾseɡ,NL
peɾseɡis,peɾsiɡajs,peɾsiɡ,peɾseɡ,NL
peɾseɡis,peɾsiɡajs,peɾsiɡ,peɾseɡ,NL
peɾseɡis,peɾsiɡajs,peɾsiɡ,peɾseɡ,NL
peɾseɡis,peɾsiɡajs,peɾsiɡ,peɾseɡ,NL
peɾseɡis,peɾsiɡajs,peɾsiɡ,peɾseɡ,NL
peɾseɡis,peɾsiɡajs,peɾsiɡ,peɾseɡ,NL
peɾseɡis,peɾsiɡajs,peɾsiɡ,peɾseɡ,NL
peɾseɡis,peɾsiɡajs,peɾsiɡ,peɾseɡ,NL
peɾseɡis,peɾsiɡajs,peɾsiɡ,peɾseɡ,NL
peɾseɡis,peɾsiɡajs,peɾsiɡ,peɾseɡ,NL
peɾseɡis,peɾsiɡajs,peɾsiɡ,peɾseɡ,NL
peɾseɡis,peɾsiɡajs,peɾsiɡ,peɾseɡ,NL
peɾseɡis,peɾsiɡajs,peɾsiɡ,peɾseɡ,NL
peɾsiɡajs,peɾseɡeis,peɾseɡe,peɾsiɡ,NL
peɾsiɡajs,peɾseɡeis,peɾseɡe,peɾsiɡ,NL
peɾsiɡajs,peɾseɡeis,peɾseɡe,peɾsiɡ,NL
peɾsiɡajs,peɾseɡeis,peɾseɡe,peɾsiɡ,NL
peɾsiɡajs,peɾseɡeis,peɾseɡe,peɾsiɡ,NL
peɾsiɡajs,peɾseɡeis,peɾseɡe,peɾsiɡ,NL
peɾsiɡajs,peɾseɡeis,peɾseɡe,peɾsiɡ,NL
peɾsiɡajs,peɾseɡeis,peɾseɡe,peɾsiɡ,NL
peɾsiɡajs,peɾseɡeis,peɾseɡe,peɾsiɡ,NL
peɾsiɡajs,peɾseɡeis,peɾseɡe,peɾsiɡ,NL
peɾsiɡajs,peɾseɡeis,peɾseɡe,peɾsiɡ,NL
peɾsiɡajs,peɾseɡeis,peɾseɡe,peɾsiɡ,NL
peɾsiɡajs,peɾseɡeis,peɾseɡe,peɾsiɡ,NL
peɾsiɡajs,peɾseɡeis,peɾseɡe,peɾsiɡ,NL
peɾsiɡajs,peɾseɡeis,peɾseɡe,peɾsiɡ,NL
peɾsiɡajs,peɾseɡeis,peɾseɡe,peɾsiɡ,NL
peɾsiɡajs,peɾseɡeis,peɾseɡe,peɾsiɡ,NL
peɾsiɡajs,peɾseɡeis,peɾseɡe,peɾsiɡ,NL
peɾsiɡajs,peɾseɡeis,peɾseɡe,peɾsiɡ,NL
peɾsiɡajs,peɾsiɡeis,peɾsiɡe,peɾsiɡ,NL
peɾsiɡajs,peɾsiɡeis,peɾsiɡe,peɾsiɡ,NL
peɾsiɡajs,peɾsiɡeis,peɾsiɡe,peɾsiɡ,NL
peɾsiɡajs,peɾsiɡeis,peɾsiɡe,peɾsiɡ,NL
peɾsiɡajs,peɾsiɡeis,peɾsiɡe,peɾsiɡ,NL
peɾsiɡajs,peɾsiɡeis,peɾsiɡe,peɾsiɡ,NL
peɾsiɡajs,peɾsiɡeis,peɾsiɡe,peɾsiɡ,NL
peɾsiɡajs,peɾsiɡeis,peɾsiɡe,peɾsiɡ,NL
peɾsiɡajs,peɾsiɡeis,peɾsiɡe,peɾsiɡ,NL
peɾsiɡajs,peɾsiɡeis,peɾsiɡe,peɾsiɡ,NL
peɾsiɡajs,peɾsiɡeis,peɾsiɡe,peɾsiɡ,NL
peɾsiɡajs,peɾsiɡeis,peɾsiɡe,peɾsiɡ,NL
peɾsiɡajs,peɾsiɡeis,peɾsiɡe,peɾsiɡ,NL
peɾsiɡajs,peɾsiɡeis,peɾsiɡe,peɾsiɡ,NL
peɾsiɡajs,peɾsiɡeis,peɾsiɡe,peɾsiɡ,NL
peɾsiɡajs,peɾsiɡeis,peɾsiɡe,peɾsiɡ,NL
peɾsiɡajs,peɾsiɡeis,peɾsiɡe,peɾsiɡ,NL
peɾsiɡajs,peɾsiɡeis,peɾsiɡe,peɾsiɡ,NL
peɾsiɡajs,peɾsiɡeis,peɾsiɡe,peɾsiɡ,NL
peɾsiɡajs,peɾsiɡeis,peɾsiɡe,peɾsiɡ,NL
peɾsiɡajs,peɾsiɡeis,peɾsiɡe,peɾsiɡ,NL
peɾsiɡajs,peɾsiɡeis,peɾsiɡe,peɾsiɡ,NL
peɾsiɡajs,peɾsiɡeis,peɾsiɡe,peɾsiɡ,NL
peɾsiɡajs,peɾsiɡeis,peɾsiɡe,peɾsiɡ,NL
peɾsiɡajs,peɾsiɡeis,peɾsiɡe,peɾsiɡ,NL
peɾsiɡajs,peɾsiɡeis,peɾsiɡe,peɾsiɡ,NL
peɾsiɡajs,peɾsiɡeis,peɾsiɡe,peɾsiɡ,NL
peɾsiɡajs,peɾsiɡeis,peɾsiɡe,peɾsiɡ,NL
peɾsiɡajs,peɾsiɡeis,peɾsiɡe,peɾsiɡ,NL
peɾsiɡajs,peɾsiɡeis,peɾsiɡe,peɾsiɡ,NL
peɾsiɡajs,peɾsiɡeis,peɾsiɡe,peɾsiɡ,NL
peɾsiɡajs,peɾsiɡeis,peɾsiɡe,peɾsiɡ,NL
peɾsiɡajs,peɾsiɡeis,peɾsiɡe,peɾsiɡ,NL
peɾsiɡajs,peɾsiɡeis,peɾsiɡe,peɾsiɡ,NL
peɾsiɡajs,peɾsiɡeis,peɾsiɡe,peɾsiɡ,NL
peɾsiɡajs,peɾsiɡeis,peɾsiɡe,peɾsiɡ,NL
peɾsiɡamos,peɾseɡemos,peɾseɡ,peɾsiɡ,NL
peɾsiɡamos,peɾseɡemos,peɾseɡ,peɾsiɡ,NL
peɾsiɡamos,peɾseɡemos,peɾseɡ,peɾsiɡ,NL
peɾsiɡamos,peɾseɡemos,peɾseɡ,peɾsiɡ,NL
peɾsiɡamos,peɾseɡemos,peɾseɡ,peɾsiɡ,NL
peɾsiɡamos,peɾseɡemos,peɾseɡ,peɾsiɡ,NL
peɾsiɡamos,peɾseɡemos,peɾseɡ,peɾsiɡ,NL
peɾsiɡamos,peɾseɡemos,peɾseɡ,peɾsiɡ,NL
peɾsiɡamos,peɾseɡemos,peɾseɡ,peɾsiɡ,NL
peɾsiɡamos,peɾseɡemos,peɾseɡ,peɾsiɡ,NL
peɾsiɡamos,peɾseɡemos,peɾseɡ,peɾsiɡ,NL
peɾsiɡamos,peɾseɡemos,peɾseɡ,peɾsiɡ,NL
peɾsiɡamos,peɾseɡemos,peɾseɡ,peɾsiɡ,NL
peɾsiɡamos,peɾseɡemos,peɾseɡ,peɾsiɡ,NL
peɾsiɡamos,peɾseɡemos,peɾseɡ,peɾsiɡ,NL
peɾsiɡamos,peɾseɡemos,peɾseɡ,peɾsiɡ,NL
peɾsiɡamos,peɾseɡemos,peɾseɡ,peɾsiɡ,NL
peɾsiɡamos,peɾseɡemos,peɾseɡ,peɾsiɡ,NL
peɾsiɡamos,peɾseɡemos,peɾseɡ,peɾsiɡ,NL
peɾsiɡamos,peɾsiɡemos,peɾsiɡ,peɾsiɡ,NL
peɾsiɡamos,peɾsiɡemos,peɾsiɡ,peɾsiɡ,NL
peɾsiɡamos,peɾsiɡemos,peɾsiɡ,peɾsiɡ,NL
peɾsiɡamos,peɾsiɡemos,peɾsiɡ,peɾsiɡ,NL
peɾsiɡamos,peɾsiɡemos,peɾsiɡ,peɾsiɡ,NL
peɾsiɡamos,peɾsiɡemos,peɾsiɡ,peɾsiɡ,NL
peɾsiɡamos,peɾsiɡemos,peɾsiɡ,peɾsiɡ,NL
peɾsiɡamos,peɾsiɡemos,peɾsiɡ,peɾsiɡ,NL
peɾsiɡamos,peɾsiɡemos,peɾsiɡ,peɾsiɡ,NL
peɾsiɡamos,peɾsiɡemos,peɾsiɡ,peɾsiɡ,NL
peɾsiɡamos,peɾsiɡemos,peɾsiɡ,peɾsiɡ,NL
peɾsiɡamos,peɾsiɡemos,peɾsiɡ,peɾsiɡ,NL
peɾsiɡamos,peɾsiɡemos,peɾsiɡ,peɾsiɡ,NL
peɾsiɡamos,peɾsiɡemos,peɾsiɡ,peɾsiɡ,NL
peɾsiɡamos,peɾsiɡemos,peɾsiɡ,peɾsiɡ,NL
peɾsiɡamos,peɾsiɡemos,peɾsiɡ,peɾsiɡ,NL
peɾsiɡamos,peɾsiɡemos,peɾsiɡ,peɾsiɡ,NL
peɾsiɡamos,peɾsiɡemos,peɾsiɡ,peɾsiɡ,NL
peɾsiɡamos,peɾsiɡemos,peɾsiɡ,peɾsiɡ,NL
peɾsiɡamos,peɾsiɡemos,peɾsiɡ,peɾsiɡ,NL
peɾsiɡamos,peɾsiɡemos,peɾsiɡ,peɾsiɡ,NL
peɾsiɡamos,peɾsiɡemos,peɾsiɡ,peɾsiɡ,NL
peɾsiɡamos,peɾsiɡemos,peɾsiɡ,peɾsiɡ,NL
peɾsiɡamos,peɾsiɡemos,peɾsiɡ,peɾsiɡ,NL
peɾsiɡamos,peɾsiɡemos,peɾsiɡ,peɾsiɡ,NL
peɾsiɡamos,peɾsiɡemos,peɾsiɡ,peɾsiɡ,NL
peɾsiɡamos,peɾsiɡemos,peɾsiɡ,peɾsiɡ,NL
peɾsiɡamos,peɾsiɡemos,peɾsiɡ,peɾsiɡ,NL
peɾsiɡamos,peɾsiɡemos,peɾsiɡ,peɾsiɡ,NL
peɾsiɡamos,peɾsiɡemos,peɾsiɡ,peɾsiɡ,NL
peɾsiɡamos,peɾsiɡemos,peɾsiɡ,peɾsiɡ,NL
peɾsiɡamos,peɾsiɡemos,peɾsiɡ,peɾsiɡ,NL
peɾsiɡamos,peɾsiɡemos,peɾsiɡ,peɾsiɡ,NL
peɾsiɡamos,peɾsiɡemos,peɾsiɡ,peɾsiɡ,NL
peɾsiɡamos,peɾsiɡemos,peɾsiɡ,peɾsiɡ,NL
peɾsiɡamos,peɾsiɡemos,peɾsiɡ,peɾsiɡ,NL
peɾsiɡan,peɾseɡen,peɾseɡ,peɾsiɡ,NL
peɾsiɡan,peɾseɡen,peɾseɡ,peɾsiɡ,NL
peɾsiɡan,peɾseɡen,peɾseɡ,peɾsiɡ,NL
peɾsiɡan,peɾseɡen,peɾseɡ,peɾsiɡ,NL
peɾsiɡan,peɾseɡen,peɾseɡ,peɾsiɡ,NL
peɾsiɡan,peɾseɡen,peɾseɡ,peɾsiɡ,NL
peɾsiɡan,peɾseɡen,peɾseɡ,peɾsiɡ,NL
peɾsiɡan,peɾseɡen,peɾseɡ,peɾsiɡ,NL
peɾsiɡan,peɾseɡen,peɾseɡ,peɾsiɡ,NL
peɾsiɡan,peɾseɡen,peɾseɡ,peɾsiɡ,NL
peɾsiɡan,peɾseɡen,peɾseɡ,peɾsiɡ,NL
peɾsiɡan,peɾseɡen,peɾseɡ,peɾsiɡ,NL
peɾsiɡan,peɾseɡen,peɾseɡ,peɾsiɡ,NL
peɾsiɡan,peɾseɡen,peɾseɡ,peɾsiɡ,NL
peɾsiɡan,peɾseɡen,peɾseɡ,peɾsiɡ,NL
peɾsiɡan,peɾseɡen,peɾseɡ,peɾsiɡ,NL
peɾsiɡan,peɾseɡen,peɾseɡ,peɾsiɡ,NL
peɾsiɡan,peɾseɡen,peɾseɡ,peɾsiɡ,NL
peɾsiɡan,peɾseɡen,peɾseɡ,peɾsiɡ,NL
peɾsiɡan,peɾsiɡen,peɾsiɡ,peɾsiɡ,NL
peɾsiɡan,peɾsiɡen,peɾsiɡ,peɾsiɡ,NL
peɾsiɡan,peɾsiɡen,peɾsiɡ,peɾsiɡ,NL
peɾsiɡan,peɾsiɡen,peɾsiɡ,peɾsiɡ,NL
peɾsiɡan,peɾsiɡen,peɾsiɡ,peɾsiɡ,NL
peɾsiɡan,peɾsiɡen,peɾsiɡ,peɾsiɡ,NL
peɾsiɡan,peɾsiɡen,peɾsiɡ,peɾsiɡ,NL
peɾsiɡan,peɾsiɡen,peɾsiɡ,peɾsiɡ,NL
peɾsiɡan,peɾsiɡen,peɾsiɡ,peɾsiɡ,NL
peɾsiɡan,peɾsiɡen,peɾsiɡ,peɾsiɡ,NL
peɾsiɡan,peɾsiɡen,peɾsiɡ,peɾsiɡ,NL
peɾsiɡan,peɾsiɡen,peɾsiɡ,peɾsiɡ,NL
peɾsiɡan,peɾsiɡen,peɾsiɡ,peɾsiɡ,NL
peɾsiɡan,peɾsiɡen,peɾsiɡ,peɾsiɡ,NL
peɾsiɡan,peɾsiɡen,peɾsiɡ,peɾsiɡ,NL
peɾsiɡan,peɾsiɡen,peɾsiɡ,peɾsiɡ,NL
peɾsiɡan,peɾsiɡen,peɾsiɡ,peɾsiɡ,NL
peɾsiɡan,peɾsiɡen,peɾsiɡ,peɾsiɡ,NL
peɾsiɡan,peɾsiɡen,peɾsiɡ,peɾsiɡ,NL
peɾsiɡan,peɾsiɡen,peɾsiɡ,peɾsiɡ,NL
peɾsiɡan,peɾsiɡen,peɾsiɡ,peɾsiɡ,NL
peɾsiɡan,peɾsiɡen,peɾsiɡ,peɾsiɡ,NL
peɾsiɡan,peɾsiɡen,peɾsiɡ,peɾsiɡ,NL
peɾsiɡan,peɾsiɡen,peɾsiɡ,peɾsiɡ,NL
peɾsiɡan,peɾsiɡen,peɾsiɡ,peɾsiɡ,NL
peɾsiɡan,peɾsiɡen,peɾsiɡ,peɾsiɡ,NL
peɾsiɡan,peɾsiɡen,peɾsiɡ,peɾsiɡ,NL
peɾsiɡan,peɾsiɡen,peɾsiɡ,peɾsiɡ,NL
peɾsiɡan,peɾsiɡen,peɾsiɡ,peɾsiɡ,NL
peɾsiɡan,peɾsiɡen,peɾsiɡ,peɾsiɡ,NL
peɾsiɡan,peɾsiɡen,peɾsiɡ,peɾsiɡ,NL
peɾsiɡan,peɾsiɡen,peɾsiɡ,peɾsiɡ,NL
peɾsiɡan,peɾsiɡen,peɾsiɡ,peɾsiɡ,NL
peɾsiɡan,peɾsiɡen,peɾsiɡ,peɾsiɡ,NL
peɾsiɡan,peɾsiɡen,peɾsiɡ,peɾsiɡ,NL
peɾsiɡan,peɾsiɡen,peɾsiɡ,peɾsiɡ,NL
peɾsiɡas,peɾseɡes,peɾseɡ,peɾsiɡ,NL
peɾsiɡas,peɾseɡes,peɾseɡ,peɾsiɡ,NL
peɾsiɡas,peɾseɡes,peɾseɡ,peɾsiɡ,NL
peɾsiɡas,peɾseɡes,peɾseɡ,peɾsiɡ,NL
peɾsiɡas,peɾseɡes,peɾseɡ,peɾsiɡ,NL
peɾsiɡas,peɾseɡes,peɾseɡ,peɾsiɡ,NL
peɾsiɡas,peɾseɡes,peɾseɡ,peɾsiɡ,NL
peɾsiɡas,peɾseɡes,peɾseɡ,peɾsiɡ,NL
peɾsiɡas,peɾseɡes,peɾseɡ,peɾsiɡ,NL
peɾsiɡas,peɾseɡes,peɾseɡ,peɾsiɡ,NL
peɾsiɡas,peɾseɡes,peɾseɡ,peɾsiɡ,NL
peɾsiɡas,peɾseɡes,peɾseɡ,peɾsiɡ,NL
peɾsiɡas,peɾseɡes,peɾseɡ,peɾsiɡ,NL
peɾsiɡas,peɾseɡes,peɾseɡ,peɾsiɡ,NL
peɾsiɡas,peɾseɡes,peɾseɡ,peɾsiɡ,NL
peɾsiɡas,peɾseɡes,peɾseɡ,peɾsiɡ,NL
peɾsiɡas,peɾseɡes,peɾseɡ,peɾsiɡ,NL
peɾsiɡas,peɾseɡes,peɾseɡ,peɾsiɡ,NL
peɾsiɡas,peɾseɡes,peɾseɡ,peɾsiɡ,NL
peɾsiɡas,peɾsiɡes,peɾsiɡ,peɾsiɡ,NL
peɾsiɡas,peɾsiɡes,peɾsiɡ,peɾsiɡ,NL
peɾsiɡas,peɾsiɡes,peɾsiɡ,peɾsiɡ,NL
peɾsiɡas,peɾsiɡes,peɾsiɡ,peɾsiɡ,NL
peɾsiɡas,peɾsiɡes,peɾsiɡ,peɾsiɡ,NL
peɾsiɡas,peɾsiɡes,peɾsiɡ,peɾsiɡ,NL
peɾsiɡas,peɾsiɡes,peɾsiɡ,peɾsiɡ,NL
peɾsiɡas,peɾsiɡes,peɾsiɡ,peɾsiɡ,NL
peɾsiɡas,peɾsiɡes,peɾsiɡ,peɾsiɡ,NL
peɾsiɡas,peɾsiɡes,peɾsiɡ,peɾsiɡ,NL
peɾsiɡas,peɾsiɡes,peɾsiɡ,peɾsiɡ,NL
peɾsiɡas,peɾsiɡes,peɾsiɡ,peɾsiɡ,NL
peɾsiɡas,peɾsiɡes,peɾsiɡ,peɾsiɡ,NL
peɾsiɡas,peɾsiɡes,peɾsiɡ,peɾsiɡ,NL
peɾsiɡas,peɾsiɡes,peɾsiɡ,peɾsiɡ,NL
peɾsiɡas,peɾsiɡes,peɾsiɡ,peɾsiɡ,NL
peɾsiɡas,peɾsiɡes,peɾsiɡ,peɾsiɡ,NL
peɾsiɡas,peɾsiɡes,peɾsiɡ,peɾsiɡ,NL
peɾsiɡas,peɾsiɡes,peɾsiɡ,peɾsiɡ,NL
peɾsiɡas,peɾsiɡes,peɾsiɡ,peɾsiɡ,NL
peɾsiɡas,peɾsiɡes,peɾsiɡ,peɾsiɡ,NL
peɾsiɡas,peɾsiɡes,peɾsiɡ,peɾsiɡ,NL
peɾsiɡas,peɾsiɡes,peɾsiɡ,peɾsiɡ,NL
peɾsiɡas,peɾsiɡes,peɾsiɡ,peɾsiɡ,NL
peɾsiɡas,peɾsiɡes,peɾsiɡ,peɾsiɡ,NL
peɾsiɡas,peɾsiɡes,peɾsiɡ,peɾsiɡ,NL
peɾsiɡas,peɾsiɡes,peɾsiɡ,peɾsiɡ,NL
peɾsiɡas,peɾsiɡes,peɾsiɡ,peɾsiɡ,NL
peɾsiɡas,peɾsiɡes,peɾsiɡ,peɾsiɡ,NL
peɾsiɡas,peɾsiɡes,peɾsiɡ,peɾsiɡ,NL
peɾsiɡas,peɾsiɡes,peɾsiɡ,peɾsiɡ,NL
peɾsiɡas,peɾsiɡes,peɾsiɡ,peɾsiɡ,NL
peɾsiɡas,peɾsiɡes,peɾsiɡ,peɾsiɡ,NL
peɾsiɡas,peɾsiɡes,peɾsiɡ,peɾsiɡ,NL
peɾsiɡas,peɾsiɡes,peɾsiɡ,peɾsiɡ,NL
peɾsiɡas,peɾsiɡes,peɾsiɡ,peɾsiɡ,NL
peɾsiɡa,peɾseɡe,peɾseɡ,peɾsiɡ,NL
peɾsiɡa,peɾseɡe,peɾseɡ,peɾsiɡ,NL
peɾsiɡa,peɾseɡe,peɾseɡ,peɾsiɡ,NL
peɾsiɡa,peɾseɡe,peɾseɡ,peɾsiɡ,NL
peɾsiɡa,peɾseɡe,peɾseɡ,peɾsiɡ,NL
peɾsiɡa,peɾseɡe,peɾseɡ,peɾsiɡ,NL
peɾsiɡa,peɾseɡe,peɾseɡ,peɾsiɡ,NL
peɾsiɡa,peɾseɡe,peɾseɡ,peɾsiɡ,NL
peɾsiɡa,peɾseɡe,peɾseɡ,peɾsiɡ,NL
peɾsiɡa,peɾseɡe,peɾseɡ,peɾsiɡ,NL
peɾsiɡa,peɾseɡe,peɾseɡ,peɾsiɡ,NL
peɾsiɡa,peɾseɡe,peɾseɡ,peɾsiɡ,NL
peɾsiɡa,peɾseɡe,peɾseɡ,peɾsiɡ,NL
peɾsiɡa,peɾseɡe,peɾseɡ,peɾsiɡ,NL
peɾsiɡa,peɾseɡe,peɾseɡ,peɾsiɡ,NL
peɾsiɡa,peɾseɡe,peɾseɡ,peɾsiɡ,NL
peɾsiɡa,peɾseɡe,peɾseɡ,peɾsiɡ,NL
peɾsiɡa,peɾseɡe,peɾseɡ,peɾsiɡ,NL
peɾsiɡa,peɾseɡe,peɾseɡ,peɾsiɡ,NL
peɾsiɡa,peɾsiɡe,peɾsiɡ,peɾsiɡ,NL
peɾsiɡa,peɾsiɡe,peɾsiɡ,peɾsiɡ,NL
peɾsiɡa,peɾsiɡe,peɾsiɡ,peɾsiɡ,NL
peɾsiɡa,peɾsiɡe,peɾsiɡ,peɾsiɡ,NL
peɾsiɡa,peɾsiɡe,peɾsiɡ,peɾsiɡ,NL
peɾsiɡa,peɾsiɡe,peɾsiɡ,peɾsiɡ,NL
peɾsiɡa,peɾsiɡe,peɾsiɡ,peɾsiɡ,NL
peɾsiɡa,peɾsiɡe,peɾsiɡ,peɾsiɡ,NL
peɾsiɡa,peɾsiɡe,peɾsiɡ,peɾsiɡ,NL
peɾsiɡa,peɾsiɡe,peɾsiɡ,peɾsiɡ,NL
peɾsiɡa,peɾsiɡe,peɾsiɡ,peɾsiɡ,NL
peɾsiɡa,peɾsiɡe,peɾsiɡ,peɾsiɡ,NL
peɾsiɡa,peɾsiɡe,peɾsiɡ,peɾsiɡ,NL
peɾsiɡa,peɾsiɡe,peɾsiɡ,peɾsiɡ,NL
peɾsiɡa,peɾsiɡe,peɾsiɡ,peɾsiɡ,NL
peɾsiɡa,peɾsiɡe,peɾsiɡ,peɾsiɡ,NL
peɾsiɡa,peɾsiɡe,peɾsiɡ,peɾsiɡ,NL
peɾsiɡa,peɾsiɡe,peɾsiɡ,peɾsiɡ,NL
peɾsiɡa,peɾsiɡe,peɾsiɡ,peɾsiɡ,NL
peɾsiɡa,peɾsiɡe,peɾsiɡ,peɾsiɡ,NL
peɾsiɡa,peɾsiɡe,peɾsiɡ,peɾsiɡ,NL
peɾsiɡa,peɾsiɡe,peɾsiɡ,peɾsiɡ,NL
peɾsiɡa,peɾsiɡe,peɾsiɡ,peɾsiɡ,NL
peɾsiɡa,peɾsiɡe,peɾsiɡ,peɾsiɡ,NL
peɾsiɡa,peɾsiɡe,peɾsiɡ,peɾsiɡ,NL
peɾsiɡa,peɾsiɡe,peɾsiɡ,peɾsiɡ,NL
peɾsiɡa,peɾsiɡe,peɾsiɡ,peɾsiɡ,NL
peɾsiɡa,peɾsiɡe,peɾsiɡ,peɾsiɡ,NL
peɾsiɡa,peɾsiɡe,peɾsiɡ,peɾsiɡ,NL
peɾsiɡa,peɾsiɡe,peɾsiɡ,peɾsiɡ,NL
peɾsiɡa,peɾsiɡe,peɾsiɡ,peɾsiɡ,NL
peɾsiɡa,peɾsiɡe,peɾsiɡ,peɾsiɡ,NL
peɾsiɡa,peɾsiɡe,peɾsiɡ,peɾsiɡ,NL
peɾsiɡa,peɾsiɡe,peɾsiɡ,peɾsiɡ,NL
peɾsiɡa,peɾsiɡe,peɾsiɡ,peɾsiɡ,NL
peɾsiɡa,peɾsiɡe,peɾsiɡ,peɾsiɡ,NL
peɾsiɡa,peɾseɡe,peɾseɡ,peɾsiɡ,NL
peɾsiɡa,peɾseɡe,peɾseɡ,peɾsiɡ,NL
peɾsiɡa,peɾseɡe,peɾseɡ,peɾsiɡ,NL
peɾsiɡa,peɾseɡe,peɾseɡ,peɾsiɡ,NL
peɾsiɡa,peɾseɡe,peɾseɡ,peɾsiɡ,NL
peɾsiɡa,peɾseɡe,peɾseɡ,peɾsiɡ,NL
peɾsiɡa,peɾseɡe,peɾseɡ,peɾsiɡ,NL
peɾsiɡa,peɾseɡe,peɾseɡ,peɾsiɡ,NL
peɾsiɡa,peɾseɡe,peɾseɡ,peɾsiɡ,NL
peɾsiɡa,peɾseɡe,peɾseɡ,peɾsiɡ,NL
peɾsiɡa,peɾseɡe,peɾseɡ,peɾsiɡ,NL
peɾsiɡa,peɾseɡe,peɾseɡ,peɾsiɡ,NL
peɾsiɡa,peɾseɡe,peɾseɡ,peɾsiɡ,NL
peɾsiɡa,peɾseɡe,peɾseɡ,peɾsiɡ,NL
peɾsiɡa,peɾseɡe,peɾseɡ,peɾsiɡ,NL
peɾsiɡa,peɾseɡe,peɾseɡ,peɾsiɡ,NL
peɾsiɡa,peɾseɡe,peɾseɡ,peɾsiɡ,NL
peɾsiɡa,peɾseɡe,peɾseɡ,peɾsiɡ,NL
peɾsiɡa,peɾseɡe,peɾseɡ,peɾsiɡ,NL
peɾsiɡa,peɾsiɡe,peɾsiɡ,peɾsiɡ,NL
peɾsiɡa,peɾsiɡe,peɾsiɡ,peɾsiɡ,NL
peɾsiɡa,peɾsiɡe,peɾsiɡ,peɾsiɡ,NL
peɾsiɡa,peɾsiɡe,peɾsiɡ,peɾsiɡ,NL
peɾsiɡa,peɾsiɡe,peɾsiɡ,peɾsiɡ,NL
peɾsiɡa,peɾsiɡe,peɾsiɡ,peɾsiɡ,NL
peɾsiɡa,peɾsiɡe,peɾsiɡ,peɾsiɡ,NL
peɾsiɡa,peɾsiɡe,peɾsiɡ,peɾsiɡ,NL
peɾsiɡa,peɾsiɡe,peɾsiɡ,peɾsiɡ,NL
peɾsiɡa,peɾsiɡe,peɾsiɡ,peɾsiɡ,NL
peɾsiɡa,peɾsiɡe,peɾsiɡ,peɾsiɡ,NL
peɾsiɡa,peɾsiɡe,peɾsiɡ,peɾsiɡ,NL
peɾsiɡa,peɾsiɡe,peɾsiɡ,peɾsiɡ,NL
peɾsiɡa,peɾsiɡe,peɾsiɡ,peɾsiɡ,NL
peɾsiɡa,peɾsiɡe,peɾsiɡ,peɾsiɡ,NL
peɾsiɡa,peɾsiɡe,peɾsiɡ,peɾsiɡ,NL
peɾsiɡa,peɾsiɡe,peɾsiɡ,peɾsiɡ,NL
peɾsiɡa,peɾsiɡe,peɾsiɡ,peɾsiɡ,NL
peɾsiɡa,peɾsiɡe,peɾsiɡ,peɾsiɡ,NL
peɾsiɡa,peɾsiɡe,peɾsiɡ,peɾsiɡ,NL
peɾsiɡa,peɾsiɡe,peɾsiɡ,peɾsiɡ,NL
peɾsiɡa,peɾsiɡe,peɾsiɡ,peɾsiɡ,NL
peɾsiɡa,peɾsiɡe,peɾsiɡ,peɾsiɡ,NL
peɾsiɡa,peɾsiɡe,peɾsiɡ,peɾsiɡ,NL
peɾsiɡa,peɾsiɡe,peɾsiɡ,peɾsiɡ,NL
peɾsiɡa,peɾsiɡe,peɾsiɡ,peɾsiɡ,NL
peɾsiɡa,peɾsiɡe,peɾsiɡ,peɾsiɡ,NL
peɾsiɡa,peɾsiɡa,peɾsiɡ,peɾsiɡ,NL
peɾsiɡa,peɾsiɡe,peɾsiɡ,peɾsiɡ,NL
peɾsiɡa,peɾsiɡe,peɾsiɡ,peɾsiɡ,NL
peɾsiɡa,peɾsiɡe,peɾsiɡ,peɾsiɡ,NL
peɾsiɡa,peɾsiɡe,peɾsiɡ,peɾsiɡ,NL
peɾsiɡa,peɾsiɡe,peɾsiɡ,peɾsiɡ,NL
peɾsiɡa,peɾsiɡe,peɾsiɡ,peɾsiɡ,NL
peɾsiɡa,peɾsiɡe,peɾsiɡ,peɾsiɡ,NL
peɾsiɡa,peɾsiɡe,peɾsiɡ,peɾsiɡ,NL
peɾsiɡo,peɾseɡo,peɾseɡ,peɾsiɡ,NL
peɾsiɡo,peɾseɡo,peɾseɡ,peɾsiɡ,NL
peɾsiɡo,peɾseɡo,peɾseɡ,peɾsiɡ,NL
peɾsiɡo,peɾseɡo,peɾseɡ,peɾsiɡ,NL
peɾsiɡo,peɾseɡo,peɾseɡ,peɾsiɡ,NL
peɾsiɡo,peɾseɡo,peɾseɡ,peɾsiɡ,NL
peɾsiɡo,peɾseɡo,peɾseɡ,peɾsiɡ,NL
peɾsiɡo,peɾseɡo,peɾseɡ,peɾsiɡ,NL
peɾsiɡo,peɾseɡo,peɾseɡ,peɾsiɡ,NL
peɾsiɡo,peɾseɡo,peɾseɡ,peɾsiɡ,NL
peɾsiɡo,peɾseɡo,peɾseɡ,peɾsiɡ,NL
peɾsiɡo,peɾseɡo,peɾseɡ,peɾsiɡ,NL
peɾsiɡo,peɾseɡo,peɾseɡ,peɾsiɡ,NL
peɾsiɡo,peɾseɡo,peɾseɡ,peɾsiɡ,NL
peɾsiɡo,peɾseɡo,peɾseɡ,peɾsiɡ,NL
peɾsiɡo,peɾseɡo,peɾseɡ,peɾsiɡ,NL
peɾsiɡo,peɾseɡo,peɾseɡ,peɾsiɡ,NL
peɾsiɡo,peɾseɡo,peɾseɡ,peɾsiɡ,NL
peɾsiɡo,peɾseɡo,peɾseɡ,peɾsiɡ,NL
peɾsiɡo,peɾsiɡo,peɾsiɡ,peɾsiɡ,NL
peɾsiɡo,peɾsiɡo,peɾsiɡ,peɾsiɡ,NL
peɾsiɡo,peɾsiɡo,peɾsiɡ,peɾsiɡ,NL
peɾsiɡo,peɾsiɡo,peɾsiɡ,peɾsiɡ,NL
peɾsiɡo,peɾsiɡo,peɾsiɡ,peɾsiɡ,NL
peɾsiɡo,peɾsiɡo,peɾsiɡ,peɾsiɡ,NL
peɾsiɡo,peɾsiɡo,peɾsiɡ,peɾsiɡ,NL
peɾsiɡo,peɾsiɡo,peɾsiɡ,peɾsiɡ,NL
peɾsiɡo,peɾsiɡo,peɾsiɡ,peɾsiɡ,NL
peɾsiɡo,peɾsiɡo,peɾsiɡ,peɾsiɡ,NL
peɾsiɡo,peɾsiɡo,peɾsiɡ,peɾsiɡ,NL
peɾsiɡo,peɾsiɡo,peɾsiɡ,peɾsiɡ,NL
peɾsiɡo,peɾsiɡo,peɾsiɡ,peɾsiɡ,NL
peɾsiɡo,peɾsiɡo,peɾsiɡ,peɾsiɡ,NL
peɾsiɡo,peɾsiɡo,peɾsiɡ,peɾsiɡ,NL
peɾsiɡo,peɾsiɡo,peɾsiɡ,peɾsiɡ,NL
peɾsiɡo,peɾsiɡo,peɾsiɡ,peɾsiɡ,NL
peɾsiɡo,peɾsiɡo,peɾsiɡ,peɾsiɡ,NL
peɾsiɡo,peɾsiɡo,peɾsiɡ,peɾsiɡ,NL
peɾsiɡo,peɾsiɡo,peɾsiɡ,peɾsiɡ,NL
peɾsiɡo,peɾsiɡo,peɾsiɡ,peɾsiɡ,NL
peɾsiɡo,peɾsiɡo,peɾsiɡ,peɾsiɡ,NL
peɾsiɡo,peɾsiɡo,peɾsiɡ,peɾsiɡ,NL
peɾsiɡo,peɾsiɡo,peɾsiɡ,peɾsiɡ,NL
peɾsiɡo,peɾsiɡo,peɾsiɡ,peɾsiɡ,NL
peɾsiɡo,peɾsiɡo,peɾsiɡ,peɾsiɡ,NL
peɾsiɡo,peɾsiɡo,peɾsiɡ,peɾsiɡ,NL
peɾsiɡo,peɾsiɡo,peɾsiɡ,peɾsiɡ,NL
peɾsiɡo,peɾsiɡo,peɾsiɡ,peɾsiɡ,NL
peɾsiɡo,peɾsiɡo,peɾsiɡ,peɾsiɡ,NL
peɾsiɡo,peɾsiɡo,peɾsiɡ,peɾsiɡ,NL
peɾsiɡo,peɾsiɡo,peɾsiɡ,peɾsiɡ,NL
peɾsiɡo,peɾsiɡo,peɾsiɡ,peɾsiɡ,NL
peɾsiɡo,peɾsiɡo,peɾsiɡ,peɾsiɡ,NL
peɾsiɡo,peɾsiɡo,peɾsiɡ,peɾsiɡ,NL
peɾsiɡo,peɾsiɡo,peɾsiɡ,peɾsiɡ,NL
peɾsiɡen,peɾseɡan,peɾseɡ,peɾsiɡ,NL
peɾsiɡen,peɾseɡan,peɾseɡ,peɾsiɡ,NL
peɾsiɡen,peɾseɡan,peɾseɡ,peɾsiɡ,NL
peɾsiɡen,peɾseɡan,peɾseɡ,peɾsiɡ,NL
peɾsiɡen,peɾseɡan,peɾseɡ,peɾsiɡ,NL
peɾsiɡen,peɾseɡan,peɾseɡ,peɾsiɡ,NL
peɾsiɡen,peɾseɡan,peɾseɡ,peɾsiɡ,NL
peɾsiɡen,peɾseɡan,peɾseɡ,peɾsiɡ,NL
peɾsiɡen,peɾseɡan,peɾseɡ,peɾsiɡ,NL
peɾsiɡen,peɾseɡan,peɾseɡ,peɾsiɡ,NL
peɾsiɡen,peɾseɡan,peɾseɡ,peɾsiɡ,NL
peɾsiɡen,peɾseɡan,peɾseɡ,peɾsiɡ,NL
peɾsiɡen,peɾseɡan,peɾseɡ,peɾsiɡ,NL
peɾsiɡen,peɾseɡan,peɾseɡ,peɾsiɡ,NL
peɾsiɡen,peɾseɡan,peɾseɡ,peɾsiɡ,NL
peɾsiɡen,peɾseɡan,peɾseɡ,peɾsiɡ,NL
peɾsiɡen,peɾseɡan,peɾseɡ,peɾsiɡ,NL
peɾsiɡen,peɾseɡan,peɾseɡ,peɾsiɡ,NL
peɾsiɡen,peɾseɡan,peɾseɡ,peɾsiɡ,NL
peɾsiɡen,peɾsiɡan,peɾsiɡ,peɾsiɡ,NL
peɾsiɡen,peɾsiɡan,peɾsiɡ,peɾsiɡ,NL
peɾsiɡen,peɾsiɡan,peɾsiɡ,peɾsiɡ,NL
peɾsiɡen,peɾsiɡan,peɾsiɡ,peɾsiɡ,NL
peɾsiɡen,peɾsiɡan,peɾsiɡ,peɾsiɡ,NL
peɾsiɡen,peɾsiɡan,peɾsiɡ,peɾsiɡ,NL
peɾsiɡen,peɾsiɡan,peɾsiɡ,peɾsiɡ,NL
peɾsiɡen,peɾsiɡan,peɾsiɡ,peɾsiɡ,NL
peɾsiɡen,peɾsiɡan,peɾsiɡ,peɾsiɡ,NL
peɾsiɡen,peɾsiɡan,peɾsiɡ,peɾsiɡ,NL
peɾsiɡen,peɾsiɡan,peɾsiɡ,peɾsiɡ,NL
peɾsiɡen,peɾsiɡan,peɾsiɡ,peɾsiɡ,NL
peɾsiɡen,peɾsiɡan,peɾsiɡ,peɾsiɡ,NL
peɾsiɡen,peɾsiɡan,peɾsiɡ,peɾsiɡ,NL
peɾsiɡen,peɾsiɡan,peɾsiɡ,peɾsiɡ,NL
peɾsiɡen,peɾsiɡan,peɾsiɡ,peɾsiɡ,NL
peɾsiɡen,peɾsiɡan,peɾsiɡ,peɾsiɡ,NL
peɾsiɡen,peɾsiɡan,peɾsiɡ,peɾsiɡ,NL
peɾsiɡen,peɾsiɡan,peɾsiɡ,peɾsiɡ,NL
peɾsiɡen,peɾsiɡan,peɾsiɡ,peɾsiɡ,NL
peɾsiɡen,peɾsiɡan,peɾsiɡ,peɾsiɡ,NL
peɾsiɡen,peɾsiɡan,peɾsiɡ,peɾsiɡ,NL
peɾsiɡen,peɾsiɡan,peɾsiɡ,peɾsiɡ,NL
peɾsiɡen,peɾsiɡan,peɾsiɡ,peɾsiɡ,NL
peɾsiɡen,peɾsiɡan,peɾsiɡ,peɾsiɡ,NL
peɾsiɡen,peɾsiɡan,peɾsiɡ,peɾsiɡ,NL
peɾsiɡen,peɾsiɡan,peɾsiɡ,peɾsiɡ,NL
peɾsiɡen,peɾsiɡan,peɾsiɡ,peɾsiɡ,NL
peɾsiɡen,peɾsiɡan,peɾsiɡ,peɾsiɡ,NL
peɾsiɡen,peɾsiɡan,peɾsiɡ,peɾsiɡ,NL
peɾsiɡen,peɾsiɡan,peɾsiɡ,peɾsiɡ,NL
peɾsiɡen,peɾsiɡan,peɾsiɡ,peɾsiɡ,NL
peɾsiɡen,peɾsiɡan,peɾsiɡ,peɾsiɡ,NL
peɾsiɡen,peɾsiɡan,peɾsiɡ,peɾsiɡ,NL
peɾsiɡen,peɾsiɡan,peɾsiɡ,peɾsiɡ,NL
peɾsiɡen,peɾsiɡan,peɾsiɡ,peɾsiɡ,NL
peɾsiɡes,peɾseɡas,peɾseɡ,peɾsiɡ,NL
peɾsiɡes,peɾseɡas,peɾseɡ,peɾsiɡ,NL
peɾsiɡes,peɾseɡas,peɾseɡ,peɾsiɡ,NL
peɾsiɡes,peɾseɡas,peɾseɡ,peɾsiɡ,NL
peɾsiɡes,peɾseɡas,peɾseɡ,peɾsiɡ,NL
peɾsiɡes,peɾseɡas,peɾseɡ,peɾsiɡ,NL
peɾsiɡes,peɾseɡas,peɾseɡ,peɾsiɡ,NL
peɾsiɡes,peɾseɡas,peɾseɡ,peɾsiɡ,NL
peɾsiɡes,peɾseɡas,peɾseɡ,peɾsiɡ,NL
peɾsiɡes,peɾseɡas,peɾseɡ,peɾsiɡ,NL
peɾsiɡes,peɾseɡas,peɾseɡ,peɾsiɡ,NL
peɾsiɡes,peɾseɡas,peɾseɡ,peɾsiɡ,NL
peɾsiɡes,peɾseɡas,peɾseɡ,peɾsiɡ,NL
peɾsiɡes,peɾseɡas,peɾseɡ,peɾsiɡ,NL
peɾsiɡes,peɾseɡas,peɾseɡ,peɾsiɡ,NL
peɾsiɡes,peɾseɡas,peɾseɡ,peɾsiɡ,NL
peɾsiɡes,peɾseɡas,peɾseɡ,peɾsiɡ,NL
peɾsiɡes,peɾseɡas,peɾseɡ,peɾsiɡ,NL
peɾsiɡes,peɾseɡas,peɾseɡ,peɾsiɡ,NL
peɾsiɡes,peɾsiɡas,peɾsiɡ,peɾsiɡ,NL
peɾsiɡes,peɾsiɡas,peɾsiɡ,peɾsiɡ,NL
peɾsiɡes,peɾsiɡas,peɾsiɡ,peɾsiɡ,NL
peɾsiɡes,peɾsiɡas,peɾsiɡ,peɾsiɡ,NL
peɾsiɡes,peɾsiɡas,peɾsiɡ,peɾsiɡ,NL
peɾsiɡes,peɾsiɡas,peɾsiɡ,peɾsiɡ,NL
peɾsiɡes,peɾsiɡas,peɾsiɡ,peɾsiɡ,NL
peɾsiɡes,peɾsiɡas,peɾsiɡ,peɾsiɡ,NL
peɾsiɡes,peɾsiɡas,peɾsiɡ,peɾsiɡ,NL
peɾsiɡes,peɾsiɡas,peɾsiɡ,peɾsiɡ,NL
peɾsiɡes,peɾsiɡas,peɾsiɡ,peɾsiɡ,NL
peɾsiɡes,peɾsiɡas,peɾsiɡ,peɾsiɡ,NL
peɾsiɡes,peɾsiɡas,peɾsiɡ,peɾsiɡ,NL
peɾsiɡes,peɾsiɡas,peɾsiɡ,peɾsiɡ,NL
peɾsiɡes,peɾsiɡas,peɾsiɡ,peɾsiɡ,NL
peɾsiɡes,peɾsiɡas,peɾsiɡ,peɾsiɡ,NL
peɾsiɡes,peɾsiɡas,peɾsiɡ,peɾsiɡ,NL
peɾsiɡes,peɾsiɡas,peɾsiɡ,peɾsiɡ,NL
peɾsiɡes,peɾsiɡas,peɾsiɡ,peɾsiɡ,NL
peɾsiɡes,peɾsiɡas,peɾsiɡ,peɾsiɡ,NL
peɾsiɡes,peɾsiɡas,peɾsiɡ,peɾsiɡ,NL
peɾsiɡes,peɾsiɡas,peɾsiɡ,peɾsiɡ,NL
peɾsiɡes,peɾsiɡas,peɾsiɡ,peɾsiɡ,NL
peɾsiɡes,peɾsiɡas,peɾsiɡ,peɾsiɡ,NL
peɾsiɡes,peɾsiɡas,peɾsiɡ,peɾsiɡ,NL
peɾsiɡes,peɾsiɡas,peɾsiɡ,peɾsiɡ,NL
peɾsiɡes,peɾsiɡas,peɾsiɡ,peɾsiɡ,NL
peɾsiɡes,peɾsiɡas,peɾsiɡ,peɾsiɡ,NL
peɾsiɡes,peɾsiɡas,peɾsiɡ,peɾsiɡ,NL
peɾsiɡes,peɾsiɡas,peɾsiɡ,peɾsiɡ,NL
peɾsiɡes,peɾsiɡas,peɾsiɡ,peɾsiɡ,NL
peɾsiɡes,peɾsiɡas,peɾsiɡ,peɾsiɡ,NL
peɾsiɡes,peɾsiɡas,peɾsiɡ,peɾsiɡ,NL
peɾsiɡes,peɾsiɡas,peɾsiɡ,peɾsiɡ,NL
peɾsiɡes,peɾsiɡas,peɾsiɡ,peɾsiɡ,NL
peɾsiɡes,peɾsiɡas,peɾsiɡ,peɾsiɡ,NL
peɾsiɡe,peɾseɡa,peɾseɡ,peɾsiɡ,NL
peɾsiɡe,peɾseɡa,peɾseɡ,peɾsiɡ,NL
peɾsiɡe,peɾseɡa,peɾseɡ,peɾsiɡ,NL
peɾsiɡe,peɾseɡa,peɾseɡ,peɾsiɡ,NL
peɾsiɡe,peɾseɡa,peɾseɡ,peɾsiɡ,NL
peɾsiɡe,peɾseɡa,peɾseɡ,peɾsiɡ,NL
peɾsiɡe,peɾseɡa,peɾseɡ,peɾsiɡ,NL
peɾsiɡe,peɾseɡa,peɾseɡ,peɾsiɡ,NL
peɾsiɡe,peɾseɡa,peɾseɡ,peɾsiɡ,NL
peɾsiɡe,peɾseɡa,peɾseɡ,peɾsiɡ,NL
peɾsiɡe,peɾseɡa,peɾseɡ,peɾsiɡ,NL
peɾsiɡe,peɾseɡa,peɾseɡ,peɾsiɡ,NL
peɾsiɡe,peɾseɡa,peɾseɡ,peɾsiɡ,NL
peɾsiɡe,peɾseɡa,peɾseɡ,peɾsiɡ,NL
peɾsiɡe,peɾseɡa,peɾseɡ,peɾsiɡ,NL
peɾsiɡe,peɾseɡa,peɾseɡ,peɾsiɡ,NL
peɾsiɡe,peɾseɡa,peɾseɡ,peɾsiɡ,NL
peɾsiɡe,peɾseɡa,peɾseɡ,peɾsiɡ,NL
peɾsiɡe,peɾseɡa,peɾseɡ,peɾsiɡ,NL
peɾsiɡe,peɾsiɡa,peɾsiɡ,peɾsiɡ,NL
peɾsiɡe,peɾsiɡa,peɾsiɡ,peɾsiɡ,NL
peɾsiɡe,peɾsiɡa,peɾsiɡ,peɾsiɡ,NL
peɾsiɡe,peɾsiɡa,peɾsiɡ,peɾsiɡ,NL
peɾsiɡe,peɾsiɡa,peɾsiɡ,peɾsiɡ,NL
peɾsiɡe,peɾsiɡa,peɾsiɡ,peɾsiɡ,NL
peɾsiɡe,peɾsiɡa,peɾsiɡ,peɾsiɡ,NL
peɾsiɡe,peɾsiɡa,peɾsiɡ,peɾsiɡ,NL
peɾsiɡe,peɾsiɡa,peɾsiɡ,peɾsiɡ,NL
peɾsiɡe,peɾsiɡa,peɾsiɡ,peɾsiɡ,NL
peɾsiɡe,peɾsiɡa,peɾsiɡ,peɾsiɡ,NL
peɾsiɡe,peɾsiɡa,peɾsiɡ,peɾsiɡ,NL
peɾsiɡe,peɾsiɡa,peɾsiɡ,peɾsiɡ,NL
peɾsiɡe,peɾsiɡa,peɾsiɡ,peɾsiɡ,NL
peɾsiɡe,peɾsiɡa,peɾsiɡ,peɾsiɡ,NL
peɾsiɡe,peɾsiɡa,peɾsiɡ,peɾsiɡ,NL
peɾsiɡe,peɾsiɡa,peɾsiɡ,peɾsiɡ,NL
peɾsiɡe,peɾsiɡa,peɾsiɡ,peɾsiɡ,NL
peɾsiɡe,peɾsiɡa,peɾsiɡ,peɾsiɡ,NL
peɾsiɡe,peɾsiɡa,peɾsiɡ,peɾsiɡ,NL
peɾsiɡe,peɾsiɡa,peɾsiɡ,peɾsiɡ,NL
peɾsiɡe,peɾsiɡa,peɾsiɡ,peɾsiɡ,NL
peɾsiɡe,peɾsiɡa,peɾsiɡ,peɾsiɡ,NL
peɾsiɡe,peɾsiɡa,peɾsiɡ,peɾsiɡ,NL
peɾsiɡe,peɾsiɡa,peɾsiɡ,peɾsiɡ,NL
peɾsiɡe,peɾsiɡa,peɾsiɡ,peɾsiɡ,NL
peɾsiɡe,peɾsiɡa,peɾsiɡ,peɾsiɡ,NL
peɾsiɡe,peɾsiɡa,peɾsiɡ,peɾsiɡ,NL
peɾsiɡe,peɾsiɡa,peɾsiɡ,peɾsiɡ,NL
peɾsiɡe,peɾsiɡa,peɾsiɡ,peɾsiɡ,NL
peɾsiɡe,peɾsiɡa,peɾsiɡ,peɾsiɡ,NL
peɾsiɡe,peɾsiɡa,peɾsiɡ,peɾsiɡ,NL
peɾsiɡe,peɾsiɡa,peɾsiɡ,peɾsiɡ,NL
peɾsiɡe,peɾsiɡa,peɾsiɡ,peɾsiɡ,NL
peɾsiɡe,peɾsiɡa,peɾsiɡ,peɾsiɡ,NL
peɾsiɡe,peɾsiɡa,peɾsiɡ,peɾsiɡ,NL
abarotajs,abarotajs,abarot,abarot,NL
abarotajs,abarotajs,abarot,abarot,NL
abarotajs,abarotajs,abarot,abarot,NL
abarotajs,abarotajs,abarot,abarot,NL
abarotajs,abarotajs,abarot,abarot,NL
abarotajs,abarotajs,abarot,abarot,NL
abarotajs,abarotajs,abarot,abarot,NL
abarotajs,abarotajs,abarot,abarot,NL
abarotajs,abarotajs,abarot,abarot,NL
abarotajs,abarotajs,abarot,abarot,NL
abarotajs,abarotajs,abarot,abarot,NL
abarotajs,abarotajs,abarot,abarot,NL
abarotajs,abarotajs,abarot,abarot,NL
abarotajs,abarotajs,abarot,abarot,NL
abarotajs,abarotajs,abarot,abarot,NL
abarotajs,abarotajs,abarot,abarot,NL
abarotajs,abarotajs,abarot,abarot,NL
abarotajs,abarotajs,abarot,abarot,NL
abarotajs,abarotajs,abarot,abarot,NL
abarotajs,abarotajs,abarot,abarot,NL
abarotajs,abarotajs,abarot,abarot,NL
abarotajs,abarotajs,abarot,abarot,NL
abarotajs,abarotajs,abarot,abarot,NL
abarotajs,abarotajs,abarot,abarot,NL
abarotajs,abarotajs,abarot,abarot,NL
abarotajs,abarotajs,abarot,abarot,NL
abarotajs,abarotajs,abarot,abarot,NL
abarotajs,abarotajs,abarot,abarot,NL
abarotajs,abarotajs,abarot,abarot,NL
abarotajs,abarotajs,abarot,abarot,NL
abarotajs,abarotajs,abarot,abarot,NL
abarotajs,abarotajs,abarot,abarot,NL
abarotajs,abarotajs,abarot,abarot,NL
abarotajs,abarotajs,abarot,abarot,NL
abarotajs,abarotajs,abarot,abarot,NL
abarotajs,abarotajs,abarot,abarot,NL
abarotajs,abarotajs,abarot,abarot,NL
abarotajs,abarotajs,abarot,abarot,NL
abarotajs,abarotajs,abarot,abarot,NL
abarotajs,abarotajs,abarot,abarot,NL
abarotajs,abarotajs,abarot,abarot,NL
abarotajs,abarotajs,abarot,abarot,NL
abarotajs,abarotajs,abarot,abarot,NL
abarotajs,abarotajs,abarot,abarot,NL
abarotajs,abarotajs,abarot,abarot,NL
abarotajs,abarotajs,abarot,abarot,NL
abarotajs,abarotajs,abarot,abarot,NL
abarotajs,abarotajs,abarot,abarot,NL
abarotajs,abarotajs,abarot,abarot,NL
abarotajs,abarotajs,abarot,abarot,NL
abarotajs,abarotajs,abarot,abarot,NL
abarotajs,abarotajs,abarot,abarot,NL
abarotajs,abarotajs,abarot,abarot,NL
abarotajs,abarotajs,abarot,abarot,NL
abarotajs,abarotajs,abarot,abarot,NL
abarotamos,abarotamos,abarot,abarot,NL
abarotamos,abarotamos,abarot,abarot,NL
abarotamos,abarotamos,abarot,abarot,NL
abarotamos,abarotamos,abarot,abarot,NL
abarotamos,abarotamos,abarot,abarot,NL
abarotamos,abarotamos,abarot,abarot,NL
abarotamos,abarotamos,abarot,abarot,NL
abarotamos,abarotamos,abarot,abarot,NL
abarotamos,abarotamos,abarot,abarot,NL
abarotamos,abarotamos,abarot,abarot,NL
abarotamos,abarotamos,abarot,abarot,NL
abarotamos,abarotamos,abarot,abarot,NL
abarotamos,abarotamos,abarot,abarot,NL
abarotamos,abarotamos,abarot,abarot,NL
abarotamos,abarotamos,abarot,abarot,NL
abarotamos,abarotamos,abarot,abarot,NL
abarotamos,abarotamos,abarot,abarot,NL
abarotamos,abarotamos,abarot,abarot,NL
abarotamos,abarotamos,abarot,abarot,NL
abarotamos,abarotamos,abarot,abarot,NL
abarotamos,abarotamos,abarot,abarot,NL
abarotamos,abarotamos,abarot,abarot,NL
abarotamos,abarotamos,abarot,abarot,NL
abarotamos,abarotamos,abarot,abarot,NL
abarotamos,abarotamos,abarot,abarot,NL
abarotamos,abarotamos,abarot,abarot,NL
abarotamos,abarotamos,abarot,abarot,NL
abarotamos,abarotamos,abarot,abarot,NL
abarotamos,abarotamos,abarot,abarot,NL
abarotamos,abarotamos,abarot,abarot,NL
abarotamos,abarotamos,abarot,abarot,NL
abarotamos,abarotamos,abarot,abarot,NL
abarotamos,abarotamos,abarot,abarot,NL
abarotamos,abarotamos,abarot,abarot,NL
abarotamos,abarotamos,abarot,abarot,NL
abarotamos,abarotamos,abarot,abarot,NL
abarotamos,abarotamos,abarot,abarot,NL
abarotamos,abarotamos,abarot,abarot,NL
abarotamos,abarotamos,abarot,abarot,NL
abarotamos,abarotamos,abarot,abarot,NL
abarotamos,abarotamos,abarot,abarot,NL
abarotamos,abarotamos,abarot,abarot,NL
abarotamos,abarotamos,abarot,abarot,NL
abarotamos,abarotamos,abarot,abarot,NL
abarotamos,abarotamos,abarot,abarot,NL
abarotamos,abarotamos,abarot,abarot,NL
abarotamos,abarotamos,abarot,abarot,NL
abarotamos,abarotamos,abarot,abarot,NL
abarotamos,abarotamos,abarot,abarot,NL
abarotamos,abarotamos,abarot,abarot,NL
abarotamos,abarotamos,abarot,abarot,NL
abarotamos,abarotamos,abarot,abarot,NL
abarotamos,abarotamos,abarot,abarot,NL
abarotamos,abarotamos,abarot,abarot,NL
abarotamos,abarotamos,abarot,abarot,NL
abarotan,abarotan,abarot,abarot,NL
abarotan,abarotan,abarot,abarot,NL
abarotan,abarotan,abarot,abarot,NL
abarotan,abarotan,abarot,abarot,NL
abarotan,abarotan,abarot,abarot,NL
abarotan,abarotan,abarot,abarot,NL
abarotan,abarotan,abarot,abarot,NL
abarotan,abarotan,abarot,abarot,NL
abarotan,abarotan,abarot,abarot,NL
abarotan,abarotan,abarot,abarot,NL
abarotan,abarotan,abarot,abarot,NL
abarotan,abarotan,abarot,abarot,NL
abarotan,abarotan,abarot,abarot,NL
abarotan,abarotan,abarot,abarot,NL
abarotan,abarotan,abarot,abarot,NL
abarotan,abarotan,abarot,abarot,NL
abarotan,abarotan,abarot,abarot,NL
abarotan,abarotan,abarot,abarot,NL
abarotan,abarotan,abarot,abarot,NL
abarotan,abarotan,abarot,abarot,NL
abarotan,abarotan,abarot,abarot,NL
abarotan,abarotan,abarot,abarot,NL
abarotan,abarotan,abarot,abarot,NL
abarotan,abarotan,abarot,abarot,NL
abarotan,abarotan,abarot,abarot,NL
abarotan,abarotan,abarot,abarot,NL
abarotan,abarotan,abarot,abarot,NL
abarotan,abarotan,abarot,abarot,NL
abarotan,abarotan,abarot,abarot,NL
abarotan,abarotan,abarot,abarot,NL
abarotan,abarotan,abarot,abarot,NL
abarotan,abarotan,abarot,abarot,NL
abarotan,abarotan,abarot,abarot,NL
abarotan,abarotan,abarot,abarot,NL
abarotan,abarotan,abarot,abarot,NL
abarotan,abarotan,abarot,abarot,NL
abarotan,abarotan,abarot,abarot,NL
abarotan,abarotan,abarot,abarot,NL
abarotan,abarotan,abarot,abarot,NL
abarotan,abarotan,abarot,abarot,NL
abarotan,abarotan,abarot,abarot,NL
abarotan,abarotan,abarot,abarot,NL
abarotan,abarotan,abarot,abarot,NL
abarotan,abarotan,abarot,abarot,NL
abarotan,abarotan,abarot,abarot,NL
abarotan,abarotan,abarot,abarot,NL
abarotan,abarotan,abarot,abarot,NL
abarotan,abarotan,abarot,abarot,NL
abarotan,abarotan,abarot,abarot,NL
abarotan,abarotan,abarot,abarot,NL
abarotan,abarotan,abarot,abarot,NL
abarotan,abarotan,abarot,abarot,NL
abarotan,abarotan,abarot,abarot,NL
abarotan,abarotan,abarot,abarot,NL
abarotan,abarotan,abarot,abarot,NL
abarotas,abarotas,abarot,abarot,NL
abarotas,abarotas,abarot,abarot,NL
abarotas,abarotas,abarot,abarot,NL
abarotas,abarotas,abarot,abarot,NL
abarotas,abarotas,abarot,abarot,NL
abarotas,abarotas,abarot,abarot,NL
abarotas,abarotas,abarot,abarot,NL
abarotas,abarotas,abarot,abarot,NL
abarotas,abarotas,abarot,abarot,NL
abarotas,abarotas,abarot,abarot,NL
abarotas,abarotas,abarot,abarot,NL
abarotas,abarotas,abarot,abarot,NL
abarotas,abarotas,abarot,abarot,NL
abarotas,abarotas,abarot,abarot,NL
abarotas,abarotas,abarot,abarot,NL
abarotas,abarotas,abarot,abarot,NL
abarotas,abarotas,abarot,abarot,NL
abarotas,abarotas,abarot,abarot,NL
abarotas,abarotas,abarot,abarot,NL
abarotas,abarotas,abarot,abarot,NL
abarotas,abarotas,abarot,abarot,NL
abarotas,abarotas,abarot,abarot,NL
abarotas,abarotas,abarot,abarot,NL
abarotas,abarotas,abarot,abarot,NL
abarotas,abarotas,abarot,abarot,NL
abarotas,abarotas,abarot,abarot,NL
abarotas,abarotas,abarot,abarot,NL
abarotas,abarotas,abarot,abarot,NL
abarotas,abarotas,abarot,abarot,NL
abarotas,abarotas,abarot,abarot,NL
abarotas,abarotas,abarot,abarot,NL
abarotas,abarotas,abarot,abarot,NL
abarotas,abarotas,abarot,abarot,NL
abarotas,abarotas,abarot,abarot,NL
abarotas,abarotas,abarot,abarot,NL
abarotas,abarotas,abarot,abarot,NL
abarotas,abarotas,abarot,abarot,NL
abarotas,abarotas,abarot,abarot,NL
abarotas,abarotas,abarot,abarot,NL
abarotas,abarotas,abarot,abarot,NL
abarotas,abarotas,abarot,abarot,NL
abarotas,abarotas,abarot,abarot,NL
abarotas,abarotas,abarot,abarot,NL
abarotas,abarotas,abarot,abarot,NL
abarotas,abarotas,abarot,abarot,NL
abarotas,abarotas,abarot,abarot,NL
abarotas,abarotas,abarot,abarot,NL
abarotas,abarotas,abarot,abarot,NL
abarotas,abarotas,abarot,abarot,NL
abarotas,abarotas,abarot,abarot,NL
abarotas,abarotas,abarot,abarot,NL
abarotas,abarotas,abarot,abarot,NL
abarotas,abarotas,abarot,abarot,NL
abarotas,abarotas,abarot,abarot,NL
abarotas,abarotas,abarot,abarot,NL
abarota,abarota,abarot,abarot,NL
abarota,abarota,abarot,abarot,NL
abarota,abarota,abarot,abarot,NL
abarota,abarota,abarot,abarot,NL
abarota,abarota,abarot,abarot,NL
abarota,abarota,abarot,abarot,NL
abarota,abarota,abarot,abarot,NL
abarota,abarota,abarot,abarot,NL
abarota,abarota,abarot,abarot,NL
abarota,abarota,abarot,abarot,NL
abarota,abarota,abarot,abarot,NL
abarota,abarota,abarot,abarot,NL
abarota,abarota,abarot,abarot,NL
abarota,abarota,abarot,abarot,NL
abarota,abarota,abarot,abarot,NL
abarota,abarota,abarot,abarot,NL
abarota,abarota,abarot,abarot,NL
abarota,abarota,abarot,abarot,NL
abarota,abarota,abarot,abarot,NL
abarota,abarota,abarot,abarot,NL
abarota,abarota,abarot,abarot,NL
abarota,abarota,abarot,abarot,NL
abarota,abarota,abarot,abarot,NL
abarota,abarota,abarot,abarot,NL
abarota,abarota,abarot,abarot,NL
abarota,abarota,abarot,abarot,NL
abarota,abarota,abarot,abarot,NL
abarota,abarota,abarot,abarot,NL
abarota,abarota,abarot,abarot,NL
abarota,abarota,abarot,abarot,NL
abarota,abarota,abarot,abarot,NL
abarota,abarota,abarot,abarot,NL
abarota,abarota,abarot,abarot,NL
abarota,abarota,abarot,abarot,NL
abarota,abarota,abarot,abarot,NL
abarota,abarota,abarot,abarot,NL
abarota,abarota,abarot,abarot,NL
abarota,abarota,abarot,abarot,NL
abarota,abarota,abarot,abarot,NL
abarota,abarota,abarot,abarot,NL
abarota,abarota,abarot,abarot,NL
abarota,abarota,abarot,abarot,NL
abarota,abarota,abarot,abarot,NL
abarota,abarota,abarot,abarot,NL
abarota,abarota,abarot,abarot,NL
abarota,abarota,abarot,abarot,NL
abarota,abarota,abarot,abarot,NL
abarota,abarota,abarot,abarot,NL
abarota,abarota,abarot,abarot,NL
abarota,abarota,abarot,abarot,NL
abarota,abarota,abarot,abarot,NL
abarota,abarota,abarot,abarot,NL
abarota,abarota,abarot,abarot,NL
abarota,abarota,abarot,abarot,NL
abarota,abarota,abarot,abarot,NL
abarotejs,abarotejs,abarot,abarot,NL
abarotejs,abarotejs,abarot,abarot,NL
abarotejs,abarotejs,abarot,abarot,NL
abarotejs,abarotejs,abarot,abarot,NL
abarotejs,abarotejs,abarot,abarot,NL
abarotejs,abarotejs,abarot,abarot,NL
abarotejs,abarotejs,abarot,abarot,NL
abarotejs,abarotejs,abarot,abarot,NL
abarotejs,abarotejs,abarot,abarot,NL
abarotejs,abarotejs,abarot,abarot,NL
abarotejs,abarotejs,abarot,abarot,NL
abarotejs,abarotejs,abarot,abarot,NL
abarotejs,abarotejs,abarot,abarot,NL
abarotejs,abarotejs,abarot,abarot,NL
abarotejs,abarotejs,abarot,abarot,NL
abarotejs,abarotejs,abarot,abarot,NL
abarotejs,abarotejs,abarot,abarot,NL
abarotejs,abarotejs,abarot,abarot,NL
abarotejs,abarotejs,abarot,abarot,NL
abarotejs,abarotejs,abarot,abarot,NL
abarotejs,abarotejs,abarot,abarot,NL
abarotejs,abarotejs,abarot,abarot,NL
abarotejs,abarotejs,abarot,abarot,NL
abarotejs,abarotejs,abarot,abarot,NL
abarotejs,abarotejs,abarot,abarot,NL
abarotejs,abarotejs,abarot,abarot,NL
abarotejs,abarotejs,abarot,abarot,NL
abarotejs,abarotejs,abarot,abarot,NL
abarotejs,abarotejs,abarot,abarot,NL
abarotejs,abarotejs,abarot,abarot,NL
abarotejs,abarotejs,abarot,abarot,NL
abarotejs,abarotejs,abarot,abarot,NL
abarotejs,abarotejs,abarot,abarot,NL
abarotejs,abarotejs,abarot,abarot,NL
abarotejs,abarotejs,abarot,abarot,NL
abarotejs,abarotejs,abarot,abarot,NL
abarotejs,abarotejs,abarot,abarot,NL
abarotejs,abarotejs,abarot,abarot,NL
abarotejs,abarotejs,abarot,abarot,NL
abarotejs,abarotejs,abarot,abarot,NL
abarotejs,abarotejs,abarot,abarot,NL
abarotejs,abarotejs,abarot,abarot,NL
abarotejs,abarotejs,abarot,abarot,NL
abarotejs,abarotejs,abarot,abarot,NL
abarotejs,abarotejs,abarot,abarot,NL
abarotejs,abarotejs,abarot,abarot,NL
abarotejs,abarotejs,abarot,abarot,NL
abarotejs,abarotejs,abarot,abarot,NL
abarotejs,abarotejs,abarot,abarot,NL
abarotejs,abarotejs,abarot,abarot,NL
abarotejs,abarotejs,abarot,abarot,NL
abarotejs,abarotejs,abarot,abarot,NL
abarotejs,abarotejs,abarot,abarot,NL
abarotejs,abarotejs,abarot,abarot,NL
abarotejs,abarotejs,abarot,abarot,NL
abarotemos,abarotemos,abarot,abarot,NL
abarotemos,abarotemos,abarot,abarot,NL
abarotemos,abarotemos,abarot,abarot,NL
abarotemos,abarotemos,abarot,abarot,NL
abarotemos,abarotemos,abarot,abarot,NL
abarotemos,abarotemos,abarot,abarot,NL
abarotemos,abarotemos,abarot,abarot,NL
abarotemos,abarotemos,abarot,abarot,NL
abarotemos,abarotemos,abarot,abarot,NL
abarotemos,abarotemos,abarot,abarot,NL
abarotemos,abarotemos,abarot,abarot,NL
abarotemos,abarotemos,abarot,abarot,NL
abarotemos,abarotemos,abarot,abarot,NL
abarotemos,abarotemos,abarot,abarot,NL
abarotemos,abarotemos,abarot,abarot,NL
abarotemos,abarotemos,abarot,abarot,NL
abarotemos,abarotemos,abarot,abarot,NL
abarotemos,abarotemos,abarot,abarot,NL
abarotemos,abarotemos,abarot,abarot,NL
abarotemos,abarotemos,abarot,abarot,NL
abarotemos,abarotemos,abarot,abarot,NL
abarotemos,abarotemos,abarot,abarot,NL
abarotemos,abarotemos,abarot,abarot,NL
abarotemos,abarotemos,abarot,abarot,NL
abarotemos,abarotemos,abarot,abarot,NL
abarotemos,abarotemos,abarot,abarot,NL
abarotemos,abarotemos,abarot,abarot,NL
abarotemos,abarotemos,abarot,abarot,NL
abarotemos,abarotemos,abarot,abarot,NL
abarotemos,abarotemos,abarot,abarot,NL
abarotemos,abarotemos,abarot,abarot,NL
abarotemos,abarotemos,abarot,abarot,NL
abarotemos,abarotemos,abarot,abarot,NL
abarotemos,abarotemos,abarot,abarot,NL
abarotemos,abarotemos,abarot,abarot,NL
abarotemos,abarotemos,abarot,abarot,NL
abarotemos,abarotemos,abarot,abarot,NL
abarotemos,abarotemos,abarot,abarot,NL
abarotemos,abarotemos,abarot,abarot,NL
abarotemos,abarotemos,abarot,abarot,NL
abarotemos,abarotemos,abarot,abarot,NL
abarotemos,abarotemos,abarot,abarot,NL
abarotemos,abarotemos,abarot,abarot,NL
abarotemos,abarotemos,abarot,abarot,NL
abarotemos,abarotemos,abarot,abarot,NL
abarotemos,abarotemos,abarot,abarot,NL
abarotemos,abarotemos,abarot,abarot,NL
abarotemos,abarotemos,abarot,abarot,NL
abarotemos,abarotemos,abarot,abarot,NL
abarotemos,abarotemos,abarot,abarot,NL
abarotemos,abarotemos,abarot,abarot,NL
abarotemos,abarotemos,abarot,abarot,NL
abarotemos,abarotemos,abarot,abarot,NL
abarotemos,abarotemos,abarot,abarot,NL
abarotemos,abarotemos,abarot,abarot,NL
abaroten,abaroten,abarot,abarot,NL
abaroten,abaroten,abarot,abarot,NL
abaroten,abaroten,abarot,abarot,NL
abaroten,abaroten,abarot,abarot,NL
abaroten,abaroten,abarot,abarot,NL
abaroten,abaroten,abarot,abarot,NL
abaroten,abaroten,abarot,abarot,NL
abaroten,abaroten,abarot,abarot,NL
abaroten,abaroten,abarot,abarot,NL
abaroten,abaroten,abarot,abarot,NL
abaroten,abaroten,abarot,abarot,NL
abaroten,abaroten,abarot,abarot,NL
abaroten,abaroten,abarot,abarot,NL
abaroten,abaroten,abarot,abarot,NL
abaroten,abaroten,abarot,abarot,NL
abaroten,abaroten,abarot,abarot,NL
abaroten,abaroten,abarot,abarot,NL
abaroten,abaroten,abarot,abarot,NL
abaroten,abaroten,abarot,abarot,NL
abaroten,abaroten,abarot,abarot,NL
abaroten,abaroten,abarot,abarot,NL
abaroten,abaroten,abarot,abarot,NL
abaroten,abaroten,abarot,abarot,NL
abaroten,abaroten,abarot,abarot,NL
abaroten,abaroten,abarot,abarot,NL
abaroten,abaroten,abarot,abarot,NL
abaroten,abaroten,abarot,abarot,NL
abaroten,abaroten,abarot,abarot,NL
abaroten,abaroten,abarot,abarot,NL
abaroten,abaroten,abarot,abarot,NL
abaroten,abaroten,abarot,abarot,NL
abaroten,abaroten,abarot,abarot,NL
abaroten,abaroten,abarot,abarot,NL
abaroten,abaroten,abarot,abarot,NL
abaroten,abaroten,abarot,abarot,NL
abaroten,abaroten,abarot,abarot,NL
abaroten,abaroten,abarot,abarot,NL
abaroten,abaroten,abarot,abarot,NL
abaroten,abaroten,abarot,abarot,NL
abaroten,abaroten,abarot,abarot,NL
abaroten,abaroten,abarot,abarot,NL
abaroten,abaroten,abarot,abarot,NL
abaroten,abaroten,abarot,abarot,NL
abaroten,abaroten,abarot,abarot,NL
abaroten,abaroten,abarot,abarot,NL
abaroten,abaroten,abarot,abarot,NL
abaroten,abaroten,abarot,abarot,NL
abaroten,abaroten,abarot,abarot,NL
abaroten,abaroten,abarot,abarot,NL
abaroten,abaroten,abarot,abarot,NL
abaroten,abaroten,abarot,abarot,NL
abaroten,abaroten,abarot,abarot,NL
abaroten,abaroten,abarot,abarot,NL
abaroten,abaroten,abarot,abarot,NL
abaroten,abaroten,abarot,abarot,NL
abarotes,abarotes,abarot,abarot,NL
abarotes,abarotes,abarot,abarot,NL
abarotes,abarotes,abarot,abarot,NL
abarotes,abarotes,abarot,abarot,NL
abarotes,abarotes,abarot,abarot,NL
abarotes,abarotes,abarot,abarot,NL
abarotes,abarotes,abarot,abarot,NL
abarotes,abarotes,abarot,abarot,NL
abarotes,abarotes,abarot,abarot,NL
abarotes,abarotes,abarot,abarot,NL
abarotes,abarotes,abarot,abarot,NL
abarotes,abarotes,abarot,abarot,NL
abarotes,abarotes,abarot,abarot,NL
abarotes,abarotes,abarot,abarot,NL
abarotes,abarotes,abarot,abarot,NL
abarotes,abarotes,abarot,abarot,NL
abarotes,abarotes,abarot,abarot,NL
abarotes,abarotes,abarot,abarot,NL
abarotes,abarotes,abarot,abarot,NL
abarotes,abarotes,abarot,abarot,NL
abarotes,abarotes,abarot,abarot,NL
abarotes,abarotes,abarot,abarot,NL
abarotes,abarotes,abarot,abarot,NL
abarotes,abarotes,abarot,abarot,NL
abarotes,abarotes,abarot,abarot,NL
abarotes,abarotes,abarot,abarot,NL
abarotes,abarotes,abarot,abarot,NL
abarotes,abarotes,abarot,abarot,NL
abarotes,abarotes,abarot,abarot,NL
abarotes,abarotes,abarot,abarot,NL
abarotes,abarotes,abarot,abarot,NL
abarotes,abarotes,abarot,abarot,NL
abarotes,abarotes,abarot,abarot,NL
abarotes,abarotes,abarot,abarot,NL
abarotes,abarotes,abarot,abarot,NL
abarotes,abarotes,abarot,abarot,NL
abarotes,abarotes,abarot,abarot,NL
abarotes,abarotes,abarot,abarot,NL
abarotes,abarotes,abarot,abarot,NL
abarotes,abarotes,abarot,abarot,NL
abarotes,abarotes,abarot,abarot,NL
abarotes,abarotes,abarot,abarot,NL
abarotes,abarotes,abarot,abarot,NL
abarotes,abarotes,abarot,abarot,NL
abarotes,abarotes,abarot,abarot,NL
abarotes,abarotes,abarot,abarot,NL
abarotes,abarotes,abarot,abarot,NL
abarotes,abarotes,abarot,abarot,NL
abarotes,abarotes,abarot,abarot,NL
abarotes,abarotes,abarot,abarot,NL
abarotes,abarotes,abarot,abarot,NL
abarotes,abarotes,abarot,abarot,NL
abarotes,abarotes,abarot,abarot,NL
abarotes,abarotes,abarot,abarot,NL
abarotes,abarotes,abarot,abarot,NL
abarote,abarote,abarot,abarot,NL
abarote,abarote,abarot,abarot,NL
abarote,abarote,abarot,abarot,NL
abarote,abarote,abarot,abarot,NL
abarote,abarote,abarot,abarot,NL
abarote,abarote,abarot,abarot,NL
abarote,abarote,abarot,abarot,NL
abarote,abarote,abarot,abarot,NL
abarote,abarote,abarot,abarot,NL
abarote,abarote,abarot,abarot,NL
abarote,abarote,abarot,abarot,NL
abarote,abarote,abarot,abarot,NL
abarote,abarote,abarot,abarot,NL
abarote,abarote,abarot,abarot,NL
abarote,abarote,abarot,abarot,NL
abarote,abarote,abarot,abarot,NL
abarote,abarote,abarot,abarot,NL
abarote,abarote,abarot,abarot,NL
abarote,abarote,abarot,abarot,NL
abarote,abarote,abarot,abarot,NL
abarote,abarote,abarot,abarot,NL
abarote,abarote,abarot,abarot,NL
abarote,abarote,abarot,abarot,NL
abarote,abarote,abarot,abarot,NL
abarote,abarote,abarot,abarot,NL
abarote,abarote,abarot,abarot,NL
abarote,abarote,abarot,abarot,NL
abarote,abarote,abarot,abarot,NL
abarote,abarote,abarot,abarot,NL
abarote,abarote,abarot,abarot,NL
abarote,abarote,abarot,abarot,NL
abarote,abarote,abarot,abarot,NL
abarote,abarote,abarot,abarot,NL
abarote,abarote,abarot,abarot,NL
abarote,abarote,abarot,abarot,NL
abarote,abarote,abarot,abarot,NL
abarote,abarote,abarot,abarot,NL
abarote,abarote,abarot,abarot,NL
abarote,abarote,abarot,abarot,NL
abarote,abarote,abarot,abarot,NL
abarote,abarote,abarot,abarot,NL
abarote,abarote,abarot,abarot,NL
abarote,abarote,abarot,abarot,NL
abarote,abarote,abarot,abarot,NL
abarote,abarote,abarot,abarot,NL
abarote,abarote,abarot,abarot,NL
abarote,abarote,abarot,abarot,NL
abarote,abarote,abarot,abarot,NL
abarote,abarote,abarot,abarot,NL
abarote,abarote,abarot,abarot,NL
abarote,abarote,abarot,abarot,NL
abarote,abarote,abarot,abarot,NL
abarote,abarote,abarot,abarot,NL
abarote,abarote,abarot,abarot,NL
abarote,abarote,abarot,abarot,NL
abarote,abarote,abarot,abarot,NL
abarote,abarote,abarot,abarot,NL
abarote,abarote,abarot,abarot,NL
abarote,abarote,abarot,abarot,NL
abarote,abarote,abarot,abarot,NL
abarote,abarote,abarot,abarot,NL
abarote,abarote,abarot,abarot,NL
abarote,abarote,abarot,abarot,NL
abarote,abarote,abarot,abarot,NL
abarote,abarote,abarot,abarot,NL
abarote,abarote,abarot,abarot,NL
abarote,abarote,abarot,abarot,NL
abarote,abarote,abarot,abarot,NL
abarote,abarote,abarot,abarot,NL
abarote,abarote,abarot,abarot,NL
abarote,abarote,abarot,abarot,NL
abarote,abarote,abarot,abarot,NL
abarote,abarote,abarot,abarot,NL
abarote,abarote,abarot,abarot,NL
abarote,abarote,abarot,abarot,NL
abarote,abarote,abarot,abarot,NL
abarote,abarote,abarot,abarot,NL
abarote,abarote,abarot,abarot,NL
abarote,abarote,abarot,abarot,NL
abarote,abarote,abarot,abarot,NL
abarote,abarote,abarot,abarot,NL
abarote,abarote,abarot,abarot,NL
abarote,abarote,abarot,abarot,NL
abarote,abarote,abarot,abarot,NL
abarote,abarote,abarot,abarot,NL
abarote,abarote,abarot,abarot,NL
abarote,abarote,abarot,abarot,NL
abarote,abarote,abarot,abarot,NL
abarote,abarote,abarot,abarot,NL
abarote,abarote,abarot,abarot,NL
abarote,abarote,abarot,abarot,NL
abarote,abarote,abarot,abarot,NL
abarote,abarote,abarot,abarot,NL
abarote,abarote,abarot,abarot,NL
abarote,abarote,abarot,abarot,NL
abarote,abarote,abarot,abarot,NL
abarote,abarote,abarot,abarot,NL
abarote,abarote,abarot,abarot,NL
abarote,abarote,abarot,abarot,NL
abarote,abarote,abarot,abarot,NL
abarote,abarote,abarot,abarot,NL
abarote,abarote,abarot,abarot,NL
abarote,abarote,abarot,abarot,NL
abarote,abarote,abarot,abarot,NL
abarote,abarote,abarot,abarot,NL
abarote,abarote,abarot,abarot,NL
abarote,abarote,abarot,abarot,NL
abarote,abarote,abarot,abarot,NL
abarote,abarote,abarot,abarot,NL
abarote,abarote,abarot,abarot,NL
abaroto,abaroto,abarot,abarot,NL
abaroto,abaroto,abarot,abarot,NL
abaroto,abaroto,abarot,abarot,NL
abaroto,abaroto,abarot,abarot,NL
abaroto,abaroto,abarot,abarot,NL
abaroto,abaroto,abarot,abarot,NL
abaroto,abaroto,abarot,abarot,NL
abaroto,abaroto,abarot,abarot,NL
abaroto,abaroto,abarot,abarot,NL
abaroto,abaroto,abarot,abarot,NL
abaroto,abaroto,abarot,abarot,NL
abaroto,abaroto,abarot,abarot,NL
abaroto,abaroto,abarot,abarot,NL
abaroto,abaroto,abarot,abarot,NL
abaroto,abaroto,abarot,abarot,NL
abaroto,abaroto,abarot,abarot,NL
abaroto,abaroto,abarot,abarot,NL
abaroto,abaroto,abarot,abarot,NL
abaroto,abaroto,abarot,abarot,NL
abaroto,abaroto,abarot,abarot,NL
abaroto,abaroto,abarot,abarot,NL
abaroto,abaroto,abarot,abarot,NL
abaroto,abaroto,abarot,abarot,NL
abaroto,abaroto,abarot,abarot,NL
abaroto,abaroto,abarot,abarot,NL
abaroto,abaroto,abarot,abarot,NL
abaroto,abaroto,abarot,abarot,NL
abaroto,abaroto,abarot,abarot,NL
abaroto,abaroto,abarot,abarot,NL
abaroto,abaroto,abarot,abarot,NL
abaroto,abaroto,abarot,abarot,NL
abaroto,abaroto,abarot,abarot,NL
abaroto,abaroto,abarot,abarot,NL
abaroto,abaroto,abarot,abarot,NL
abaroto,abaroto,abarot,abarot,NL
abaroto,abaroto,abarot,abarot,NL
abaroto,abaroto,abarot,abarot,NL
abaroto,abaroto,abarot,abarot,NL
abaroto,abaroto,abarot,abarot,NL
abaroto,abaroto,abarot,abarot,NL
abaroto,abaroto,abarot,abarot,NL
abaroto,abaroto,abarot,abarot,NL
abaroto,abaroto,abarot,abarot,NL
abaroto,abaroto,abarot,abarot,NL
abaroto,abaroto,abarot,abarot,NL
abaroto,abaroto,abarot,abarot,NL
abaroto,abaroto,abarot,abarot,NL
abaroto,abaroto,abarot,abarot,NL
abaroto,abaroto,abarot,abarot,NL
abaroto,abaroto,abarot,abarot,NL
abaroto,abaroto,abarot,abarot,NL
abaroto,abaroto,abarot,abarot,NL
abaroto,abaroto,abarot,abarot,NL
abaroto,abaroto,abarot,abarot,NL
abaroto,abaroto,abarot,abarot,NL
ɾeklutajs,ɾeklutajs,ɾeklut,ɾeklut,NL
ɾeklutajs,ɾeklutajs,ɾeklut,ɾeklut,NL
ɾeklutajs,ɾeklutajs,ɾeklut,ɾeklut,NL
ɾeklutajs,ɾeklutajs,ɾeklut,ɾeklut,NL
ɾeklutajs,ɾeklutajs,ɾeklut,ɾeklut,NL
ɾeklutajs,ɾeklutajs,ɾeklut,ɾeklut,NL
ɾeklutajs,ɾeklutajs,ɾeklut,ɾeklut,NL
ɾeklutajs,ɾeklutajs,ɾeklut,ɾeklut,NL
ɾeklutajs,ɾeklutajs,ɾeklut,ɾeklut,NL
ɾeklutajs,ɾeklutajs,ɾeklut,ɾeklut,NL
ɾeklutajs,ɾeklutajs,ɾeklut,ɾeklut,NL
ɾeklutajs,ɾeklutajs,ɾeklut,ɾeklut,NL
ɾeklutajs,ɾeklutajs,ɾeklut,ɾeklut,NL
ɾeklutajs,ɾeklutajs,ɾeklut,ɾeklut,NL
ɾeklutajs,ɾeklutajs,ɾeklut,ɾeklut,NL
ɾeklutajs,ɾeklutajs,ɾeklut,ɾeklut,NL
ɾeklutajs,ɾeklutajs,ɾeklut,ɾeklut,NL
ɾeklutajs,ɾeklutajs,ɾeklut,ɾeklut,NL
ɾeklutajs,ɾeklutajs,ɾeklut,ɾeklut,NL
ɾeklutajs,ɾeklutajs,ɾeklut,ɾeklut,NL
ɾeklutajs,ɾeklutajs,ɾeklut,ɾeklut,NL
ɾeklutajs,ɾeklutajs,ɾeklut,ɾeklut,NL
ɾeklutajs,ɾeklutajs,ɾeklut,ɾeklut,NL
ɾeklutajs,ɾeklutajs,ɾeklut,ɾeklut,NL
ɾeklutajs,ɾeklutajs,ɾeklut,ɾeklut,NL
ɾeklutajs,ɾeklutajs,ɾeklut,ɾeklut,NL
ɾeklutajs,ɾeklutajs,ɾeklut,ɾeklut,NL
ɾeklutajs,ɾeklutajs,ɾeklut,ɾeklut,NL
ɾeklutajs,ɾeklutajs,ɾeklut,ɾeklut,NL
ɾeklutajs,ɾeklutajs,ɾeklut,ɾeklut,NL
ɾeklutajs,ɾeklutajs,ɾeklut,ɾeklut,NL
ɾeklutajs,ɾeklutajs,ɾeklut,ɾeklut,NL
ɾeklutajs,ɾeklutajs,ɾeklut,ɾeklut,NL
ɾeklutajs,ɾeklutajs,ɾeklut,ɾeklut,NL
ɾeklutajs,ɾeklutajs,ɾeklut,ɾeklut,NL
ɾeklutajs,ɾeklutajs,ɾeklut,ɾeklut,NL
ɾeklutajs,ɾeklutajs,ɾeklut,ɾeklut,NL
ɾeklutajs,ɾeklutajs,ɾeklut,ɾeklut,NL
ɾeklutajs,ɾeklutajs,ɾeklut,ɾeklut,NL
ɾeklutajs,ɾeklutajs,ɾeklut,ɾeklut,NL
ɾeklutajs,ɾeklutajs,ɾeklut,ɾeklut,NL
ɾeklutajs,ɾeklutajs,ɾeklut,ɾeklut,NL
ɾeklutajs,ɾeklutajs,ɾeklut,ɾeklut,NL
ɾeklutajs,ɾeklutajs,ɾeklut,ɾeklut,NL
ɾeklutajs,ɾeklutajs,ɾeklut,ɾeklut,NL
ɾeklutajs,ɾeklutajs,ɾeklut,ɾeklut,NL
ɾeklutajs,ɾeklutajs,ɾeklut,ɾeklut,NL
ɾeklutajs,ɾeklutajs,ɾeklut,ɾeklut,NL
ɾeklutajs,ɾeklutajs,ɾeklut,ɾeklut,NL
ɾeklutajs,ɾeklutajs,ɾeklut,ɾeklut,NL
ɾeklutajs,ɾeklutajs,ɾeklut,ɾeklut,NL
ɾeklutajs,ɾeklutajs,ɾeklut,ɾeklut,NL
ɾeklutajs,ɾeklutajs,ɾeklut,ɾeklut,NL
ɾeklutajs,ɾeklutajs,ɾeklut,ɾeklut,NL
ɾeklutajs,ɾeklutajs,ɾeklut,ɾeklut,NL
ɾeklutamos,ɾeklutamos,ɾeklut,ɾeklut,NL
ɾeklutamos,ɾeklutamos,ɾeklut,ɾeklut,NL
ɾeklutamos,ɾeklutamos,ɾeklut,ɾeklut,NL
ɾeklutamos,ɾeklutamos,ɾeklut,ɾeklut,NL
ɾeklutamos,ɾeklutamos,ɾeklut,ɾeklut,NL
ɾeklutamos,ɾeklutamos,ɾeklut,ɾeklut,NL
ɾeklutamos,ɾeklutamos,ɾeklut,ɾeklut,NL
ɾeklutamos,ɾeklutamos,ɾeklut,ɾeklut,NL
ɾeklutamos,ɾeklutamos,ɾeklut,ɾeklut,NL
ɾeklutamos,ɾeklutamos,ɾeklut,ɾeklut,NL
ɾeklutamos,ɾeklutamos,ɾeklut,ɾeklut,NL
ɾeklutamos,ɾeklutamos,ɾeklut,ɾeklut,NL
ɾeklutamos,ɾeklutamos,ɾeklut,ɾeklut,NL
ɾeklutamos,ɾeklutamos,ɾeklut,ɾeklut,NL
ɾeklutamos,ɾeklutamos,ɾeklut,ɾeklut,NL
ɾeklutamos,ɾeklutamos,ɾeklut,ɾeklut,NL
ɾeklutamos,ɾeklutamos,ɾeklut,ɾeklut,NL
ɾeklutamos,ɾeklutamos,ɾeklut,ɾeklut,NL
ɾeklutamos,ɾeklutamos,ɾeklut,ɾeklut,NL
ɾeklutamos,ɾeklutamos,ɾeklut,ɾeklut,NL
ɾeklutamos,ɾeklutamos,ɾeklut,ɾeklut,NL
ɾeklutamos,ɾeklutamos,ɾeklut,ɾeklut,NL
ɾeklutamos,ɾeklutamos,ɾeklut,ɾeklut,NL
ɾeklutamos,ɾeklutamos,ɾeklut,ɾeklut,NL
ɾeklutamos,ɾeklutamos,ɾeklut,ɾeklut,NL
ɾeklutamos,ɾeklutamos,ɾeklut,ɾeklut,NL
ɾeklutamos,ɾeklutamos,ɾeklut,ɾeklut,NL
ɾeklutamos,ɾeklutamos,ɾeklut,ɾeklut,NL
ɾeklutamos,ɾeklutamos,ɾeklut,ɾeklut,NL
ɾeklutamos,ɾeklutamos,ɾeklut,ɾeklut,NL
ɾeklutamos,ɾeklutamos,ɾeklut,ɾeklut,NL
ɾeklutamos,ɾeklutamos,ɾeklut,ɾeklut,NL
ɾeklutamos,ɾeklutamos,ɾeklut,ɾeklut,NL
ɾeklutamos,ɾeklutamos,ɾeklut,ɾeklut,NL
ɾeklutamos,ɾeklutamos,ɾeklut,ɾeklut,NL
ɾeklutamos,ɾeklutamos,ɾeklut,ɾeklut,NL
ɾeklutamos,ɾeklutamos,ɾeklut,ɾeklut,NL
ɾeklutamos,ɾeklutamos,ɾeklut,ɾeklut,NL
ɾeklutamos,ɾeklutamos,ɾeklut,ɾeklut,NL
ɾeklutamos,ɾeklutamos,ɾeklut,ɾeklut,NL
ɾeklutamos,ɾeklutamos,ɾeklut,ɾeklut,NL
ɾeklutamos,ɾeklutamos,ɾeklut,ɾeklut,NL
ɾeklutamos,ɾeklutamos,ɾeklut,ɾeklut,NL
ɾeklutamos,ɾeklutamos,ɾeklut,ɾeklut,NL
ɾeklutamos,ɾeklutamos,ɾeklut,ɾeklut,NL
ɾeklutamos,ɾeklutamos,ɾeklut,ɾeklut,NL
ɾeklutamos,ɾeklutamos,ɾeklut,ɾeklut,NL
ɾeklutamos,ɾeklutamos,ɾeklut,ɾeklut,NL
ɾeklutamos,ɾeklutamos,ɾeklut,ɾeklut,NL
ɾeklutamos,ɾeklutamos,ɾeklut,ɾeklut,NL
ɾeklutamos,ɾeklutamos,ɾeklut,ɾeklut,NL
ɾeklutamos,ɾeklutamos,ɾeklut,ɾeklut,NL
ɾeklutamos,ɾeklutamos,ɾeklut,ɾeklut,NL
ɾeklutamos,ɾeklutamos,ɾeklut,ɾeklut,NL
ɾeklutamos,ɾeklutamos,ɾeklut,ɾeklut,NL
ɾeklutan,ɾeklutan,ɾeklut,ɾeklut,NL
ɾeklutan,ɾeklutan,ɾeklut,ɾeklut,NL
ɾeklutan,ɾeklutan,ɾeklut,ɾeklut,NL
ɾeklutan,ɾeklutan,ɾeklut,ɾeklut,NL
ɾeklutan,ɾeklutan,ɾeklut,ɾeklut,NL
ɾeklutan,ɾeklutan,ɾeklut,ɾeklut,NL
ɾeklutan,ɾeklutan,ɾeklut,ɾeklut,NL
ɾeklutan,ɾeklutan,ɾeklut,ɾeklut,NL
ɾeklutan,ɾeklutan,ɾeklut,ɾeklut,NL
ɾeklutan,ɾeklutan,ɾeklut,ɾeklut,NL
ɾeklutan,ɾeklutan,ɾeklut,ɾeklut,NL
ɾeklutan,ɾeklutan,ɾeklut,ɾeklut,NL
ɾeklutan,ɾeklutan,ɾeklut,ɾeklut,NL
ɾeklutan,ɾeklutan,ɾeklut,ɾeklut,NL
ɾeklutan,ɾeklutan,ɾeklut,ɾeklut,NL
ɾeklutan,ɾeklutan,ɾeklut,ɾeklut,NL
ɾeklutan,ɾeklutan,ɾeklut,ɾeklut,NL
ɾeklutan,ɾeklutan,ɾeklut,ɾeklut,NL
ɾeklutan,ɾeklutan,ɾeklut,ɾeklut,NL
ɾeklutan,ɾeklutan,ɾeklut,ɾeklut,NL
ɾeklutan,ɾeklutan,ɾeklut,ɾeklut,NL
ɾeklutan,ɾeklutan,ɾeklut,ɾeklut,NL
ɾeklutan,ɾeklutan,ɾeklut,ɾeklut,NL
ɾeklutan,ɾeklutan,ɾeklut,ɾeklut,NL
ɾeklutan,ɾeklutan,ɾeklut,ɾeklut,NL
ɾeklutan,ɾeklutan,ɾeklut,ɾeklut,NL
ɾeklutan,ɾeklutan,ɾeklut,ɾeklut,NL
ɾeklutan,ɾeklutan,ɾeklut,ɾeklut,NL
ɾeklutan,ɾeklutan,ɾeklut,ɾeklut,NL
ɾeklutan,ɾeklutan,ɾeklut,ɾeklut,NL
ɾeklutan,ɾeklutan,ɾeklut,ɾeklut,NL
ɾeklutan,ɾeklutan,ɾeklut,ɾeklut,NL
ɾeklutan,ɾeklutan,ɾeklut,ɾeklut,NL
ɾeklutan,ɾeklutan,ɾeklut,ɾeklut,NL
ɾeklutan,ɾeklutan,ɾeklut,ɾeklut,NL
ɾeklutan,ɾeklutan,ɾeklut,ɾeklut,NL
ɾeklutan,ɾeklutan,ɾeklut,ɾeklut,NL
ɾeklutan,ɾeklutan,ɾeklut,ɾeklut,NL
ɾeklutan,ɾeklutan,ɾeklut,ɾeklut,NL
ɾeklutan,ɾeklutan,ɾeklut,ɾeklut,NL
ɾeklutan,ɾeklutan,ɾeklut,ɾeklut,NL
ɾeklutan,ɾeklutan,ɾeklut,ɾeklut,NL
ɾeklutan,ɾeklutan,ɾeklut,ɾeklut,NL
ɾeklutan,ɾeklutan,ɾeklut,ɾeklut,NL
ɾeklutan,ɾeklutan,ɾeklut,ɾeklut,NL
ɾeklutan,ɾeklutan,ɾeklut,ɾeklut,NL
ɾeklutan,ɾeklutan,ɾeklut,ɾeklut,NL
ɾeklutan,ɾeklutan,ɾeklut,ɾeklut,NL
ɾeklutan,ɾeklutan,ɾeklut,ɾeklut,NL
ɾeklutan,ɾeklutan,ɾeklut,ɾeklut,NL
ɾeklutan,ɾeklutan,ɾeklut,ɾeklut,NL
ɾeklutan,ɾeklutan,ɾeklut,ɾeklut,NL
ɾeklutan,ɾeklutan,ɾeklut,ɾeklut,NL
ɾeklutan,ɾeklutan,ɾeklut,ɾeklut,NL
ɾeklutan,ɾeklutan,ɾeklut,ɾeklut,NL
ɾeklutas,ɾeklutas,ɾeklut,ɾeklut,NL
ɾeklutas,ɾeklutas,ɾeklut,ɾeklut,NL
ɾeklutas,ɾeklutas,ɾeklut,ɾeklut,NL
ɾeklutas,ɾeklutas,ɾeklut,ɾeklut,NL
ɾeklutas,ɾeklutas,ɾeklut,ɾeklut,NL
ɾeklutas,ɾeklutas,ɾeklut,ɾeklut,NL
ɾeklutas,ɾeklutas,ɾeklut,ɾeklut,NL
ɾeklutas,ɾeklutas,ɾeklut,ɾeklut,NL
ɾeklutas,ɾeklutas,ɾeklut,ɾeklut,NL
ɾeklutas,ɾeklutas,ɾeklut,ɾeklut,NL
ɾeklutas,ɾeklutas,ɾeklut,ɾeklut,NL
ɾeklutas,ɾeklutas,ɾeklut,ɾeklut,NL
ɾeklutas,ɾeklutas,ɾeklut,ɾeklut,NL
ɾeklutas,ɾeklutas,ɾeklut,ɾeklut,NL
ɾeklutas,ɾeklutas,ɾeklut,ɾeklut,NL
ɾeklutas,ɾeklutas,ɾeklut,ɾeklut,NL
ɾeklutas,ɾeklutas,ɾeklut,ɾeklut,NL
ɾeklutas,ɾeklutas,ɾeklut,ɾeklut,NL
ɾeklutas,ɾeklutas,ɾeklut,ɾeklut,NL
ɾeklutas,ɾeklutas,ɾeklut,ɾeklut,NL
ɾeklutas,ɾeklutas,ɾeklut,ɾeklut,NL
ɾeklutas,ɾeklutas,ɾeklut,ɾeklut,NL
ɾeklutas,ɾeklutas,ɾeklut,ɾeklut,NL
ɾeklutas,ɾeklutas,ɾeklut,ɾeklut,NL
ɾeklutas,ɾeklutas,ɾeklut,ɾeklut,NL
ɾeklutas,ɾeklutas,ɾeklut,ɾeklut,NL
ɾeklutas,ɾeklutas,ɾeklut,ɾeklut,NL
ɾeklutas,ɾeklutas,ɾeklut,ɾeklut,NL
ɾeklutas,ɾeklutas,ɾeklut,ɾeklut,NL
ɾeklutas,ɾeklutas,ɾeklut,ɾeklut,NL
ɾeklutas,ɾeklutas,ɾeklut,ɾeklut,NL
ɾeklutas,ɾeklutas,ɾeklut,ɾeklut,NL
ɾeklutas,ɾeklutas,ɾeklut,ɾeklut,NL
ɾeklutas,ɾeklutas,ɾeklut,ɾeklut,NL
ɾeklutas,ɾeklutas,ɾeklut,ɾeklut,NL
ɾeklutas,ɾeklutas,ɾeklut,ɾeklut,NL
ɾeklutas,ɾeklutas,ɾeklut,ɾeklut,NL
ɾeklutas,ɾeklutas,ɾeklut,ɾeklut,NL
ɾeklutas,ɾeklutas,ɾeklut,ɾeklut,NL
ɾeklutas,ɾeklutas,ɾeklut,ɾeklut,NL
ɾeklutas,ɾeklutas,ɾeklut,ɾeklut,NL
ɾeklutas,ɾeklutas,ɾeklut,ɾeklut,NL
ɾeklutas,ɾeklutas,ɾeklut,ɾeklut,NL
ɾeklutas,ɾeklutas,ɾeklut,ɾeklut,NL
ɾeklutas,ɾeklutas,ɾeklut,ɾeklut,NL
ɾeklutas,ɾeklutas,ɾeklut,ɾeklut,NL
ɾeklutas,ɾeklutas,ɾeklut,ɾeklut,NL
ɾeklutas,ɾeklutas,ɾeklut,ɾeklut,NL
ɾeklutas,ɾeklutas,ɾeklut,ɾeklut,NL
ɾeklutas,ɾeklutas,ɾeklut,ɾeklut,NL
ɾeklutas,ɾeklutas,ɾeklut,ɾeklut,NL
ɾeklutas,ɾeklutas,ɾeklut,ɾeklut,NL
ɾeklutas,ɾeklutas,ɾeklut,ɾeklut,NL
ɾeklutas,ɾeklutas,ɾeklut,ɾeklut,NL
ɾeklutas,ɾeklutas,ɾeklut,ɾeklut,NL
ɾekluta,ɾekluta,ɾeklut,ɾeklut,NL
ɾekluta,ɾekluta,ɾeklut,ɾeklut,NL
ɾekluta,ɾekluta,ɾeklut,ɾeklut,NL
ɾekluta,ɾekluta,ɾeklut,ɾeklut,NL
ɾekluta,ɾekluta,ɾeklut,ɾeklut,NL
ɾekluta,ɾekluta,ɾeklut,ɾeklut,NL
ɾekluta,ɾekluta,ɾeklut,ɾeklut,NL
ɾekluta,ɾekluta,ɾeklut,ɾeklut,NL
ɾekluta,ɾekluta,ɾeklut,ɾeklut,NL
ɾekluta,ɾekluta,ɾeklut,ɾeklut,NL
ɾekluta,ɾekluta,ɾeklut,ɾeklut,NL
ɾekluta,ɾekluta,ɾeklut,ɾeklut,NL
ɾekluta,ɾekluta,ɾeklut,ɾeklut,NL
ɾekluta,ɾekluta,ɾeklut,ɾeklut,NL
ɾekluta,ɾekluta,ɾeklut,ɾeklut,NL
ɾekluta,ɾekluta,ɾeklut,ɾeklut,NL
ɾekluta,ɾekluta,ɾeklut,ɾeklut,NL
ɾekluta,ɾekluta,ɾeklut,ɾeklut,NL
ɾekluta,ɾekluta,ɾeklut,ɾeklut,NL
ɾekluta,ɾekluta,ɾeklut,ɾeklut,NL
ɾekluta,ɾekluta,ɾeklut,ɾeklut,NL
ɾekluta,ɾekluta,ɾeklut,ɾeklut,NL
ɾekluta,ɾekluta,ɾeklut,ɾeklut,NL
ɾekluta,ɾekluta,ɾeklut,ɾeklut,NL
ɾekluta,ɾekluta,ɾeklut,ɾeklut,NL
ɾekluta,ɾekluta,ɾeklut,ɾeklut,NL
ɾekluta,ɾekluta,ɾeklut,ɾeklut,NL
ɾekluta,ɾekluta,ɾeklut,ɾeklut,NL
ɾekluta,ɾekluta,ɾeklut,ɾeklut,NL
ɾekluta,ɾekluta,ɾeklut,ɾeklut,NL
ɾekluta,ɾekluta,ɾeklut,ɾeklut,NL
ɾekluta,ɾekluta,ɾeklut,ɾeklut,NL
ɾekluta,ɾekluta,ɾeklut,ɾeklut,NL
ɾekluta,ɾekluta,ɾeklut,ɾeklut,NL
ɾekluta,ɾekluta,ɾeklut,ɾeklut,NL
ɾekluta,ɾekluta,ɾeklut,ɾeklut,NL
ɾekluta,ɾekluta,ɾeklut,ɾeklut,NL
ɾekluta,ɾekluta,ɾeklut,ɾeklut,NL
ɾekluta,ɾekluta,ɾeklut,ɾeklut,NL
ɾekluta,ɾekluta,ɾeklut,ɾeklut,NL
ɾekluta,ɾekluta,ɾeklut,ɾeklut,NL
ɾekluta,ɾekluta,ɾeklut,ɾeklut,NL
ɾekluta,ɾekluta,ɾeklut,ɾeklut,NL
ɾekluta,ɾekluta,ɾeklut,ɾeklut,NL
ɾekluta,ɾekluta,ɾeklut,ɾeklut,NL
ɾekluta,ɾekluta,ɾeklut,ɾeklut,NL
ɾekluta,ɾekluta,ɾeklut,ɾeklut,NL
ɾekluta,ɾekluta,ɾeklut,ɾeklut,NL
ɾekluta,ɾekluta,ɾeklut,ɾeklut,NL
ɾekluta,ɾekluta,ɾeklut,ɾeklut,NL
ɾekluta,ɾekluta,ɾeklut,ɾeklut,NL
ɾekluta,ɾekluta,ɾeklut,ɾeklut,NL
ɾekluta,ɾekluta,ɾeklut,ɾeklut,NL
ɾekluta,ɾekluta,ɾeklut,ɾeklut,NL
ɾekluta,ɾekluta,ɾeklut,ɾeklut,NL
ɾeklutejs,ɾeklutejs,ɾeklut,ɾeklut,NL
ɾeklutejs,ɾeklutejs,ɾeklut,ɾeklut,NL
ɾeklutejs,ɾeklutejs,ɾeklut,ɾeklut,NL
ɾeklutejs,ɾeklutejs,ɾeklut,ɾeklut,NL
ɾeklutejs,ɾeklutejs,ɾeklut,ɾeklut,NL
ɾeklutejs,ɾeklutejs,ɾeklut,ɾeklut,NL
ɾeklutejs,ɾeklutejs,ɾeklut,ɾeklut,NL
ɾeklutejs,ɾeklutejs,ɾeklut,ɾeklut,NL
ɾeklutejs,ɾeklutejs,ɾeklut,ɾeklut,NL
ɾeklutejs,ɾeklutejs,ɾeklut,ɾeklut,NL
ɾeklutejs,ɾeklutejs,ɾeklut,ɾeklut,NL
ɾeklutejs,ɾeklutejs,ɾeklut,ɾeklut,NL
ɾeklutejs,ɾeklutejs,ɾeklut,ɾeklut,NL
ɾeklutejs,ɾeklutejs,ɾeklut,ɾeklut,NL
ɾeklutejs,ɾeklutejs,ɾeklut,ɾeklut,NL
ɾeklutejs,ɾeklutejs,ɾeklut,ɾeklut,NL
ɾeklutejs,ɾeklutejs,ɾeklut,ɾeklut,NL
ɾeklutejs,ɾeklutejs,ɾeklut,ɾeklut,NL
ɾeklutejs,ɾeklutejs,ɾeklut,ɾeklut,NL
ɾeklutejs,ɾeklutejs,ɾeklut,ɾeklut,NL
ɾeklutejs,ɾeklutejs,ɾeklut,ɾeklut,NL
ɾeklutejs,ɾeklutejs,ɾeklut,ɾeklut,NL
ɾeklutejs,ɾeklutejs,ɾeklut,ɾeklut,NL
ɾeklutejs,ɾeklutejs,ɾeklut,ɾeklut,NL
ɾeklutejs,ɾeklutejs,ɾeklut,ɾeklut,NL
ɾeklutejs,ɾeklutejs,ɾeklut,ɾeklut,NL
ɾeklutejs,ɾeklutejs,ɾeklut,ɾeklut,NL
ɾeklutejs,ɾeklutejs,ɾeklut,ɾeklut,NL
ɾeklutejs,ɾeklutejs,ɾeklut,ɾeklut,NL
ɾeklutejs,ɾeklutejs,ɾeklut,ɾeklut,NL
ɾeklutejs,ɾeklutejs,ɾeklut,ɾeklut,NL
ɾeklutejs,ɾeklutejs,ɾeklut,ɾeklut,NL
ɾeklutejs,ɾeklutejs,ɾeklut,ɾeklut,NL
ɾeklutejs,ɾeklutejs,ɾeklut,ɾeklut,NL
ɾeklutejs,ɾeklutejs,ɾeklut,ɾeklut,NL
ɾeklutejs,ɾeklutejs,ɾeklut,ɾeklut,NL
ɾeklutejs,ɾeklutejs,ɾeklut,ɾeklut,NL
ɾeklutejs,ɾeklutejs,ɾeklut,ɾeklut,NL
ɾeklutejs,ɾeklutejs,ɾeklut,ɾeklut,NL
ɾeklutejs,ɾeklutejs,ɾeklut,ɾeklut,NL
ɾeklutejs,ɾeklutejs,ɾeklut,ɾeklut,NL
ɾeklutejs,ɾeklutejs,ɾeklut,ɾeklut,NL
ɾeklutejs,ɾeklutejs,ɾeklut,ɾeklut,NL
ɾeklutejs,ɾeklutejs,ɾeklut,ɾeklut,NL
ɾeklutejs,ɾeklutejs,ɾeklut,ɾeklut,NL
ɾeklutejs,ɾeklutejs,ɾeklut,ɾeklut,NL
ɾeklutejs,ɾeklutejs,ɾeklut,ɾeklut,NL
ɾeklutejs,ɾeklutejs,ɾeklut,ɾeklut,NL
ɾeklutejs,ɾeklutejs,ɾeklut,ɾeklut,NL
ɾeklutejs,ɾeklutejs,ɾeklut,ɾeklut,NL
ɾeklutejs,ɾeklutejs,ɾeklut,ɾeklut,NL
ɾeklutejs,ɾeklutejs,ɾeklut,ɾeklut,NL
ɾeklutejs,ɾeklutejs,ɾeklut,ɾeklut,NL
ɾeklutejs,ɾeklutejs,ɾeklut,ɾeklut,NL
ɾeklutejs,ɾeklutejs,ɾeklut,ɾeklut,NL
ɾeklutemos,ɾeklutemos,ɾeklut,ɾeklut,NL
ɾeklutemos,ɾeklutemos,ɾeklut,ɾeklut,NL
ɾeklutemos,ɾeklutemos,ɾeklut,ɾeklut,NL
ɾeklutemos,ɾeklutemos,ɾeklut,ɾeklut,NL
ɾeklutemos,ɾeklutemos,ɾeklut,ɾeklut,NL
ɾeklutemos,ɾeklutemos,ɾeklut,ɾeklut,NL
ɾeklutemos,ɾeklutemos,ɾeklut,ɾeklut,NL
ɾeklutemos,ɾeklutemos,ɾeklut,ɾeklut,NL
ɾeklutemos,ɾeklutemos,ɾeklut,ɾeklut,NL
ɾeklutemos,ɾeklutemos,ɾeklut,ɾeklut,NL
ɾeklutemos,ɾeklutemos,ɾeklut,ɾeklut,NL
ɾeklutemos,ɾeklutemos,ɾeklut,ɾeklut,NL
ɾeklutemos,ɾeklutemos,ɾeklut,ɾeklut,NL
ɾeklutemos,ɾeklutemos,ɾeklut,ɾeklut,NL
ɾeklutemos,ɾeklutemos,ɾeklut,ɾeklut,NL
ɾeklutemos,ɾeklutemos,ɾeklut,ɾeklut,NL
ɾeklutemos,ɾeklutemos,ɾeklut,ɾeklut,NL
ɾeklutemos,ɾeklutemos,ɾeklut,ɾeklut,NL
ɾeklutemos,ɾeklutemos,ɾeklut,ɾeklut,NL
ɾeklutemos,ɾeklutemos,ɾeklut,ɾeklut,NL
ɾeklutemos,ɾeklutemos,ɾeklut,ɾeklut,NL
ɾeklutemos,ɾeklutemos,ɾeklut,ɾeklut,NL
ɾeklutemos,ɾeklutemos,ɾeklut,ɾeklut,NL
ɾeklutemos,ɾeklutemos,ɾeklut,ɾeklut,NL
ɾeklutemos,ɾeklutemos,ɾeklut,ɾeklut,NL
ɾeklutemos,ɾeklutemos,ɾeklut,ɾeklut,NL
ɾeklutemos,ɾeklutemos,ɾeklut,ɾeklut,NL
ɾeklutemos,ɾeklutemos,ɾeklut,ɾeklut,NL
ɾeklutemos,ɾeklutemos,ɾeklut,ɾeklut,NL
ɾeklutemos,ɾeklutemos,ɾeklut,ɾeklut,NL
ɾeklutemos,ɾeklutemos,ɾeklut,ɾeklut,NL
ɾeklutemos,ɾeklutemos,ɾeklut,ɾeklut,NL
ɾeklutemos,ɾeklutemos,ɾeklut,ɾeklut,NL
ɾeklutemos,ɾeklutemos,ɾeklut,ɾeklut,NL
ɾeklutemos,ɾeklutemos,ɾeklut,ɾeklut,NL
ɾeklutemos,ɾeklutemos,ɾeklut,ɾeklut,NL
ɾeklutemos,ɾeklutemos,ɾeklut,ɾeklut,NL
ɾeklutemos,ɾeklutemos,ɾeklut,ɾeklut,NL
ɾeklutemos,ɾeklutemos,ɾeklut,ɾeklut,NL
ɾeklutemos,ɾeklutemos,ɾeklut,ɾeklut,NL
ɾeklutemos,ɾeklutemos,ɾeklut,ɾeklut,NL
ɾeklutemos,ɾeklutemos,ɾeklut,ɾeklut,NL
ɾeklutemos,ɾeklutemos,ɾeklut,ɾeklut,NL
ɾeklutemos,ɾeklutemos,ɾeklut,ɾeklut,NL
ɾeklutemos,ɾeklutemos,ɾeklut,ɾeklut,NL
ɾeklutemos,ɾeklutemos,ɾeklut,ɾeklut,NL
ɾeklutemos,ɾeklutemos,ɾeklut,ɾeklut,NL
ɾeklutemos,ɾeklutemos,ɾeklut,ɾeklut,NL
ɾeklutemos,ɾeklutemos,ɾeklut,ɾeklut,NL
ɾeklutemos,ɾeklutemos,ɾeklut,ɾeklut,NL
ɾeklutemos,ɾeklutemos,ɾeklut,ɾeklut,NL
ɾeklutemos,ɾeklutemos,ɾeklut,ɾeklut,NL
ɾeklutemos,ɾeklutemos,ɾeklut,ɾeklut,NL
ɾeklutemos,ɾeklutemos,ɾeklut,ɾeklut,NL
ɾeklutemos,ɾeklutemos,ɾeklut,ɾeklut,NL
ɾekluten,ɾekluten,ɾeklut,ɾeklut,NL
ɾekluten,ɾekluten,ɾeklut,ɾeklut,NL
ɾekluten,ɾekluten,ɾeklut,ɾeklut,NL
ɾekluten,ɾekluten,ɾeklut,ɾeklut,NL
ɾekluten,ɾekluten,ɾeklut,ɾeklut,NL
ɾekluten,ɾekluten,ɾeklut,ɾeklut,NL
ɾekluten,ɾekluten,ɾeklut,ɾeklut,NL
ɾekluten,ɾekluten,ɾeklut,ɾeklut,NL
ɾekluten,ɾekluten,ɾeklut,ɾeklut,NL
ɾekluten,ɾekluten,ɾeklut,ɾeklut,NL
ɾekluten,ɾekluten,ɾeklut,ɾeklut,NL
ɾekluten,ɾekluten,ɾeklut,ɾeklut,NL
ɾekluten,ɾekluten,ɾeklut,ɾeklut,NL
ɾekluten,ɾekluten,ɾeklut,ɾeklut,NL
ɾekluten,ɾekluten,ɾeklut,ɾeklut,NL
ɾekluten,ɾekluten,ɾeklut,ɾeklut,NL
ɾekluten,ɾekluten,ɾeklut,ɾeklut,NL
ɾekluten,ɾekluten,ɾeklut,ɾeklut,NL
ɾekluten,ɾekluten,ɾeklut,ɾeklut,NL
ɾekluten,ɾekluten,ɾeklut,ɾeklut,NL
ɾekluten,ɾekluten,ɾeklut,ɾeklut,NL
ɾekluten,ɾekluten,ɾeklut,ɾeklut,NL
ɾekluten,ɾekluten,ɾeklut,ɾeklut,NL
ɾekluten,ɾekluten,ɾeklut,ɾeklut,NL
ɾekluten,ɾekluten,ɾeklut,ɾeklut,NL
ɾekluten,ɾekluten,ɾeklut,ɾeklut,NL
ɾekluten,ɾekluten,ɾeklut,ɾeklut,NL
ɾekluten,ɾekluten,ɾeklut,ɾeklut,NL
ɾekluten,ɾekluten,ɾeklut,ɾeklut,NL
ɾekluten,ɾekluten,ɾeklut,ɾeklut,NL
ɾekluten,ɾekluten,ɾeklut,ɾeklut,NL
ɾekluten,ɾekluten,ɾeklut,ɾeklut,NL
ɾekluten,ɾekluten,ɾeklut,ɾeklut,NL
ɾekluten,ɾekluten,ɾeklut,ɾeklut,NL
ɾekluten,ɾekluten,ɾeklut,ɾeklut,NL
ɾekluten,ɾekluten,ɾeklut,ɾeklut,NL
ɾekluten,ɾekluten,ɾeklut,ɾeklut,NL
ɾekluten,ɾekluten,ɾeklut,ɾeklut,NL
ɾekluten,ɾekluten,ɾeklut,ɾeklut,NL
ɾekluten,ɾekluten,ɾeklut,ɾeklut,NL
ɾekluten,ɾekluten,ɾeklut,ɾeklut,NL
ɾekluten,ɾekluten,ɾeklut,ɾeklut,NL
ɾekluten,ɾekluten,ɾeklut,ɾeklut,NL
ɾekluten,ɾekluten,ɾeklut,ɾeklut,NL
ɾekluten,ɾekluten,ɾeklut,ɾeklut,NL
ɾekluten,ɾekluten,ɾeklut,ɾeklut,NL
ɾekluten,ɾekluten,ɾeklut,ɾeklut,NL
ɾekluten,ɾekluten,ɾeklut,ɾeklut,NL
ɾekluten,ɾekluten,ɾeklut,ɾeklut,NL
ɾekluten,ɾekluten,ɾeklut,ɾeklut,NL
ɾekluten,ɾekluten,ɾeklut,ɾeklut,NL
ɾekluten,ɾekluten,ɾeklut,ɾeklut,NL
ɾekluten,ɾekluten,ɾeklut,ɾeklut,NL
ɾekluten,ɾekluten,ɾeklut,ɾeklut,NL
ɾekluten,ɾekluten,ɾeklut,ɾeklut,NL
ɾeklutes,ɾeklutes,ɾeklut,ɾeklut,NL
ɾeklutes,ɾeklutes,ɾeklut,ɾeklut,NL
ɾeklutes,ɾeklutes,ɾeklut,ɾeklut,NL
ɾeklutes,ɾeklutes,ɾeklut,ɾeklut,NL
ɾeklutes,ɾeklutes,ɾeklut,ɾeklut,NL
ɾeklutes,ɾeklutes,ɾeklut,ɾeklut,NL
ɾeklutes,ɾeklutes,ɾeklut,ɾeklut,NL
ɾeklutes,ɾeklutes,ɾeklut,ɾeklut,NL
ɾeklutes,ɾeklutes,ɾeklut,ɾeklut,NL
ɾeklutes,ɾeklutes,ɾeklut,ɾeklut,NL
ɾeklutes,ɾeklutes,ɾeklut,ɾeklut,NL
ɾeklutes,ɾeklutes,ɾeklut,ɾeklut,NL
ɾeklutes,ɾeklutes,ɾeklut,ɾeklut,NL
ɾeklutes,ɾeklutes,ɾeklut,ɾeklut,NL
ɾeklutes,ɾeklutes,ɾeklut,ɾeklut,NL
ɾeklutes,ɾeklutes,ɾeklut,ɾeklut,NL
ɾeklutes,ɾeklutes,ɾeklut,ɾeklut,NL
ɾeklutes,ɾeklutes,ɾeklut,ɾeklut,NL
ɾeklutes,ɾeklutes,ɾeklut,ɾeklut,NL
ɾeklutes,ɾeklutes,ɾeklut,ɾeklut,NL
ɾeklutes,ɾeklutes,ɾeklut,ɾeklut,NL
ɾeklutes,ɾeklutes,ɾeklut,ɾeklut,NL
ɾeklutes,ɾeklutes,ɾeklut,ɾeklut,NL
ɾeklutes,ɾeklutes,ɾeklut,ɾeklut,NL
ɾeklutes,ɾeklutes,ɾeklut,ɾeklut,NL
ɾeklutes,ɾeklutes,ɾeklut,ɾeklut,NL
ɾeklutes,ɾeklutes,ɾeklut,ɾeklut,NL
ɾeklutes,ɾeklutes,ɾeklut,ɾeklut,NL
ɾeklutes,ɾeklutes,ɾeklut,ɾeklut,NL
ɾeklutes,ɾeklutes,ɾeklut,ɾeklut,NL
ɾeklutes,ɾeklutes,ɾeklut,ɾeklut,NL
ɾeklutes,ɾeklutes,ɾeklut,ɾeklut,NL
ɾeklutes,ɾeklutes,ɾeklut,ɾeklut,NL
ɾeklutes,ɾeklutes,ɾeklut,ɾeklut,NL
ɾeklutes,ɾeklutes,ɾeklut,ɾeklut,NL
ɾeklutes,ɾeklutes,ɾeklut,ɾeklut,NL
ɾeklutes,ɾeklutes,ɾeklut,ɾeklut,NL
ɾeklutes,ɾeklutes,ɾeklut,ɾeklut,NL
ɾeklutes,ɾeklutes,ɾeklut,ɾeklut,NL
ɾeklutes,ɾeklutes,ɾeklut,ɾeklut,NL
ɾeklutes,ɾeklutes,ɾeklut,ɾeklut,NL
ɾeklutes,ɾeklutes,ɾeklut,ɾeklut,NL
ɾeklutes,ɾeklutes,ɾeklut,ɾeklut,NL
ɾeklutes,ɾeklutes,ɾeklut,ɾeklut,NL
ɾeklutes,ɾeklutes,ɾeklut,ɾeklut,NL
ɾeklutes,ɾeklutes,ɾeklut,ɾeklut,NL
ɾeklutes,ɾeklutes,ɾeklut,ɾeklut,NL
ɾeklutes,ɾeklutes,ɾeklut,ɾeklut,NL
ɾeklutes,ɾeklutes,ɾeklut,ɾeklut,NL
ɾeklutes,ɾeklutes,ɾeklut,ɾeklut,NL
ɾeklutes,ɾeklutes,ɾeklut,ɾeklut,NL
ɾeklutes,ɾeklutes,ɾeklut,ɾeklut,NL
ɾeklutes,ɾeklutes,ɾeklut,ɾeklut,NL
ɾeklutes,ɾeklutes,ɾeklut,ɾeklut,NL
ɾeklutes,ɾeklutes,ɾeklut,ɾeklut,NL
ɾeklute,ɾeklute,ɾeklut,ɾeklut,NL
ɾeklute,ɾeklute,ɾeklut,ɾeklut,NL
ɾeklute,ɾeklute,ɾeklut,ɾeklut,NL
ɾeklute,ɾeklute,ɾeklut,ɾeklut,NL
ɾeklute,ɾeklute,ɾeklut,ɾeklut,NL
ɾeklute,ɾeklute,ɾeklut,ɾeklut,NL
ɾeklute,ɾeklute,ɾeklut,ɾeklut,NL
ɾeklute,ɾeklute,ɾeklut,ɾeklut,NL
ɾeklute,ɾeklute,ɾeklut,ɾeklut,NL
ɾeklute,ɾeklute,ɾeklut,ɾeklut,NL
ɾeklute,ɾeklute,ɾeklut,ɾeklut,NL
ɾeklute,ɾeklute,ɾeklut,ɾeklut,NL
ɾeklute,ɾeklute,ɾeklut,ɾeklut,NL
ɾeklute,ɾeklute,ɾeklut,ɾeklut,NL
ɾeklute,ɾeklute,ɾeklut,ɾeklut,NL
ɾeklute,ɾeklute,ɾeklut,ɾeklut,NL
ɾeklute,ɾeklute,ɾeklut,ɾeklut,NL
ɾeklute,ɾeklute,ɾeklut,ɾeklut,NL
ɾeklute,ɾeklute,ɾeklut,ɾeklut,NL
ɾeklute,ɾeklute,ɾeklut,ɾeklut,NL
ɾeklute,ɾeklute,ɾeklut,ɾeklut,NL
ɾeklute,ɾeklute,ɾeklut,ɾeklut,NL
ɾeklute,ɾeklute,ɾeklut,ɾeklut,NL
ɾeklute,ɾeklute,ɾeklut,ɾeklut,NL
ɾeklute,ɾeklute,ɾeklut,ɾeklut,NL
ɾeklute,ɾeklute,ɾeklut,ɾeklut,NL
ɾeklute,ɾeklute,ɾeklut,ɾeklut,NL
ɾeklute,ɾeklute,ɾeklut,ɾeklut,NL
ɾeklute,ɾeklute,ɾeklut,ɾeklut,NL
ɾeklute,ɾeklute,ɾeklut,ɾeklut,NL
ɾeklute,ɾeklute,ɾeklut,ɾeklut,NL
ɾeklute,ɾeklute,ɾeklut,ɾeklut,NL
ɾeklute,ɾeklute,ɾeklut,ɾeklut,NL
ɾeklute,ɾeklute,ɾeklut,ɾeklut,NL
ɾeklute,ɾeklute,ɾeklut,ɾeklut,NL
ɾeklute,ɾeklute,ɾeklut,ɾeklut,NL
ɾeklute,ɾeklute,ɾeklut,ɾeklut,NL
ɾeklute,ɾeklute,ɾeklut,ɾeklut,NL
ɾeklute,ɾeklute,ɾeklut,ɾeklut,NL
ɾeklute,ɾeklute,ɾeklut,ɾeklut,NL
ɾeklute,ɾeklute,ɾeklut,ɾeklut,NL
ɾeklute,ɾeklute,ɾeklut,ɾeklut,NL
ɾeklute,ɾeklute,ɾeklut,ɾeklut,NL
ɾeklute,ɾeklute,ɾeklut,ɾeklut,NL
ɾeklute,ɾeklute,ɾeklut,ɾeklut,NL
ɾeklute,ɾeklute,ɾeklut,ɾeklut,NL
ɾeklute,ɾeklute,ɾeklut,ɾeklut,NL
ɾeklute,ɾeklute,ɾeklut,ɾeklut,NL
ɾeklute,ɾeklute,ɾeklut,ɾeklut,NL
ɾeklute,ɾeklute,ɾeklut,ɾeklut,NL
ɾeklute,ɾeklute,ɾeklut,ɾeklut,NL
ɾeklute,ɾeklute,ɾeklut,ɾeklut,NL
ɾeklute,ɾeklute,ɾeklut,ɾeklut,NL
ɾeklute,ɾeklute,ɾeklut,ɾeklut,NL
ɾeklute,ɾeklute,ɾeklut,ɾeklut,NL
ɾeklute,ɾeklute,ɾeklut,ɾeklut,NL
ɾeklute,ɾeklute,ɾeklut,ɾeklut,NL
ɾeklute,ɾeklute,ɾeklut,ɾeklut,NL
ɾeklute,ɾeklute,ɾeklut,ɾeklut,NL
ɾeklute,ɾeklute,ɾeklut,ɾeklut,NL
ɾeklute,ɾeklute,ɾeklut,ɾeklut,NL
ɾeklute,ɾeklute,ɾeklut,ɾeklut,NL
ɾeklute,ɾeklute,ɾeklut,ɾeklut,NL
ɾeklute,ɾeklute,ɾeklut,ɾeklut,NL
ɾeklute,ɾeklute,ɾeklut,ɾeklut,NL
ɾeklute,ɾeklute,ɾeklut,ɾeklut,NL
ɾeklute,ɾeklute,ɾeklut,ɾeklut,NL
ɾeklute,ɾeklute,ɾeklut,ɾeklut,NL
ɾeklute,ɾeklute,ɾeklut,ɾeklut,NL
ɾeklute,ɾeklute,ɾeklut,ɾeklut,NL
ɾeklute,ɾeklute,ɾeklut,ɾeklut,NL
ɾeklute,ɾeklute,ɾeklut,ɾeklut,NL
ɾeklute,ɾeklute,ɾeklut,ɾeklut,NL
ɾeklute,ɾeklute,ɾeklut,ɾeklut,NL
ɾeklute,ɾeklute,ɾeklut,ɾeklut,NL
ɾeklute,ɾeklute,ɾeklut,ɾeklut,NL
ɾeklute,ɾeklute,ɾeklut,ɾeklut,NL
ɾeklute,ɾeklute,ɾeklut,ɾeklut,NL
ɾeklute,ɾeklute,ɾeklut,ɾeklut,NL
ɾeklute,ɾeklute,ɾeklut,ɾeklut,NL
ɾeklute,ɾeklute,ɾeklut,ɾeklut,NL
ɾeklute,ɾeklute,ɾeklut,ɾeklut,NL
ɾeklute,ɾeklute,ɾeklut,ɾeklut,NL
ɾeklute,ɾeklute,ɾeklut,ɾeklut,NL
ɾeklute,ɾeklute,ɾeklut,ɾeklut,NL
ɾeklute,ɾeklute,ɾeklut,ɾeklut,NL
ɾeklute,ɾeklute,ɾeklut,ɾeklut,NL
ɾeklute,ɾeklute,ɾeklut,ɾeklut,NL
ɾeklute,ɾeklute,ɾeklut,ɾeklut,NL
ɾeklute,ɾeklute,ɾeklut,ɾeklut,NL
ɾeklute,ɾeklute,ɾeklut,ɾeklut,NL
ɾeklute,ɾeklute,ɾeklut,ɾeklut,NL
ɾeklute,ɾeklute,ɾeklut,ɾeklut,NL
ɾeklute,ɾeklute,ɾeklut,ɾeklut,NL
ɾeklute,ɾeklute,ɾeklut,ɾeklut,NL
ɾeklute,ɾeklute,ɾeklut,ɾeklut,NL
ɾeklute,ɾeklute,ɾeklut,ɾeklut,NL
ɾeklute,ɾeklute,ɾeklut,ɾeklut,NL
ɾeklute,ɾeklute,ɾeklut,ɾeklut,NL
ɾeklute,ɾeklute,ɾeklut,ɾeklut,NL
ɾeklute,ɾeklute,ɾeklut,ɾeklut,NL
ɾeklute,ɾeklute,ɾeklut,ɾeklut,NL
ɾeklute,ɾeklute,ɾeklut,ɾeklut,NL
ɾeklute,ɾeklute,ɾeklut,ɾeklut,NL
ɾeklute,ɾeklute,ɾeklut,ɾeklut,NL
ɾeklute,ɾeklute,ɾeklut,ɾeklut,NL
ɾeklute,ɾeklute,ɾeklut,ɾeklut,NL
ɾeklute,ɾeklute,ɾeklut,ɾeklut,NL
ɾeklute,ɾeklute,ɾeklut,ɾeklut,NL
ɾeklute,ɾeklute,ɾeklut,ɾeklut,NL
ɾekluto,ɾekluto,ɾeklut,ɾeklut,NL
ɾekluto,ɾekluto,ɾeklut,ɾeklut,NL
ɾekluto,ɾekluto,ɾeklut,ɾeklut,NL
ɾekluto,ɾekluto,ɾeklut,ɾeklut,NL
ɾekluto,ɾekluto,ɾeklut,ɾeklut,NL
ɾekluto,ɾekluto,ɾeklut,ɾeklut,NL
ɾekluto,ɾekluto,ɾeklut,ɾeklut,NL
ɾekluto,ɾekluto,ɾeklut,ɾeklut,NL
ɾekluto,ɾekluto,ɾeklut,ɾeklut,NL
ɾekluto,ɾekluto,ɾeklut,ɾeklut,NL
ɾekluto,ɾekluto,ɾeklut,ɾeklut,NL
ɾekluto,ɾekluto,ɾeklut,ɾeklut,NL
ɾekluto,ɾekluto,ɾeklut,ɾeklut,NL
ɾekluto,ɾekluto,ɾeklut,ɾeklut,NL
ɾekluto,ɾekluto,ɾeklut,ɾeklut,NL
ɾekluto,ɾekluto,ɾeklut,ɾeklut,NL
ɾekluto,ɾekluto,ɾeklut,ɾeklut,NL
ɾekluto,ɾekluto,ɾeklut,ɾeklut,NL
ɾekluto,ɾekluto,ɾeklut,ɾeklut,NL
ɾekluto,ɾekluto,ɾeklut,ɾeklut,NL
ɾekluto,ɾekluto,ɾeklut,ɾeklut,NL
ɾekluto,ɾekluto,ɾeklut,ɾeklut,NL
ɾekluto,ɾekluto,ɾeklut,ɾeklut,NL
ɾekluto,ɾekluto,ɾeklut,ɾeklut,NL
ɾekluto,ɾekluto,ɾeklut,ɾeklut,NL
ɾekluto,ɾekluto,ɾeklut,ɾeklut,NL
ɾekluto,ɾekluto,ɾeklut,ɾeklut,NL
ɾekluto,ɾekluto,ɾeklut,ɾeklut,NL
ɾekluto,ɾekluto,ɾeklut,ɾeklut,NL
ɾekluto,ɾekluto,ɾeklut,ɾeklut,NL
ɾekluto,ɾekluto,ɾeklut,ɾeklut,NL
ɾekluto,ɾekluto,ɾeklut,ɾeklut,NL
ɾekluto,ɾekluto,ɾeklut,ɾeklut,NL
ɾekluto,ɾekluto,ɾeklut,ɾeklut,NL
ɾekluto,ɾekluto,ɾeklut,ɾeklut,NL
ɾekluto,ɾekluto,ɾeklut,ɾeklut,NL
ɾekluto,ɾekluto,ɾeklut,ɾeklut,NL
ɾekluto,ɾekluto,ɾeklut,ɾeklut,NL
ɾekluto,ɾekluto,ɾeklut,ɾeklut,NL
ɾekluto,ɾekluto,ɾeklut,ɾeklut,NL
ɾekluto,ɾekluto,ɾeklut,ɾeklut,NL
ɾekluto,ɾekluto,ɾeklut,ɾeklut,NL
ɾekluto,ɾekluto,ɾeklut,ɾeklut,NL
ɾekluto,ɾekluto,ɾeklut,ɾeklut,NL
ɾekluto,ɾekluto,ɾeklut,ɾeklut,NL
ɾekluto,ɾekluto,ɾeklut,ɾeklut,NL
ɾekluto,ɾekluto,ɾeklut,ɾeklut,NL
ɾekluto,ɾekluto,ɾeklut,ɾeklut,NL
ɾekluto,ɾekluto,ɾeklut,ɾeklut,NL
ɾekluto,ɾekluto,ɾeklut,ɾeklut,NL
ɾekluto,ɾekluto,ɾeklut,ɾeklut,NL
ɾekluto,ɾekluto,ɾeklut,ɾeklut,NL
ɾekluto,ɾekluto,ɾeklut,ɾeklut,NL
ɾekluto,ɾekluto,ɾeklut,ɾeklut,NL
ɾekluto,ɾekluto,ɾeklut,ɾeklut,NL
tendajs,tendajs,tend,tend,NL
tendajs,tendajs,tend,tend,NL
tendajs,tendajs,tend,tend,NL
tendajs,tendajs,tend,tend,NL
tendajs,tendajs,tend,tend,NL
tendajs,tendajs,tend,tend,NL
tendajs,tendajs,tend,tend,NL
tendajs,tendajs,tend,tend,NL
tendajs,tendajs,tend,tend,NL
tendajs,tendajs,tend,tend,NL
tendajs,tendajs,tend,tend,NL
tendajs,tendajs,tend,tend,NL
tendajs,tendajs,tend,tend,NL
tendajs,tendajs,tend,tend,NL
tendajs,tendajs,tend,tend,NL
tendajs,tendajs,tend,tend,NL
tendajs,tendajs,tend,tend,NL
tendajs,tendajs,tend,tend,NL
tendajs,tendajs,tend,tend,NL
tendajs,tendajs,tend,tend,NL
tendajs,tendajs,tend,tend,NL
tendajs,tendajs,tend,tend,NL
tendajs,tendajs,tend,tend,NL
tendajs,tendajs,tend,tend,NL
tendajs,tendajs,tend,tend,NL
tendajs,tendajs,tend,tend,NL
tendajs,tendajs,tend,tend,NL
tendajs,tendajs,tend,tend,NL
tendajs,tendajs,tend,tend,NL
tendajs,tendajs,tend,tend,NL
tendajs,tendajs,tend,tend,NL
tendajs,tendajs,tend,tend,NL
tendajs,tendajs,tend,tend,NL
tendajs,tendajs,tend,tend,NL
tendajs,tendajs,tend,tend,NL
tendajs,tendajs,tend,tend,NL
tendajs,tendajs,tend,tend,NL
tendajs,tendajs,tend,tend,NL
tendajs,tendajs,tend,tend,NL
tendajs,tendajs,tend,tend,NL
tendajs,tendajs,tend,tend,NL
tendajs,tendajs,tend,tend,NL
tendajs,tendajs,tend,tend,NL
tendajs,tendajs,tend,tend,NL
tendajs,tendajs,tend,tend,NL
tendajs,tendajs,tend,tend,NL
tendajs,tendajs,tend,tend,NL
tendajs,tendajs,tend,tend,NL
tendajs,tendajs,tend,tend,NL
tendajs,tendajs,tend,tend,NL
tendajs,tendajs,tend,tend,NL
tendajs,tendajs,tend,tend,NL
tendajs,tendajs,tend,tend,NL
tendajs,tendajs,tend,tend,NL
tendajs,tendajs,tend,tend,NL
tendamos,tendamos,tend,tend,NL
tendamos,tendamos,tend,tend,NL
tendamos,tendamos,tend,tend,NL
tendamos,tendamos,tend,tend,NL
tendamos,tendamos,tend,tend,NL
tendamos,tendamos,tend,tend,NL
tendamos,tendamos,tend,tend,NL
tendamos,tendamos,tend,tend,NL
tendamos,tendamos,tend,tend,NL
tendamos,tendamos,tend,tend,NL
tendamos,tendamos,tend,tend,NL
tendamos,tendamos,tend,tend,NL
tendamos,tendamos,tend,tend,NL
tendamos,tendamos,tend,tend,NL
tendamos,tendamos,tend,tend,NL
tendamos,tendamos,tend,tend,NL
tendamos,tendamos,tend,tend,NL
tendamos,tendamos,tend,tend,NL
tendamos,tendamos,tend,tend,NL
tendamos,tendamos,tend,tend,NL
tendamos,tendamos,tend,tend,NL
tendamos,tendamos,tend,tend,NL
tendamos,tendamos,tend,tend,NL
tendamos,tendamos,tend,tend,NL
tendamos,tendamos,tend,tend,NL
tendamos,tendamos,tend,tend,NL
tendamos,tendamos,tend,tend,NL
tendamos,tendamos,tend,tend,NL
tendamos,tendamos,tend,tend,NL
tendamos,tendamos,tend,tend,NL
tendamos,tendamos,tend,tend,NL
tendamos,tendamos,tend,tend,NL
tendamos,tendamos,tend,tend,NL
tendamos,tendamos,tend,tend,NL
tendamos,tendamos,tend,tend,NL
tendamos,tendamos,tend,tend,NL
tendamos,tendamos,tend,tend,NL
tendamos,tendamos,tend,tend,NL
tendamos,tendamos,tend,tend,NL
tendamos,tendamos,tend,tend,NL
tendamos,tendamos,tend,tend,NL
tendamos,tendamos,tend,tend,NL
tendamos,tendamos,tend,tend,NL
tendamos,tendamos,tend,tend,NL
tendamos,tendamos,tend,tend,NL
tendamos,tendamos,tend,tend,NL
tendamos,tendamos,tend,tend,NL
tendamos,tendamos,tend,tend,NL
tendamos,tendamos,tend,tend,NL
tendamos,tendamos,tend,tend,NL
tendamos,tendamos,tend,tend,NL
tendamos,tendamos,tend,tend,NL
tendamos,tendamos,tend,tend,NL
tendamos,tendamos,tend,tend,NL
tendamos,tendamos,tend,tend,NL
tendejs,tendejs,tend,tend,NL
tendejs,tendejs,tend,tend,NL
tendejs,tendejs,tend,tend,NL
tendejs,tendejs,tend,tend,NL
tendejs,tendejs,tend,tend,NL
tendejs,tendejs,tend,tend,NL
tendejs,tendejs,tend,tend,NL
tendejs,tendejs,tend,tend,NL
tendejs,tendejs,tend,tend,NL
tendejs,tendejs,tend,tend,NL
tendejs,tendejs,tend,tend,NL
tendejs,tendejs,tend,tend,NL
tendejs,tendejs,tend,tend,NL
tendejs,tendejs,tend,tend,NL
tendejs,tendejs,tend,tend,NL
tendejs,tendejs,tend,tend,NL
tendejs,tendejs,tend,tend,NL
tendejs,tendejs,tend,tend,NL
tendejs,tendejs,tend,tend,NL
tendejs,tendejs,tend,tend,NL
tendejs,tendejs,tend,tend,NL
tendejs,tendejs,tend,tend,NL
tendejs,tendejs,tend,tend,NL
tendejs,tendejs,tend,tend,NL
tendejs,tendejs,tend,tend,NL
tendejs,tendejs,tend,tend,NL
tendejs,tendejs,tend,tend,NL
tendejs,tendejs,tend,tend,NL
tendejs,tendejs,tend,tend,NL
tendejs,tendejs,tend,tend,NL
tendejs,tendejs,tend,tend,NL
tendejs,tendejs,tend,tend,NL
tendejs,tendejs,tend,tend,NL
tendejs,tendejs,tend,tend,NL
tendejs,tendejs,tend,tend,NL
tendejs,tendejs,tend,tend,NL
tendejs,tendejs,tend,tend,NL
tendejs,tendejs,tend,tend,NL
tendejs,tendejs,tend,tend,NL
tendejs,tendejs,tend,tend,NL
tendejs,tendejs,tend,tend,NL
tendejs,tendejs,tend,tend,NL
tendejs,tendejs,tend,tend,NL
tendejs,tendejs,tend,tend,NL
tendejs,tendejs,tend,tend,NL
tendejs,tendejs,tend,tend,NL
tendejs,tendejs,tend,tend,NL
tendejs,tendejs,tend,tend,NL
tendejs,tendejs,tend,tend,NL
tendejs,tendejs,tend,tend,NL
tendejs,tendejs,tend,tend,NL
tendejs,tendejs,tend,tend,NL
tendejs,tendejs,tend,tend,NL
tendejs,tendejs,tend,tend,NL
tendejs,tendejs,tend,tend,NL
tendemos,tendemos,tend,tend,NL
tendemos,tendemos,tend,tend,NL
tendemos,tendemos,tend,tend,NL
tendemos,tendemos,tend,tend,NL
tendemos,tendemos,tend,tend,NL
tendemos,tendemos,tend,tend,NL
tendemos,tendemos,tend,tend,NL
tendemos,tendemos,tend,tend,NL
tendemos,tendemos,tend,tend,NL
tendemos,tendemos,tend,tend,NL
tendemos,tendemos,tend,tend,NL
tendemos,tendemos,tend,tend,NL
tendemos,tendemos,tend,tend,NL
tendemos,tendemos,tend,tend,NL
tendemos,tendemos,tend,tend,NL
tendemos,tendemos,tend,tend,NL
tendemos,tendemos,tend,tend,NL
tendemos,tendemos,tend,tend,NL
tendemos,tendemos,tend,tend,NL
tendemos,tendemos,tend,tend,NL
tendemos,tendemos,tend,tend,NL
tendemos,tendemos,tend,tend,NL
tendemos,tendemos,tend,tend,NL
tendemos,tendemos,tend,tend,NL
tendemos,tendemos,tend,tend,NL
tendemos,tendemos,tend,tend,NL
tendemos,tendemos,tend,tend,NL
tendemos,tendemos,tend,tend,NL
tendemos,tendemos,tend,tend,NL
tendemos,tendemos,tend,tend,NL
tendemos,tendemos,tend,tend,NL
tendemos,tendemos,tend,tend,NL
tendemos,tendemos,tend,tend,NL
tendemos,tendemos,tend,tend,NL
tendemos,tendemos,tend,tend,NL
tendemos,tendemos,tend,tend,NL
tendemos,tendemos,tend,tend,NL
tendemos,tendemos,tend,tend,NL
tendemos,tendemos,tend,tend,NL
tendemos,tendemos,tend,tend,NL
tendemos,tendemos,tend,tend,NL
tendemos,tendemos,tend,tend,NL
tendemos,tendemos,tend,tend,NL
tendemos,tendemos,tend,tend,NL
tendemos,tendemos,tend,tend,NL
tendemos,tendemos,tend,tend,NL
tendemos,tendemos,tend,tend,NL
tendemos,tendemos,tend,tend,NL
tendemos,tendemos,tend,tend,NL
tendemos,tendemos,tend,tend,NL
tendemos,tendemos,tend,tend,NL
tendemos,tendemos,tend,tend,NL
tendemos,tendemos,tend,tend,NL
tendemos,tendemos,tend,tend,NL
tendemos,tendemos,tend,tend,NL
tjendan,tjendan,tjend,tjend,NL
tjendan,tjendan,tjend,tjend,NL
tjendan,tjendan,tjend,tjend,NL
tjendan,tjendan,tjend,tjend,NL
tjendan,tjendan,tjend,tjend,NL
tjendan,tjendan,tjend,tjend,NL
tjendan,tjendan,tjend,tjend,NL
tjendan,tjendan,tjend,tjend,NL
tjendan,tjendan,tjend,tjend,NL
tjendan,tjendan,tjend,tjend,NL
tjendan,tjendan,tjend,tjend,NL
tjendan,tjendan,tjend,tjend,NL
tjendan,tjendan,tjend,tjend,NL
tjendan,tjendan,tjend,tjend,NL
tjendan,tjendan,tjend,tjend,NL
tjendan,tjendan,tjend,tjend,NL
tjendan,tjendan,tjend,tjend,NL
tjendan,tjendan,tjend,tjend,NL
tjendan,tjendan,tjend,tjend,NL
tjendan,tjendan,tjend,tjend,NL
tjendan,tjendan,tjend,tjend,NL
tjendan,tjendan,tjend,tjend,NL
tjendan,tjendan,tjend,tjend,NL
tjendan,tjendan,tjend,tjend,NL
tjendan,tjendan,tjend,tjend,NL
tjendan,tjendan,tjend,tjend,NL
tjendan,tjendan,tjend,tjend,NL
tjendan,tjendan,tjend,tjend,NL
tjendan,tjendan,tjend,tjend,NL
tjendan,tjendan,tjend,tjend,NL
tjendan,tjendan,tjend,tjend,NL
tjendan,tjendan,tjend,tjend,NL
tjendan,tjendan,tjend,tjend,NL
tjendan,tjendan,tjend,tjend,NL
tjendan,tjendan,tjend,tjend,NL
tjendan,tjendan,tjend,tjend,NL
tjendan,tjendan,tjend,tjend,NL
tjendan,tjendan,tjend,tjend,NL
tjendan,tjendan,tjend,tjend,NL
tjendan,tjendan,tjend,tjend,NL
tjendan,tjendan,tjend,tjend,NL
tjendan,tjendan,tjend,tjend,NL
tjendan,tjendan,tjend,tjend,NL
tjendan,tjendan,tjend,tjend,NL
tjendan,tjendan,tjend,tjend,NL
tjendan,tjendan,tjend,tjend,NL
tjendan,tjendan,tjend,tjend,NL
tjendan,tjendan,tjend,tjend,NL
tjendan,tjendan,tjend,tjend,NL
tjendan,tjendan,tjend,tjend,NL
tjendan,tjendan,tjend,tjend,NL
tjendan,tjendan,tjend,tjend,NL
tjendan,tjendan,tjend,tjend,NL
tjendan,tjendan,tjend,tjend,NL
tjendan,tjendan,tjend,tjend,NL
tjendas,tjendas,tjend,tjend,NL
tjendas,tjendas,tjend,tjend,NL
tjendas,tjendas,tjend,tjend,NL
tjendas,tjendas,tjend,tjend,NL
tjendas,tjendas,tjend,tjend,NL
tjendas,tjendas,tjend,tjend,NL
tjendas,tjendas,tjend,tjend,NL
tjendas,tjendas,tjend,tjend,NL
tjendas,tjendas,tjend,tjend,NL
tjendas,tjendas,tjend,tjend,NL
tjendas,tjendas,tjend,tjend,NL
tjendas,tjendas,tjend,tjend,NL
tjendas,tjendas,tjend,tjend,NL
tjendas,tjendas,tjend,tjend,NL
tjendas,tjendas,tjend,tjend,NL
tjendas,tjendas,tjend,tjend,NL
tjendas,tjendas,tjend,tjend,NL
tjendas,tjendas,tjend,tjend,NL
tjendas,tjendas,tjend,tjend,NL
tjendas,tjendas,tjend,tjend,NL
tjendas,tjendas,tjend,tjend,NL
tjendas,tjendas,tjend,tjend,NL
tjendas,tjendas,tjend,tjend,NL
tjendas,tjendas,tjend,tjend,NL
tjendas,tjendas,tjend,tjend,NL
tjendas,tjendas,tjend,tjend,NL
tjendas,tjendas,tjend,tjend,NL
tjendas,tjendas,tjend,tjend,NL
tjendas,tjendas,tjend,tjend,NL
tjendas,tjendas,tjend,tjend,NL
tjendas,tjendas,tjend,tjend,NL
tjendas,tjendas,tjend,tjend,NL
tjendas,tjendas,tjend,tjend,NL
tjendas,tjendas,tjend,tjend,NL
tjendas,tjendas,tjend,tjend,NL
tjendas,tjendas,tjend,tjend,NL
tjendas,tjendas,tjend,tjend,NL
tjendas,tjendas,tjend,tjend,NL
tjendas,tjendas,tjend,tjend,NL
tjendas,tjendas,tjend,tjend,NL
tjendas,tjendas,tjend,tjend,NL
tjendas,tjendas,tjend,tjend,NL
tjendas,tjendas,tjend,tjend,NL
tjendas,tjendas,tjend,tjend,NL
tjendas,tjendas,tjend,tjend,NL
tjendas,tjendas,tjend,tjend,NL
tjendas,tjendas,tjend,tjend,NL
tjendas,tjendas,tjend,tjend,NL
tjendas,tjendas,tjend,tjend,NL
tjendas,tjendas,tjend,tjend,NL
tjendas,tjendas,tjend,tjend,NL
tjendas,tjendas,tjend,tjend,NL
tjendas,tjendas,tjend,tjend,NL
tjendas,tjendas,tjend,tjend,NL
tjendas,tjendas,tjend,tjend,NL
tjenda,tjenda,tjend,tjend,NL
tjenda,tjenda,tjend,tjend,NL
tjenda,tjenda,tjend,tjend,NL
tjenda,tjenda,tjend,tjend,NL
tjenda,tjenda,tjend,tjend,NL
tjenda,tjenda,tjend,tjend,NL
tjenda,tjenda,tjend,tjend,NL
tjenda,tjenda,tjend,tjend,NL
tjenda,tjenda,tjend,tjend,NL
tjenda,tjenda,tjend,tjend,NL
tjenda,tjenda,tjend,tjend,NL
tjenda,tjenda,tjend,tjend,NL
tjenda,tjenda,tjend,tjend,NL
tjenda,tjenda,tjend,tjend,NL
tjenda,tjenda,tjend,tjend,NL
tjenda,tjenda,tjend,tjend,NL
tjenda,tjenda,tjend,tjend,NL
tjenda,tjenda,tjend,tjend,NL
tjenda,tjenda,tjend,tjend,NL
tjenda,tjenda,tjend,tjend,NL
tjenda,tjenda,tjend,tjend,NL
tjenda,tjenda,tjend,tjend,NL
tjenda,tjenda,tjend,tjend,NL
tjenda,tjenda,tjend,tjend,NL
tjenda,tjenda,tjend,tjend,NL
tjenda,tjenda,tjend,tjend,NL
tjenda,tjenda,tjend,tjend,NL
tjenda,tjenda,tjend,tjend,NL
tjenda,tjenda,tjend,tjend,NL
tjenda,tjenda,tjend,tjend,NL
tjenda,tjenda,tjend,tjend,NL
tjenda,tjenda,tjend,tjend,NL
tjenda,tjenda,tjend,tjend,NL
tjenda,tjenda,tjend,tjend,NL
tjenda,tjenda,tjend,tjend,NL
tjenda,tjenda,tjend,tjend,NL
tjenda,tjenda,tjend,tjend,NL
tjenda,tjenda,tjend,tjend,NL
tjenda,tjenda,tjend,tjend,NL
tjenda,tjenda,tjend,tjend,NL
tjenda,tjenda,tjend,tjend,NL
tjenda,tjenda,tjend,tjend,NL
tjenda,tjenda,tjend,tjend,NL
tjenda,tjenda,tjend,tjend,NL
tjenda,tjenda,tjend,tjend,NL
tjenda,tjenda,tjend,tjend,NL
tjenda,tjenda,tjend,tjend,NL
tjenda,tjenda,tjend,tjend,NL
tjenda,tjenda,tjend,tjend,NL
tjenda,tjenda,tjend,tjend,NL
tjenda,tjenda,tjend,tjend,NL
tjenda,tjenda,tjend,tjend,NL
tjenda,tjenda,tjend,tjend,NL
tjenda,tjenda,tjend,tjend,NL
tjenda,tjenda,tjend,tjend,NL
tjenda,tjenda,tjend,tjend,NL
tjenda,tjenda,tjend,tjend,NL
tjenda,tjenda,tjend,tjend,NL
tjenda,tjenda,tjend,tjend,NL
tjenda,tjenda,tjend,tjend,NL
tjenda,tjenda,tjend,tjend,NL
tjenda,tjenda,tjend,tjend,NL
tjenda,tjenda,tjend,tjend,NL
tjenda,tjenda,tjend,tjend,NL
tjenda,tjenda,tjend,tjend,NL
tjenda,tjenda,tjend,tjend,NL
tjenda,tjenda,tjend,tjend,NL
tjenda,tjenda,tjend,tjend,NL
tjenda,tjenda,tjend,tjend,NL
tjenda,tjenda,tjend,tjend,NL
tjenda,tjenda,tjend,tjend,NL
tjenda,tjenda,tjend,tjend,NL
tjenda,tjenda,tjend,tjend,NL
tjenda,tjenda,tjend,tjend,NL
tjenda,tjenda,tjend,tjend,NL
tjenda,tjenda,tjend,tjend,NL
tjenda,tjenda,tjend,tjend,NL
tjenda,tjenda,tjend,tjend,NL
tjenda,tjenda,tjend,tjend,NL
tjenda,tjenda,tjend,tjend,NL
tjenda,tjenda,tjend,tjend,NL
tjenda,tjenda,tjend,tjend,NL
tjenda,tjenda,tjend,tjend,NL
tjenda,tjenda,tjend,tjend,NL
tjenda,tjenda,tjend,tjend,NL
tjenda,tjenda,tjend,tjend,NL
tjenda,tjenda,tjend,tjend,NL
tjenda,tjenda,tjend,tjend,NL
tjenda,tjenda,tjend,tjend,NL
tjenda,tjenda,tjend,tjend,NL
tjenda,tjenda,tjend,tjend,NL
tjenda,tjenda,tjend,tjend,NL
tjenda,tjenda,tjend,tjend,NL
tjenda,tjenda,tjend,tjend,NL
tjenda,tjenda,tjend,tjend,NL
tjenda,tjenda,tjend,tjend,NL
tjenda,tjenda,tjend,tjend,NL
tjenda,tjenda,tjend,tjend,NL
tjenda,tjenda,tjend,tjend,NL
tjenda,tjenda,tjend,tjend,NL
tjenda,tjenda,tjend,tjend,NL
tjenda,tjenda,tjend,tjend,NL
tjenda,tjenda,tjend,tjend,NL
tjenda,tjenda,tjend,tjend,NL
tjenda,tjenda,tjend,tjend,NL
tjenda,tjenda,tjend,tjend,NL
tjenda,tjenda,tjend,tjend,NL
tjenda,tjenda,tjend,tjend,NL
tjenda,tjenda,tjend,tjend,NL
tjenda,tjenda,tjend,tjend,NL
tjenden,tjenden,tjend,tjend,NL
tjenden,tjenden,tjend,tjend,NL
tjenden,tjenden,tjend,tjend,NL
tjenden,tjenden,tjend,tjend,NL
tjenden,tjenden,tjend,tjend,NL
tjenden,tjenden,tjend,tjend,NL
tjenden,tjenden,tjend,tjend,NL
tjenden,tjenden,tjend,tjend,NL
tjenden,tjenden,tjend,tjend,NL
tjenden,tjenden,tjend,tjend,NL
tjenden,tjenden,tjend,tjend,NL
tjenden,tjenden,tjend,tjend,NL
tjenden,tjenden,tjend,tjend,NL
tjenden,tjenden,tjend,tjend,NL
tjenden,tjenden,tjend,tjend,NL
tjenden,tjenden,tjend,tjend,NL
tjenden,tjenden,tjend,tjend,NL
tjenden,tjenden,tjend,tjend,NL
tjenden,tjenden,tjend,tjend,NL
tjenden,tjenden,tjend,tjend,NL
tjenden,tjenden,tjend,tjend,NL
tjenden,tjenden,tjend,tjend,NL
tjenden,tjenden,tjend,tjend,NL
tjenden,tjenden,tjend,tjend,NL
tjenden,tjenden,tjend,tjend,NL
tjenden,tjenden,tjend,tjend,NL
tjenden,tjenden,tjend,tjend,NL
tjenden,tjenden,tjend,tjend,NL
tjenden,tjenden,tjend,tjend,NL
tjenden,tjenden,tjend,tjend,NL
tjenden,tjenden,tjend,tjend,NL
tjenden,tjenden,tjend,tjend,NL
tjenden,tjenden,tjend,tjend,NL
tjenden,tjenden,tjend,tjend,NL
tjenden,tjenden,tjend,tjend,NL
tjenden,tjenden,tjend,tjend,NL
tjenden,tjenden,tjend,tjend,NL
tjenden,tjenden,tjend,tjend,NL
tjenden,tjenden,tjend,tjend,NL
tjenden,tjenden,tjend,tjend,NL
tjenden,tjenden,tjend,tjend,NL
tjenden,tjenden,tjend,tjend,NL
tjenden,tjenden,tjend,tjend,NL
tjenden,tjenden,tjend,tjend,NL
tjenden,tjenden,tjend,tjend,NL
tjenden,tjenden,tjend,tjend,NL
tjenden,tjenden,tjend,tjend,NL
tjenden,tjenden,tjend,tjend,NL
tjenden,tjenden,tjend,tjend,NL
tjenden,tjenden,tjend,tjend,NL
tjenden,tjenden,tjend,tjend,NL
tjenden,tjenden,tjend,tjend,NL
tjenden,tjenden,tjend,tjend,NL
tjenden,tjenden,tjend,tjend,NL
tjenden,tjenden,tjend,tjend,NL
tjendes,tjendes,tjend,tjend,NL
tjendes,tjendes,tjend,tjend,NL
tjendes,tjendes,tjend,tjend,NL
tjendes,tjendes,tjend,tjend,NL
tjendes,tjendes,tjend,tjend,NL
tjendes,tjendes,tjend,tjend,NL
tjendes,tjendes,tjend,tjend,NL
tjendes,tjendes,tjend,tjend,NL
tjendes,tjendes,tjend,tjend,NL
tjendes,tjendes,tjend,tjend,NL
tjendes,tjendes,tjend,tjend,NL
tjendes,tjendes,tjend,tjend,NL
tjendes,tjendes,tjend,tjend,NL
tjendes,tjendes,tjend,tjend,NL
tjendes,tjendes,tjend,tjend,NL
tjendes,tjendes,tjend,tjend,NL
tjendes,tjendes,tjend,tjend,NL
tjendes,tjendes,tjend,tjend,NL
tjendes,tjendes,tjend,tjend,NL
tjendes,tjendes,tjend,tjend,NL
tjendes,tjendes,tjend,tjend,NL
tjendes,tjendes,tjend,tjend,NL
tjendes,tjendes,tjend,tjend,NL
tjendes,tjendes,tjend,tjend,NL
tjendes,tjendes,tjend,tjend,NL
tjendes,tjendes,tjend,tjend,NL
tjendes,tjendes,tjend,tjend,NL
tjendes,tjendes,tjend,tjend,NL
tjendes,tjendes,tjend,tjend,NL
tjendes,tjendes,tjend,tjend,NL
tjendes,tjendes,tjend,tjend,NL
tjendes,tjendes,tjend,tjend,NL
tjendes,tjendes,tjend,tjend,NL
tjendes,tjendes,tjend,tjend,NL
tjendes,tjendes,tjend,tjend,NL
tjendes,tjendes,tjend,tjend,NL
tjendes,tjendes,tjend,tjend,NL
tjendes,tjendes,tjend,tjend,NL
tjendes,tjendes,tjend,tjend,NL
tjendes,tjendes,tjend,tjend,NL
tjendes,tjendes,tjend,tjend,NL
tjendes,tjendes,tjend,tjend,NL
tjendes,tjendes,tjend,tjend,NL
tjendes,tjendes,tjend,tjend,NL
tjendes,tjendes,tjend,tjend,NL
tjendes,tjendes,tjend,tjend,NL
tjendes,tjendes,tjend,tjend,NL
tjendes,tjendes,tjend,tjend,NL
tjendes,tjendes,tjend,tjend,NL
tjendes,tjendes,tjend,tjend,NL
tjendes,tjendes,tjend,tjend,NL
tjendes,tjendes,tjend,tjend,NL
tjendes,tjendes,tjend,tjend,NL
tjendes,tjendes,tjend,tjend,NL
tjendes,tjendes,tjend,tjend,NL
tjende,tjende,tjend,tjend,NL
tjende,tjende,tjend,tjend,NL
tjende,tjende,tjend,tjend,NL
tjende,tjende,tjend,tjend,NL
tjende,tjende,tjend,tjend,NL
tjende,tjende,tjend,tjend,NL
tjende,tjende,tjend,tjend,NL
tjende,tjende,tjend,tjend,NL
tjende,tjende,tjend,tjend,NL
tjende,tjende,tjend,tjend,NL
tjende,tjende,tjend,tjend,NL
tjende,tjende,tjend,tjend,NL
tjende,tjende,tjend,tjend,NL
tjende,tjende,tjend,tjend,NL
tjende,tjende,tjend,tjend,NL
tjende,tjende,tjend,tjend,NL
tjende,tjende,tjend,tjend,NL
tjende,tjende,tjend,tjend,NL
tjende,tjende,tjend,tjend,NL
tjende,tjende,tjend,tjend,NL
tjende,tjende,tjend,tjend,NL
tjende,tjende,tjend,tjend,NL
tjende,tjende,tjend,tjend,NL
tjende,tjende,tjend,tjend,NL
tjende,tjende,tjend,tjend,NL
tjende,tjende,tjend,tjend,NL
tjende,tjende,tjend,tjend,NL
tjende,tjende,tjend,tjend,NL
tjende,tjende,tjend,tjend,NL
tjende,tjende,tjend,tjend,NL
tjende,tjende,tjend,tjend,NL
tjende,tjende,tjend,tjend,NL
tjende,tjende,tjend,tjend,NL
tjende,tjende,tjend,tjend,NL
tjende,tjende,tjend,tjend,NL
tjende,tjende,tjend,tjend,NL
tjende,tjende,tjend,tjend,NL
tjende,tjende,tjend,tjend,NL
tjende,tjende,tjend,tjend,NL
tjende,tjende,tjend,tjend,NL
tjende,tjende,tjend,tjend,NL
tjende,tjende,tjend,tjend,NL
tjende,tjende,tjend,tjend,NL
tjende,tjende,tjend,tjend,NL
tjende,tjende,tjend,tjend,NL
tjende,tjende,tjend,tjend,NL
tjende,tjende,tjend,tjend,NL
tjende,tjende,tjend,tjend,NL
tjende,tjende,tjend,tjend,NL
tjende,tjende,tjend,tjend,NL
tjende,tjende,tjend,tjend,NL
tjende,tjende,tjend,tjend,NL
tjende,tjende,tjend,tjend,NL
tjende,tjende,tjend,tjend,NL
tjende,tjende,tjend,tjend,NL
tjendo,tjendo,tjend,tjend,NL
tjendo,tjendo,tjend,tjend,NL
tjendo,tjendo,tjend,tjend,NL
tjendo,tjendo,tjend,tjend,NL
tjendo,tjendo,tjend,tjend,NL
tjendo,tjendo,tjend,tjend,NL
tjendo,tjendo,tjend,tjend,NL
tjendo,tjendo,tjend,tjend,NL
tjendo,tjendo,tjend,tjend,NL
tjendo,tjendo,tjend,tjend,NL
tjendo,tjendo,tjend,tjend,NL
tjendo,tjendo,tjend,tjend,NL
tjendo,tjendo,tjend,tjend,NL
tjendo,tjendo,tjend,tjend,NL
tjendo,tjendo,tjend,tjend,NL
tjendo,tjendo,tjend,tjend,NL
tjendo,tjendo,tjend,tjend,NL
tjendo,tjendo,tjend,tjend,NL
tjendo,tjendo,tjend,tjend,NL
tjendo,tjendo,tjend,tjend,NL
tjendo,tjendo,tjend,tjend,NL
tjendo,tjendo,tjend,tjend,NL
tjendo,tjendo,tjend,tjend,NL
tjendo,tjendo,tjend,tjend,NL
tjendo,tjendo,tjend,tjend,NL
tjendo,tjendo,tjend,tjend,NL
tjendo,tjendo,tjend,tjend,NL
tjendo,tjendo,tjend,tjend,NL
tjendo,tjendo,tjend,tjend,NL
tjendo,tjendo,tjend,tjend,NL
tjendo,tjendo,tjend,tjend,NL
tjendo,tjendo,tjend,tjend,NL
tjendo,tjendo,tjend,tjend,NL
tjendo,tjendo,tjend,tjend,NL
tjendo,tjendo,tjend,tjend,NL
tjendo,tjendo,tjend,tjend,NL
tjendo,tjendo,tjend,tjend,NL
tjendo,tjendo,tjend,tjend,NL
tjendo,tjendo,tjend,tjend,NL
tjendo,tjendo,tjend,tjend,NL
tjendo,tjendo,tjend,tjend,NL
tjendo,tjendo,tjend,tjend,NL
tjendo,tjendo,tjend,tjend,NL
tjendo,tjendo,tjend,tjend,NL
tjendo,tjendo,tjend,tjend,NL
tjendo,tjendo,tjend,tjend,NL
tjendo,tjendo,tjend,tjend,NL
tjendo,tjendo,tjend,tjend,NL
tjendo,tjendo,tjend,tjend,NL
tjendo,tjendo,tjend,tjend,NL
tjendo,tjendo,tjend,tjend,NL
tjendo,tjendo,tjend,tjend,NL
tjendo,tjendo,tjend,tjend,NL
tjendo,tjendo,tjend,tjend,NL
tjendo,tjendo,tjend,tjend,NL
kolektajs,kolektajs,kolekt,kolekt,NL
kolektajs,kolektajs,kolekt,kolekt,NL
kolektajs,kolektajs,kolekt,kolekt,NL
kolektajs,kolektajs,kolekt,kolekt,NL
kolektajs,kolektajs,kolekt,kolekt,NL
kolektajs,kolektajs,kolekt,kolekt,NL
kolektajs,kolektajs,kolekt,kolekt,NL
kolektajs,kolektajs,kolekt,kolekt,NL
kolektajs,kolektajs,kolekt,kolekt,NL
kolektajs,kolektajs,kolekt,kolekt,NL
kolektajs,kolektajs,kolekt,kolekt,NL
kolektajs,kolektajs,kolekt,kolekt,NL
kolektajs,kolektajs,kolekt,kolekt,NL
kolektajs,kolektajs,kolekt,kolekt,NL
kolektajs,kolektajs,kolekt,kolekt,NL
kolektajs,kolektajs,kolekt,kolekt,NL
kolektajs,kolektajs,kolekt,kolekt,NL
kolektajs,kolektajs,kolekt,kolekt,NL
kolektajs,kolektajs,kolekt,kolekt,NL
kolektajs,kolektajs,kolekt,kolekt,NL
kolektajs,kolektajs,kolekt,kolekt,NL
kolektajs,kolektajs,kolekt,kolekt,NL
kolektajs,kolektajs,kolekt,kolekt,NL
kolektajs,kolektajs,kolekt,kolekt,NL
kolektajs,kolektajs,kolekt,kolekt,NL
kolektajs,kolektajs,kolekt,kolekt,NL
kolektajs,kolektajs,kolekt,kolekt,NL
kolektajs,kolektajs,kolekt,kolekt,NL
kolektajs,kolektajs,kolekt,kolekt,NL
kolektajs,kolektajs,kolekt,kolekt,NL
kolektajs,kolektajs,kolekt,kolekt,NL
kolektajs,kolektajs,kolekt,kolekt,NL
kolektajs,kolektajs,kolekt,kolekt,NL
kolektajs,kolektajs,kolekt,kolekt,NL
kolektajs,kolektajs,kolekt,kolekt,NL
kolektajs,kolektajs,kolekt,kolekt,NL
kolektajs,kolektajs,kolekt,kolekt,NL
kolektajs,kolektajs,kolekt,kolekt,NL
kolektajs,kolektajs,kolekt,kolekt,NL
kolektajs,kolektajs,kolekt,kolekt,NL
kolektajs,kolektajs,kolekt,kolekt,NL
kolektajs,kolektajs,kolekt,kolekt,NL
kolektajs,kolektajs,kolekt,kolekt,NL
kolektajs,kolektajs,kolekt,kolekt,NL
kolektajs,kolektajs,kolekt,kolekt,NL
kolektajs,kolektajs,kolekt,kolekt,NL
kolektajs,kolektajs,kolekt,kolekt,NL
kolektajs,kolektajs,kolekt,kolekt,NL
kolektajs,kolektajs,kolekt,kolekt,NL
kolektajs,kolektajs,kolekt,kolekt,NL
kolektajs,kolektajs,kolekt,kolekt,NL
kolektajs,kolektajs,kolekt,kolekt,NL
kolektajs,kolektajs,kolekt,kolekt,NL
kolektajs,kolektajs,kolekt,kolekt,NL
kolektajs,kolektajs,kolekt,kolekt,NL
kolektamos,kolektamos,kolekt,kolekt,NL
kolektamos,kolektamos,kolekt,kolekt,NL
kolektamos,kolektamos,kolekt,kolekt,NL
kolektamos,kolektamos,kolekt,kolekt,NL
kolektamos,kolektamos,kolekt,kolekt,NL
kolektamos,kolektamos,kolekt,kolekt,NL
kolektamos,kolektamos,kolekt,kolekt,NL
kolektamos,kolektamos,kolekt,kolekt,NL
kolektamos,kolektamos,kolekt,kolekt,NL
kolektamos,kolektamos,kolekt,kolekt,NL
kolektamos,kolektamos,kolekt,kolekt,NL
kolektamos,kolektamos,kolekt,kolekt,NL
kolektamos,kolektamos,kolekt,kolekt,NL
kolektamos,kolektamos,kolekt,kolekt,NL
kolektamos,kolektamos,kolekt,kolekt,NL
kolektamos,kolektamos,kolekt,kolekt,NL
kolektamos,kolektamos,kolekt,kolekt,NL
kolektamos,kolektamos,kolekt,kolekt,NL
kolektamos,kolektamos,kolekt,kolekt,NL
kolektamos,kolektamos,kolekt,kolekt,NL
kolektamos,kolektamos,kolekt,kolekt,NL
kolektamos,kolektamos,kolekt,kolekt,NL
kolektamos,kolektamos,kolekt,kolekt,NL
kolektamos,kolektamos,kolekt,kolekt,NL
kolektamos,kolektamos,kolekt,kolekt,NL
kolektamos,kolektamos,kolekt,kolekt,NL
kolektamos,kolektamos,kolekt,kolekt,NL
kolektamos,kolektamos,kolekt,kolekt,NL
kolektamos,kolektamos,kolekt,kolekt,NL
kolektamos,kolektamos,kolekt,kolekt,NL
kolektamos,kolektamos,kolekt,kolekt,NL
kolektamos,kolektamos,kolekt,kolekt,NL
kolektamos,kolektamos,kolekt,kolekt,NL
kolektamos,kolektamos,kolekt,kolekt,NL
kolektamos,kolektamos,kolekt,kolekt,NL
kolektamos,kolektamos,kolekt,kolekt,NL
kolektamos,kolektamos,kolekt,kolekt,NL
kolektamos,kolektamos,kolekt,kolekt,NL
kolektamos,kolektamos,kolekt,kolekt,NL
kolektamos,kolektamos,kolekt,kolekt,NL
kolektamos,kolektamos,kolekt,kolekt,NL
kolektamos,kolektamos,kolekt,kolekt,NL
kolektamos,kolektamos,kolekt,kolekt,NL
kolektamos,kolektamos,kolekt,kolekt,NL
kolektamos,kolektamos,kolekt,kolekt,NL
kolektamos,kolektamos,kolekt,kolekt,NL
kolektamos,kolektamos,kolekt,kolekt,NL
kolektamos,kolektamos,kolekt,kolekt,NL
kolektamos,kolektamos,kolekt,kolekt,NL
kolektamos,kolektamos,kolekt,kolekt,NL
kolektamos,kolektamos,kolekt,kolekt,NL
kolektamos,kolektamos,kolekt,kolekt,NL
kolektamos,kolektamos,kolekt,kolekt,NL
kolektamos,kolektamos,kolekt,kolekt,NL
kolektamos,kolektamos,kolekt,kolekt,NL
kolektan,kolektan,kolekt,kolekt,NL
kolektan,kolektan,kolekt,kolekt,NL
kolektan,kolektan,kolekt,kolekt,NL
kolektan,kolektan,kolekt,kolekt,NL
kolektan,kolektan,kolekt,kolekt,NL
kolektan,kolektan,kolekt,kolekt,NL
kolektan,kolektan,kolekt,kolekt,NL
kolektan,kolektan,kolekt,kolekt,NL
kolektan,kolektan,kolekt,kolekt,NL
kolektan,kolektan,kolekt,kolekt,NL
kolektan,kolektan,kolekt,kolekt,NL
kolektan,kolektan,kolekt,kolekt,NL
kolektan,kolektan,kolekt,kolekt,NL
kolektan,kolektan,kolekt,kolekt,NL
kolektan,kolektan,kolekt,kolekt,NL
kolektan,kolektan,kolekt,kolekt,NL
kolektan,kolektan,kolekt,kolekt,NL
kolektan,kolektan,kolekt,kolekt,NL
kolektan,kolektan,kolekt,kolekt,NL
kolektan,kolektan,kolekt,kolekt,NL
kolektan,kolektan,kolekt,kolekt,NL
kolektan,kolektan,kolekt,kolekt,NL
kolektan,kolektan,kolekt,kolekt,NL
kolektan,kolektan,kolekt,kolekt,NL
kolektan,kolektan,kolekt,kolekt,NL
kolektan,kolektan,kolekt,kolekt,NL
kolektan,kolektan,kolekt,kolekt,NL
kolektan,kolektan,kolekt,kolekt,NL
kolektan,kolektan,kolekt,kolekt,NL
kolektan,kolektan,kolekt,kolekt,NL
kolektan,kolektan,kolekt,kolekt,NL
kolektan,kolektan,kolekt,kolekt,NL
kolektan,kolektan,kolekt,kolekt,NL
kolektan,kolektan,kolekt,kolekt,NL
kolektan,kolektan,kolekt,kolekt,NL
kolektan,kolektan,kolekt,kolekt,NL
kolektan,kolektan,kolekt,kolekt,NL
kolektan,kolektan,kolekt,kolekt,NL
kolektan,kolektan,kolekt,kolekt,NL
kolektan,kolektan,kolekt,kolekt,NL
kolektan,kolektan,kolekt,kolekt,NL
kolektan,kolektan,kolekt,kolekt,NL
kolektan,kolektan,kolekt,kolekt,NL
kolektan,kolektan,kolekt,kolekt,NL
kolektan,kolektan,kolekt,kolekt,NL
kolektan,kolektan,kolekt,kolekt,NL
kolektan,kolektan,kolekt,kolekt,NL
kolektan,kolektan,kolekt,kolekt,NL
kolektan,kolektan,kolekt,kolekt,NL
kolektan,kolektan,kolekt,kolekt,NL
kolektan,kolektan,kolekt,kolekt,NL
kolektan,kolektan,kolekt,kolekt,NL
kolektan,kolektan,kolekt,kolekt,NL
kolektan,kolektan,kolekt,kolekt,NL
kolektan,kolektan,kolekt,kolekt,NL
kolektas,kolektas,kolekt,kolekt,NL
kolektas,kolektas,kolekt,kolekt,NL
kolektas,kolektas,kolekt,kolekt,NL
kolektas,kolektas,kolekt,kolekt,NL
kolektas,kolektas,kolekt,kolekt,NL
kolektas,kolektas,kolekt,kolekt,NL
kolektas,kolektas,kolekt,kolekt,NL
kolektas,kolektas,kolekt,kolekt,NL
kolektas,kolektas,kolekt,kolekt,NL
kolektas,kolektas,kolekt,kolekt,NL
kolektas,kolektas,kolekt,kolekt,NL
kolektas,kolektas,kolekt,kolekt,NL
kolektas,kolektas,kolekt,kolekt,NL
kolektas,kolektas,kolekt,kolekt,NL
kolektas,kolektas,kolekt,kolekt,NL
kolektas,kolektas,kolekt,kolekt,NL
kolektas,kolektas,kolekt,kolekt,NL
kolektas,kolektas,kolekt,kolekt,NL
kolektas,kolektas,kolekt,kolekt,NL
kolektas,kolektas,kolekt,kolekt,NL
kolektas,kolektas,kolekt,kolekt,NL
kolektas,kolektas,kolekt,kolekt,NL
kolektas,kolektas,kolekt,kolekt,NL
kolektas,kolektas,kolekt,kolekt,NL
kolektas,kolektas,kolekt,kolekt,NL
kolektas,kolektas,kolekt,kolekt,NL
kolektas,kolektas,kolekt,kolekt,NL
kolektas,kolektas,kolekt,kolekt,NL
kolektas,kolektas,kolekt,kolekt,NL
kolektas,kolektas,kolekt,kolekt,NL
kolektas,kolektas,kolekt,kolekt,NL
kolektas,kolektas,kolekt,kolekt,NL
kolektas,kolektas,kolekt,kolekt,NL
kolektas,kolektas,kolekt,kolekt,NL
kolektas,kolektas,kolekt,kolekt,NL
kolektas,kolektas,kolekt,kolekt,NL
kolektas,kolektas,kolekt,kolekt,NL
kolektas,kolektas,kolekt,kolekt,NL
kolektas,kolektas,kolekt,kolekt,NL
kolektas,kolektas,kolekt,kolekt,NL
kolektas,kolektas,kolekt,kolekt,NL
kolektas,kolektas,kolekt,kolekt,NL
kolektas,kolektas,kolekt,kolekt,NL
kolektas,kolektas,kolekt,kolekt,NL
kolektas,kolektas,kolekt,kolekt,NL
kolektas,kolektas,kolekt,kolekt,NL
kolektas,kolektas,kolekt,kolekt,NL
kolektas,kolektas,kolekt,kolekt,NL
kolektas,kolektas,kolekt,kolekt,NL
kolektas,kolektas,kolekt,kolekt,NL
kolektas,kolektas,kolekt,kolekt,NL
kolektas,kolektas,kolekt,kolekt,NL
kolektas,kolektas,kolekt,kolekt,NL
kolektas,kolektas,kolekt,kolekt,NL
kolektas,kolektas,kolekt,kolekt,NL
kolekta,kolekta,kolekt,kolekt,NL
kolekta,kolekta,kolekt,kolekt,NL
kolekta,kolekta,kolekt,kolekt,NL
kolekta,kolekta,kolekt,kolekt,NL
kolekta,kolekta,kolekt,kolekt,NL
kolekta,kolekta,kolekt,kolekt,NL
kolekta,kolekta,kolekt,kolekt,NL
kolekta,kolekta,kolekt,kolekt,NL
kolekta,kolekta,kolekt,kolekt,NL
kolekta,kolekta,kolekt,kolekt,NL
kolekta,kolekta,kolekt,kolekt,NL
kolekta,kolekta,kolekt,kolekt,NL
kolekta,kolekta,kolekt,kolekt,NL
kolekta,kolekta,kolekt,kolekt,NL
kolekta,kolekta,kolekt,kolekt,NL
kolekta,kolekta,kolekt,kolekt,NL
kolekta,kolekta,kolekt,kolekt,NL
kolekta,kolekta,kolekt,kolekt,NL
kolekta,kolekta,kolekt,kolekt,NL
kolekta,kolekta,kolekt,kolekt,NL
kolekta,kolekta,kolekt,kolekt,NL
kolekta,kolekta,kolekt,kolekt,NL
kolekta,kolekta,kolekt,kolekt,NL
kolekta,kolekta,kolekt,kolekt,NL
kolekta,kolekta,kolekt,kolekt,NL
kolekta,kolekta,kolekt,kolekt,NL
kolekta,kolekta,kolekt,kolekt,NL
kolekta,kolekta,kolekt,kolekt,NL
kolekta,kolekta,kolekt,kolekt,NL
kolekta,kolekta,kolekt,kolekt,NL
kolekta,kolekta,kolekt,kolekt,NL
kolekta,kolekta,kolekt,kolekt,NL
kolekta,kolekta,kolekt,kolekt,NL
kolekta,kolekta,kolekt,kolekt,NL
kolekta,kolekta,kolekt,kolekt,NL
kolekta,kolekta,kolekt,kolekt,NL
kolekta,kolekta,kolekt,kolekt,NL
kolekta,kolekta,kolekt,kolekt,NL
kolekta,kolekta,kolekt,kolekt,NL
kolekta,kolekta,kolekt,kolekt,NL
kolekta,kolekta,kolekt,kolekt,NL
kolekta,kolekta,kolekt,kolekt,NL
kolekta,kolekta,kolekt,kolekt,NL
kolekta,kolekta,kolekt,kolekt,NL
kolekta,kolekta,kolekt,kolekt,NL
kolekta,kolekta,kolekt,kolekt,NL
kolekta,kolekta,kolekt,kolekt,NL
kolekta,kolekta,kolekt,kolekt,NL
kolekta,kolekta,kolekt,kolekt,NL
kolekta,kolekta,kolekt,kolekt,NL
kolekta,kolekta,kolekt,kolekt,NL
kolekta,kolekta,kolekt,kolekt,NL
kolekta,kolekta,kolekt,kolekt,NL
kolekta,kolekta,kolekt,kolekt,NL
kolekta,kolekta,kolekt,kolekt,NL
kolektejs,kolektejs,kolekt,kolekt,NL
kolektejs,kolektejs,kolekt,kolekt,NL
kolektejs,kolektejs,kolekt,kolekt,NL
kolektejs,kolektejs,kolekt,kolekt,NL
kolektejs,kolektejs,kolekt,kolekt,NL
kolektejs,kolektejs,kolekt,kolekt,NL
kolektejs,kolektejs,kolekt,kolekt,NL
kolektejs,kolektejs,kolekt,kolekt,NL
kolektejs,kolektejs,kolekt,kolekt,NL
kolektejs,kolektejs,kolekt,kolekt,NL
kolektejs,kolektejs,kolekt,kolekt,NL
kolektejs,kolektejs,kolekt,kolekt,NL
kolektejs,kolektejs,kolekt,kolekt,NL
kolektejs,kolektejs,kolekt,kolekt,NL
kolektejs,kolektejs,kolekt,kolekt,NL
kolektejs,kolektejs,kolekt,kolekt,NL
kolektejs,kolektejs,kolekt,kolekt,NL
kolektejs,kolektejs,kolekt,kolekt,NL
kolektejs,kolektejs,kolekt,kolekt,NL
kolektejs,kolektejs,kolekt,kolekt,NL
kolektejs,kolektejs,kolekt,kolekt,NL
kolektejs,kolektejs,kolekt,kolekt,NL
kolektejs,kolektejs,kolekt,kolekt,NL
kolektejs,kolektejs,kolekt,kolekt,NL
kolektejs,kolektejs,kolekt,kolekt,NL
kolektejs,kolektejs,kolekt,kolekt,NL
kolektejs,kolektejs,kolekt,kolekt,NL
kolektejs,kolektejs,kolekt,kolekt,NL
kolektejs,kolektejs,kolekt,kolekt,NL
kolektejs,kolektejs,kolekt,kolekt,NL
kolektejs,kolektejs,kolekt,kolekt,NL
kolektejs,kolektejs,kolekt,kolekt,NL
kolektejs,kolektejs,kolekt,kolekt,NL
kolektejs,kolektejs,kolekt,kolekt,NL
kolektejs,kolektejs,kolekt,kolekt,NL
kolektejs,kolektejs,kolekt,kolekt,NL
kolektejs,kolektejs,kolekt,kolekt,NL
kolektejs,kolektejs,kolekt,kolekt,NL
kolektejs,kolektejs,kolekt,kolekt,NL
kolektejs,kolektejs,kolekt,kolekt,NL
kolektejs,kolektejs,kolekt,kolekt,NL
kolektejs,kolektejs,kolekt,kolekt,NL
kolektejs,kolektejs,kolekt,kolekt,NL
kolektejs,kolektejs,kolekt,kolekt,NL
kolektejs,kolektejs,kolekt,kolekt,NL
kolektejs,kolektejs,kolekt,kolekt,NL
kolektejs,kolektejs,kolekt,kolekt,NL
kolektejs,kolektejs,kolekt,kolekt,NL
kolektejs,kolektejs,kolekt,kolekt,NL
kolektejs,kolektejs,kolekt,kolekt,NL
kolektejs,kolektejs,kolekt,kolekt,NL
kolektejs,kolektejs,kolekt,kolekt,NL
kolektejs,kolektejs,kolekt,kolekt,NL
kolektejs,kolektejs,kolekt,kolekt,NL
kolektejs,kolektejs,kolekt,kolekt,NL
kolektemos,kolektemos,kolekt,kolekt,NL
kolektemos,kolektemos,kolekt,kolekt,NL
kolektemos,kolektemos,kolekt,kolekt,NL
kolektemos,kolektemos,kolekt,kolekt,NL
kolektemos,kolektemos,kolekt,kolekt,NL
kolektemos,kolektemos,kolekt,kolekt,NL
kolektemos,kolektemos,kolekt,kolekt,NL
kolektemos,kolektemos,kolekt,kolekt,NL
kolektemos,kolektemos,kolekt,kolekt,NL
kolektemos,kolektemos,kolekt,kolekt,NL
kolektemos,kolektemos,kolekt,kolekt,NL
kolektemos,kolektemos,kolekt,kolekt,NL
kolektemos,kolektemos,kolekt,kolekt,NL
kolektemos,kolektemos,kolekt,kolekt,NL
kolektemos,kolektemos,kolekt,kolekt,NL
kolektemos,kolektemos,kolekt,kolekt,NL
kolektemos,kolektemos,kolekt,kolekt,NL
kolektemos,kolektemos,kolekt,kolekt,NL
kolektemos,kolektemos,kolekt,kolekt,NL
kolektemos,kolektemos,kolekt,kolekt,NL
kolektemos,kolektemos,kolekt,kolekt,NL
kolektemos,kolektemos,kolekt,kolekt,NL
kolektemos,kolektemos,kolekt,kolekt,NL
kolektemos,kolektemos,kolekt,kolekt,NL
kolektemos,kolektemos,kolekt,kolekt,NL
kolektemos,kolektemos,kolekt,kolekt,NL
kolektemos,kolektemos,kolekt,kolekt,NL
kolektemos,kolektemos,kolekt,kolekt,NL
kolektemos,kolektemos,kolekt,kolekt,NL
kolektemos,kolektemos,kolekt,kolekt,NL
kolektemos,kolektemos,kolekt,kolekt,NL
kolektemos,kolektemos,kolekt,kolekt,NL
kolektemos,kolektemos,kolekt,kolekt,NL
kolektemos,kolektemos,kolekt,kolekt,NL
kolektemos,kolektemos,kolekt,kolekt,NL
kolektemos,kolektemos,kolekt,kolekt,NL
kolektemos,kolektemos,kolekt,kolekt,NL
kolektemos,kolektemos,kolekt,kolekt,NL
kolektemos,kolektemos,kolekt,kolekt,NL
kolektemos,kolektemos,kolekt,kolekt,NL
kolektemos,kolektemos,kolekt,kolekt,NL
kolektemos,kolektemos,kolekt,kolekt,NL
kolektemos,kolektemos,kolekt,kolekt,NL
kolektemos,kolektemos,kolekt,kolekt,NL
kolektemos,kolektemos,kolekt,kolekt,NL
kolektemos,kolektemos,kolekt,kolekt,NL
kolektemos,kolektemos,kolekt,kolekt,NL
kolektemos,kolektemos,kolekt,kolekt,NL
kolektemos,kolektemos,kolekt,kolekt,NL
kolektemos,kolektemos,kolekt,kolekt,NL
kolektemos,kolektemos,kolekt,kolekt,NL
kolektemos,kolektemos,kolekt,kolekt,NL
kolektemos,kolektemos,kolekt,kolekt,NL
kolektemos,kolektemos,kolekt,kolekt,NL
kolektemos,kolektemos,kolekt,kolekt,NL
kolekten,kolekten,kolekt,kolekt,NL
kolekten,kolekten,kolekt,kolekt,NL
kolekten,kolekten,kolekt,kolekt,NL
kolekten,kolekten,kolekt,kolekt,NL
kolekten,kolekten,kolekt,kolekt,NL
kolekten,kolekten,kolekt,kolekt,NL
kolekten,kolekten,kolekt,kolekt,NL
kolekten,kolekten,kolekt,kolekt,NL
kolekten,kolekten,kolekt,kolekt,NL
kolekten,kolekten,kolekt,kolekt,NL
kolekten,kolekten,kolekt,kolekt,NL
kolekten,kolekten,kolekt,kolekt,NL
kolekten,kolekten,kolekt,kolekt,NL
kolekten,kolekten,kolekt,kolekt,NL
kolekten,kolekten,kolekt,kolekt,NL
kolekten,kolekten,kolekt,kolekt,NL
kolekten,kolekten,kolekt,kolekt,NL
kolekten,kolekten,kolekt,kolekt,NL
kolekten,kolekten,kolekt,kolekt,NL
kolekten,kolekten,kolekt,kolekt,NL
kolekten,kolekten,kolekt,kolekt,NL
kolekten,kolekten,kolekt,kolekt,NL
kolekten,kolekten,kolekt,kolekt,NL
kolekten,kolekten,kolekt,kolekt,NL
kolekten,kolekten,kolekt,kolekt,NL
kolekten,kolekten,kolekt,kolekt,NL
kolekten,kolekten,kolekt,kolekt,NL
kolekten,kolekten,kolekt,kolekt,NL
kolekten,kolekten,kolekt,kolekt,NL
kolekten,kolekten,kolekt,kolekt,NL
kolekten,kolekten,kolekt,kolekt,NL
kolekten,kolekten,kolekt,kolekt,NL
kolekten,kolekten,kolekt,kolekt,NL
kolekten,kolekten,kolekt,kolekt,NL
kolekten,kolekten,kolekt,kolekt,NL
kolekten,kolekten,kolekt,kolekt,NL
kolekten,kolekten,kolekt,kolekt,NL
kolekten,kolekten,kolekt,kolekt,NL
kolekten,kolekten,kolekt,kolekt,NL
kolekten,kolekten,kolekt,kolekt,NL
kolekten,kolekten,kolekt,kolekt,NL
kolekten,kolekten,kolekt,kolekt,NL
kolekten,kolekten,kolekt,kolekt,NL
kolekten,kolekten,kolekt,kolekt,NL
kolekten,kolekten,kolekt,kolekt,NL
kolekten,kolekten,kolekt,kolekt,NL
kolekten,kolekten,kolekt,kolekt,NL
kolekten,kolekten,kolekt,kolekt,NL
kolekten,kolekten,kolekt,kolekt,NL
kolekten,kolekten,kolekt,kolekt,NL
kolekten,kolekten,kolekt,kolekt,NL
kolekten,kolekten,kolekt,kolekt,NL
kolekten,kolekten,kolekt,kolekt,NL
kolekten,kolekten,kolekt,kolekt,NL
kolekten,kolekten,kolekt,kolekt,NL
kolektes,kolektes,kolekt,kolekt,NL
kolektes,kolektes,kolekt,kolekt,NL
kolektes,kolektes,kolekt,kolekt,NL
kolektes,kolektes,kolekt,kolekt,NL
kolektes,kolektes,kolekt,kolekt,NL
kolektes,kolektes,kolekt,kolekt,NL
kolektes,kolektes,kolekt,kolekt,NL
kolektes,kolektes,kolekt,kolekt,NL
kolektes,kolektes,kolekt,kolekt,NL
kolektes,kolektes,kolekt,kolekt,NL
kolektes,kolektes,kolekt,kolekt,NL
kolektes,kolektes,kolekt,kolekt,NL
kolektes,kolektes,kolekt,kolekt,NL
kolektes,kolektes,kolekt,kolekt,NL
kolektes,kolektes,kolekt,kolekt,NL
kolektes,kolektes,kolekt,kolekt,NL
kolektes,kolektes,kolekt,kolekt,NL
kolektes,kolektes,kolekt,kolekt,NL
kolektes,kolektes,kolekt,kolekt,NL
kolektes,kolektes,kolekt,kolekt,NL
kolektes,kolektes,kolekt,kolekt,NL
kolektes,kolektes,kolekt,kolekt,NL
kolektes,kolektes,kolekt,kolekt,NL
kolektes,kolektes,kolekt,kolekt,NL
kolektes,kolektes,kolekt,kolekt,NL
kolektes,kolektes,kolekt,kolekt,NL
kolektes,kolektes,kolekt,kolekt,NL
kolektes,kolektes,kolekt,kolekt,NL
kolektes,kolektes,kolekt,kolekt,NL
kolektes,kolektes,kolekt,kolekt,NL
kolektes,kolektes,kolekt,kolekt,NL
kolektes,kolektes,kolekt,kolekt,NL
kolektes,kolektes,kolekt,kolekt,NL
kolektes,kolektes,kolekt,kolekt,NL
kolektes,kolektes,kolekt,kolekt,NL
kolektes,kolektes,kolekt,kolekt,NL
kolektes,kolektes,kolekt,kolekt,NL
kolektes,kolektes,kolekt,kolekt,NL
kolektes,kolektes,kolekt,kolekt,NL
kolektes,kolektes,kolekt,kolekt,NL
kolektes,kolektes,kolekt,kolekt,NL
kolektes,kolektes,kolekt,kolekt,NL
kolektes,kolektes,kolekt,kolekt,NL
kolektes,kolektes,kolekt,kolekt,NL
kolektes,kolektes,kolekt,kolekt,NL
kolektes,kolektes,kolekt,kolekt,NL
kolektes,kolektes,kolekt,kolekt,NL
kolektes,kolektes,kolekt,kolekt,NL
kolektes,kolektes,kolekt,kolekt,NL
kolektes,kolektes,kolekt,kolekt,NL
kolektes,kolektes,kolekt,kolekt,NL
kolektes,kolektes,kolekt,kolekt,NL
kolektes,kolektes,kolekt,kolekt,NL
kolektes,kolektes,kolekt,kolekt,NL
kolektes,kolektes,kolekt,kolekt,NL
kolekte,kolekte,kolekt,kolekt,NL
kolekte,kolekte,kolekt,kolekt,NL
kolekte,kolekte,kolekt,kolekt,NL
kolekte,kolekte,kolekt,kolekt,NL
kolekte,kolekte,kolekt,kolekt,NL
kolekte,kolekte,kolekt,kolekt,NL
kolekte,kolekte,kolekt,kolekt,NL
kolekte,kolekte,kolekt,kolekt,NL
kolekte,kolekte,kolekt,kolekt,NL
kolekte,kolekte,kolekt,kolekt,NL
kolekte,kolekte,kolekt,kolekt,NL
kolekte,kolekte,kolekt,kolekt,NL
kolekte,kolekte,kolekt,kolekt,NL
kolekte,kolekte,kolekt,kolekt,NL
kolekte,kolekte,kolekt,kolekt,NL
kolekte,kolekte,kolekt,kolekt,NL
kolekte,kolekte,kolekt,kolekt,NL
kolekte,kolekte,kolekt,kolekt,NL
kolekte,kolekte,kolekt,kolekt,NL
kolekte,kolekte,kolekt,kolekt,NL
kolekte,kolekte,kolekt,kolekt,NL
kolekte,kolekte,kolekt,kolekt,NL
kolekte,kolekte,kolekt,kolekt,NL
kolekte,kolekte,kolekt,kolekt,NL
kolekte,kolekte,kolekt,kolekt,NL
kolekte,kolekte,kolekt,kolekt,NL
kolekte,kolekte,kolekt,kolekt,NL
kolekte,kolekte,kolekt,kolekt,NL
kolekte,kolekte,kolekt,kolekt,NL
kolekte,kolekte,kolekt,kolekt,NL
kolekte,kolekte,kolekt,kolekt,NL
kolekte,kolekte,kolekt,kolekt,NL
kolekte,kolekte,kolekt,kolekt,NL
kolekte,kolekte,kolekt,kolekt,NL
kolekte,kolekte,kolekt,kolekt,NL
kolekte,kolekte,kolekt,kolekt,NL
kolekte,kolekte,kolekt,kolekt,NL
kolekte,kolekte,kolekt,kolekt,NL
kolekte,kolekte,kolekt,kolekt,NL
kolekte,kolekte,kolekt,kolekt,NL
kolekte,kolekte,kolekt,kolekt,NL
kolekte,kolekte,kolekt,kolekt,NL
kolekte,kolekte,kolekt,kolekt,NL
kolekte,kolekte,kolekt,kolekt,NL
kolekte,kolekte,kolekt,kolekt,NL
kolekte,kolekte,kolekt,kolekt,NL
kolekte,kolekte,kolekt,kolekt,NL
kolekte,kolekte,kolekt,kolekt,NL
kolekte,kolekte,kolekt,kolekt,NL
kolekte,kolekte,kolekt,kolekt,NL
kolekte,kolekte,kolekt,kolekt,NL
kolekte,kolekte,kolekt,kolekt,NL
kolekte,kolekte,kolekt,kolekt,NL
kolekte,kolekte,kolekt,kolekt,NL
kolekte,kolekte,kolekt,kolekt,NL
kolekte,kolekte,kolekt,kolekt,NL
kolekte,kolekte,kolekt,kolekt,NL
kolekte,kolekte,kolekt,kolekt,NL
kolekte,kolekte,kolekt,kolekt,NL
kolekte,kolekte,kolekt,kolekt,NL
kolekte,kolekte,kolekt,kolekt,NL
kolekte,kolekte,kolekt,kolekt,NL
kolekte,kolekte,kolekt,kolekt,NL
kolekte,kolekte,kolekt,kolekt,NL
kolekte,kolekte,kolekt,kolekt,NL
kolekte,kolekte,kolekt,kolekt,NL
kolekte,kolekte,kolekt,kolekt,NL
kolekte,kolekte,kolekt,kolekt,NL
kolekte,kolekte,kolekt,kolekt,NL
kolekte,kolekte,kolekt,kolekt,NL
kolekte,kolekte,kolekt,kolekt,NL
kolekte,kolekte,kolekt,kolekt,NL
kolekte,kolekte,kolekt,kolekt,NL
kolekte,kolekte,kolekt,kolekt,NL
kolekte,kolekte,kolekt,kolekt,NL
kolekte,kolekte,kolekt,kolekt,NL
kolekte,kolekte,kolekt,kolekt,NL
kolekte,kolekte,kolekt,kolekt,NL
kolekte,kolekte,kolekt,kolekt,NL
kolekte,kolekte,kolekt,kolekt,NL
kolekte,kolekte,kolekt,kolekt,NL
kolekte,kolekte,kolekt,kolekt,NL
kolekte,kolekte,kolekt,kolekt,NL
kolekte,kolekte,kolekt,kolekt,NL
kolekte,kolekte,kolekt,kolekt,NL
kolekte,kolekte,kolekt,kolekt,NL
kolekte,kolekte,kolekt,kolekt,NL
kolekte,kolekte,kolekt,kolekt,NL
kolekte,kolekte,kolekt,kolekt,NL
kolekte,kolekte,kolekt,kolekt,NL
kolekte,kolekte,kolekt,kolekt,NL
kolekte,kolekte,kolekt,kolekt,NL
kolekte,kolekte,kolekt,kolekt,NL
kolekte,kolekte,kolekt,kolekt,NL
kolekte,kolekte,kolekt,kolekt,NL
kolekte,kolekte,kolekt,kolekt,NL
kolekte,kolekte,kolekt,kolekt,NL
kolekte,kolekte,kolekt,kolekt,NL
kolekte,kolekte,kolekt,kolekt,NL
kolekte,kolekte,kolekt,kolekt,NL
kolekte,kolekte,kolekt,kolekt,NL
kolekte,kolekte,kolekt,kolekt,NL
kolekte,kolekte,kolekt,kolekt,NL
kolekte,kolekte,kolekt,kolekt,NL
kolekte,kolekte,kolekt,kolekt,NL
kolekte,kolekte,kolekt,kolekt,NL
kolekte,kolekte,kolekt,kolekt,NL
kolekte,kolekte,kolekt,kolekt,NL
kolekte,kolekte,kolekt,kolekt,NL
kolekte,kolekte,kolekt,kolekt,NL
kolekto,kolekto,kolekt,kolekt,NL
kolekto,kolekto,kolekt,kolekt,NL
kolekto,kolekto,kolekt,kolekt,NL
kolekto,kolekto,kolekt,kolekt,NL
kolekto,kolekto,kolekt,kolekt,NL
kolekto,kolekto,kolekt,kolekt,NL
kolekto,kolekto,kolekt,kolekt,NL
kolekto,kolekto,kolekt,kolekt,NL
kolekto,kolekto,kolekt,kolekt,NL
kolekto,kolekto,kolekt,kolekt,NL
kolekto,kolekto,kolekt,kolekt,NL
kolekto,kolekto,kolekt,kolekt,NL
kolekto,kolekto,kolekt,kolekt,NL
kolekto,kolekto,kolekt,kolekt,NL
kolekto,kolekto,kolekt,kolekt,NL
kolekto,kolekto,kolekt,kolekt,NL
kolekto,kolekto,kolekt,kolekt,NL
kolekto,kolekto,kolekt,kolekt,NL
kolekto,kolekto,kolekt,kolekt,NL
kolekto,kolekto,kolekt,kolekt,NL
kolekto,kolekto,kolekt,kolekt,NL
kolekto,kolekto,kolekt,kolekt,NL
kolekto,kolekto,kolekt,kolekt,NL
kolekto,kolekto,kolekt,kolekt,NL
kolekto,kolekto,kolekt,kolekt,NL
kolekto,kolekto,kolekt,kolekt,NL
kolekto,kolekto,kolekt,kolekt,NL
kolekto,kolekto,kolekt,kolekt,NL
kolekto,kolekto,kolekt,kolekt,NL
kolekto,kolekto,kolekt,kolekt,NL
kolekto,kolekto,kolekt,kolekt,NL
kolekto,kolekto,kolekt,kolekt,NL
kolekto,kolekto,kolekt,kolekt,NL
kolekto,kolekto,kolekt,kolekt,NL
kolekto,kolekto,kolekt,kolekt,NL
kolekto,kolekto,kolekt,kolekt,NL
kolekto,kolekto,kolekt,kolekt,NL
kolekto,kolekto,kolekt,kolekt,NL
kolekto,kolekto,kolekt,kolekt,NL
kolekto,kolekto,kolekt,kolekt,NL
kolekto,kolekto,kolekt,kolekt,NL
kolekto,kolekto,kolekt,kolekt,NL
kolekto,kolekto,kolekt,kolekt,NL
kolekto,kolekto,kolekt,kolekt,NL
kolekto,kolekto,kolekt,kolekt,NL
kolekto,kolekto,kolekt,kolekt,NL
kolekto,kolekto,kolekt,kolekt,NL
kolekto,kolekto,kolekt,kolekt,NL
kolekto,kolekto,kolekt,kolekt,NL
kolekto,kolekto,kolekt,kolekt,NL
kolekto,kolekto,kolekt,kolekt,NL
kolekto,kolekto,kolekt,kolekt,NL
kolekto,kolekto,kolekt,kolekt,NL
kolekto,kolekto,kolekt,kolekt,NL
kolekto,kolekto,kolekt,kolekt,NL
bifuɾkajs,bifuɾkajs,bifuɾk,bifuɾk,NL
bifuɾkajs,bifuɾkajs,bifuɾk,bifuɾk,NL
bifuɾkajs,bifuɾkajs,bifuɾk,bifuɾk,NL
bifuɾkajs,bifuɾkajs,bifuɾk,bifuɾk,NL
bifuɾkajs,bifuɾkajs,bifuɾk,bifuɾk,NL
bifuɾkajs,bifuɾkajs,bifuɾk,bifuɾk,NL
bifuɾkajs,bifuɾkajs,bifuɾk,bifuɾk,NL
bifuɾkajs,bifuɾkajs,bifuɾk,bifuɾk,NL
bifuɾkajs,bifuɾkajs,bifuɾk,bifuɾk,NL
bifuɾkajs,bifuɾkajs,bifuɾk,bifuɾk,NL
bifuɾkajs,bifuɾkajs,bifuɾk,bifuɾk,NL
bifuɾkajs,bifuɾkajs,bifuɾk,bifuɾk,NL
bifuɾkajs,bifuɾkajs,bifuɾk,bifuɾk,NL
bifuɾkajs,bifuɾajs,bifuɾ,bifuɾk,NL
bifuɾkajs,bifuɾajs,bifuɾ,bifuɾk,NL
bifuɾkajs,bifuɾkajs,bifuɾk,bifuɾk,NL
bifuɾkajs,bifuɾkajs,bifuɾk,bifuɾk,NL
bifuɾkajs,bifuɾkajs,bifuɾk,bifuɾk,NL
bifuɾkajs,bifuɾkajs,bifuɾk,bifuɾk,NL
bifuɾkajs,bifuɾkajs,bifuɾk,bifuɾk,NL
bifuɾkajs,bifuɾkajs,bifuɾk,bifuɾk,NL
bifuɾkajs,bifuɾkajs,bifuɾk,bifuɾk,NL
bifuɾkajs,bifuɾajs,bifuɾ,bifuɾk,NL
bifuɾkajs,bifuɾkajs,bifuɾk,bifuɾk,NL
bifuɾkajs,bifuɾkajs,bifuɾk,bifuɾk,NL
bifuɾkajs,bifuɾkajs,bifuɾk,bifuɾk,NL
bifuɾkajs,bifuɾkajs,bifuɾk,bifuɾk,NL
bifuɾkajs,bifuɾkajs,bifuɾk,bifuɾk,NL
bifuɾkajs,bifuɾkajs,bifuɾk,bifuɾk,NL
bifuɾkajs,bifuɾkajs,bifuɾk,bifuɾk,NL
bifuɾkajs,bifuɾkajs,bifuɾk,bifuɾk,NL
bifuɾkajs,bifuɾkajs,bifuɾk,bifuɾk,NL
bifuɾkajs,bifuɾkajs,bifuɾk,bifuɾk,NL
bifuɾkajs,bifuɾkajs,bifuɾk,bifuɾk,NL
bifuɾkajs,bifuɾajs,bifuɾ,bifuɾk,NL
bifuɾkajs,bifuɾajs,bifuɾ,bifuɾk,NL
bifuɾkajs,bifuɾajs,bifuɾ,bifuɾk,NL
bifuɾkajs,bifuɾajs,bifuɾ,bifuɾk,NL
bifuɾkajs,bifuɾajs,bifuɾ,bifuɾk,NL
bifuɾkajs,bifuɾajs,bifuɾ,bifuɾk,NL
bifuɾkajs,bifuɾkajs,bifuɾk,bifuɾk,NL
bifuɾkajs,bifuɾkajs,bifuɾk,bifuɾk,NL
bifuɾkajs,bifuɾkajs,bifuɾk,bifuɾk,NL
bifuɾkajs,bifuɾkajs,bifuɾk,bifuɾk,NL
bifuɾkajs,bifuɾkajs,bifuɾk,bifuɾk,NL
bifuɾkajs,bifuɾkajs,bifuɾk,bifuɾk,NL
bifuɾkajs,bifuɾkajs,bifuɾk,bifuɾk,NL
bifuɾkajs,bifuɾkajs,bifuɾk,bifuɾk,NL
bifuɾkajs,bifuɾkajs,bifuɾk,bifuɾk,NL
bifuɾkajs,bifuɾkajs,bifuɾk,bifuɾk,NL
bifuɾkajs,bifuɾkajs,bifuɾk,bifuɾk,NL
bifuɾkajs,bifuɾkajs,bifuɾk,bifuɾk,NL
bifuɾkajs,bifuɾkajs,bifuɾk,bifuɾk,NL
bifuɾkajs,bifuɾkajs,bifuɾk,bifuɾk,NL
bifuɾkajs,bifuɾkajs,bifuɾk,bifuɾk,NL
bifuɾkamos,bifuɾkamos,bifuɾk,bifuɾk,NL
bifuɾkamos,bifuɾkamos,bifuɾk,bifuɾk,NL
bifuɾkamos,bifuɾkamos,bifuɾk,bifuɾk,NL
bifuɾkamos,bifuɾkamos,bifuɾk,bifuɾk,NL
bifuɾkamos,bifuɾkamos,bifuɾk,bifuɾk,NL
bifuɾkamos,bifuɾkamos,bifuɾk,bifuɾk,NL
bifuɾkamos,bifuɾkamos,bifuɾk,bifuɾk,NL
bifuɾkamos,bifuɾkamos,bifuɾk,bifuɾk,NL
bifuɾkamos,bifuɾkamos,bifuɾk,bifuɾk,NL
bifuɾkamos,bifuɾkamos,bifuɾk,bifuɾk,NL
bifuɾkamos,bifuɾkamos,bifuɾk,bifuɾk,NL
bifuɾkamos,bifuɾkamos,bifuɾk,bifuɾk,NL
bifuɾkamos,bifuɾkamos,bifuɾk,bifuɾk,NL
bifuɾkamos,bifuɾamos,bifuɾ,bifuɾk,NL
bifuɾkamos,bifuɾamos,bifuɾ,bifuɾk,NL
bifuɾkamos,bifuɾkamos,bifuɾk,bifuɾk,NL
bifuɾkamos,bifuɾkamos,bifuɾk,bifuɾk,NL
bifuɾkamos,bifuɾkamos,bifuɾk,bifuɾk,NL
bifuɾkamos,bifuɾkamos,bifuɾk,bifuɾk,NL
bifuɾkamos,bifuɾkamos,bifuɾk,bifuɾk,NL
bifuɾkamos,bifuɾkamos,bifuɾk,bifuɾk,NL
bifuɾkamos,bifuɾkamos,bifuɾk,bifuɾk,NL
bifuɾkamos,bifuɾamos,bifuɾ,bifuɾk,NL
bifuɾkamos,bifuɾkamos,bifuɾk,bifuɾk,NL
bifuɾkamos,bifuɾkamos,bifuɾk,bifuɾk,NL
bifuɾkamos,bifuɾkamos,bifuɾk,bifuɾk,NL
bifuɾkamos,bifuɾkamos,bifuɾk,bifuɾk,NL
bifuɾkamos,bifuɾkamos,bifuɾk,bifuɾk,NL
bifuɾkamos,bifuɾkamos,bifuɾk,bifuɾk,NL
bifuɾkamos,bifuɾkamos,bifuɾk,bifuɾk,NL
bifuɾkamos,bifuɾkamos,bifuɾk,bifuɾk,NL
bifuɾkamos,bifuɾkamos,bifuɾk,bifuɾk,NL
bifuɾkamos,bifuɾkamos,bifuɾk,bifuɾk,NL
bifuɾkamos,bifuɾkamos,bifuɾk,bifuɾk,NL
bifuɾkamos,bifuɾamos,bifuɾ,bifuɾk,NL
bifuɾkamos,bifuɾamos,bifuɾ,bifuɾk,NL
bifuɾkamos,bifuɾamos,bifuɾ,bifuɾk,NL
bifuɾkamos,bifuɾamos,bifuɾ,bifuɾk,NL
bifuɾkamos,bifuɾamos,bifuɾ,bifuɾk,NL
bifuɾkamos,bifuɾamos,bifuɾ,bifuɾk,NL
bifuɾkamos,bifuɾkamos,bifuɾk,bifuɾk,NL
bifuɾkamos,bifuɾkamos,bifuɾk,bifuɾk,NL
bifuɾkamos,bifuɾkamos,bifuɾk,bifuɾk,NL
bifuɾkamos,bifuɾkamos,bifuɾk,bifuɾk,NL
bifuɾkamos,bifuɾkamos,bifuɾk,bifuɾk,NL
bifuɾkamos,bifuɾkamos,bifuɾk,bifuɾk,NL
bifuɾkamos,bifuɾkamos,bifuɾk,bifuɾk,NL
bifuɾkamos,bifuɾkamos,bifuɾk,bifuɾk,NL
bifuɾkamos,bifuɾkamos,bifuɾk,bifuɾk,NL
bifuɾkamos,bifuɾkamos,bifuɾk,bifuɾk,NL
bifuɾkamos,bifuɾkamos,bifuɾk,bifuɾk,NL
bifuɾkamos,bifuɾkamos,bifuɾk,bifuɾk,NL
bifuɾkamos,bifuɾkamos,bifuɾk,bifuɾk,NL
bifuɾkamos,bifuɾkamos,bifuɾk,bifuɾk,NL
bifuɾkamos,bifuɾkamos,bifuɾk,bifuɾk,NL
bifuɾkan,bifuɾkan,bifuɾk,bifuɾk,NL
bifuɾkan,bifuɾkan,bifuɾk,bifuɾk,NL
bifuɾkan,bifuɾkan,bifuɾk,bifuɾk,NL
bifuɾkan,bifuɾkan,bifuɾk,bifuɾk,NL
bifuɾkan,bifuɾkan,bifuɾk,bifuɾk,NL
bifuɾkan,bifuɾkan,bifuɾk,bifuɾk,NL
bifuɾkan,bifuɾkan,bifuɾk,bifuɾk,NL
bifuɾkan,bifuɾkan,bifuɾk,bifuɾk,NL
bifuɾkan,bifuɾkan,bifuɾk,bifuɾk,NL
bifuɾkan,bifuɾkan,bifuɾk,bifuɾk,NL
bifuɾkan,bifuɾkan,bifuɾk,bifuɾk,NL
bifuɾkan,bifuɾkan,bifuɾk,bifuɾk,NL
bifuɾkan,bifuɾkan,bifuɾk,bifuɾk,NL
bifuɾkan,bifuɾkan,bifuɾk,bifuɾk,NL
bifuɾkan,bifuɾkan,bifuɾk,bifuɾk,NL
bifuɾkan,bifuɾkan,bifuɾk,bifuɾk,NL
bifuɾkan,bifuɾkan,bifuɾk,bifuɾk,NL
bifuɾkan,bifuɾkan,bifuɾk,bifuɾk,NL
bifuɾkan,bifuɾkan,bifuɾk,bifuɾk,NL
bifuɾkan,bifuɾkan,bifuɾk,bifuɾk,NL
bifuɾkan,bifuɾkan,bifuɾk,bifuɾk,NL
bifuɾkan,bifuɾkan,bifuɾk,bifuɾk,NL
bifuɾkan,bifuɾkan,bifuɾk,bifuɾk,NL
bifuɾkan,bifuɾkan,bifuɾk,bifuɾk,NL
bifuɾkan,bifuɾkan,bifuɾk,bifuɾk,NL
bifuɾkan,bifuɾkan,bifuɾk,bifuɾk,NL
bifuɾkan,bifuɾkan,bifuɾk,bifuɾk,NL
bifuɾkan,bifuɾkan,bifuɾk,bifuɾk,NL
bifuɾkan,bifuɾkan,bifuɾk,bifuɾk,NL
bifuɾkan,bifuɾkan,bifuɾk,bifuɾk,NL
bifuɾkan,bifuɾkan,bifuɾk,bifuɾk,NL
bifuɾkan,bifuɾkan,bifuɾk,bifuɾk,NL
bifuɾkan,bifuɾkan,bifuɾk,bifuɾk,NL
bifuɾkan,bifuɾkan,bifuɾk,bifuɾk,NL
bifuɾkan,bifuɾkan,bifuɾk,bifuɾk,NL
bifuɾkan,bifuɾkan,bifuɾk,bifuɾk,NL
bifuɾkan,bifuɾkan,bifuɾk,bifuɾk,NL
bifuɾkan,bifuɾkan,bifuɾk,bifuɾk,NL
bifuɾkan,bifuɾkan,bifuɾk,bifuɾk,NL
bifuɾkan,bifuɾkan,bifuɾk,bifuɾk,NL
bifuɾkan,bifuɾkan,bifuɾk,bifuɾk,NL
bifuɾkan,bifuɾkan,bifuɾk,bifuɾk,NL
bifuɾkan,bifuɾkan,bifuɾk,bifuɾk,NL
bifuɾkan,bifuɾkan,bifuɾk,bifuɾk,NL
bifuɾkan,bifuɾkan,bifuɾk,bifuɾk,NL
bifuɾkan,bifuɾkan,bifuɾk,bifuɾk,NL
bifuɾkan,bifuɾkan,bifuɾk,bifuɾk,NL
bifuɾkan,bifuɾkan,bifuɾk,bifuɾk,NL
bifuɾkan,bifuɾkan,bifuɾk,bifuɾk,NL
bifuɾkan,bifuɾkan,bifuɾk,bifuɾk,NL
bifuɾkan,bifuɾkan,bifuɾk,bifuɾk,NL
bifuɾkan,bifuɾkan,bifuɾk,bifuɾk,NL
bifuɾkan,bifuɾkan,bifuɾk,bifuɾk,NL
bifuɾkan,bifuɾkan,bifuɾk,bifuɾk,NL
bifuɾkan,bifuɾkan,bifuɾk,bifuɾk,NL
bifuɾkas,bifuɾkas,bifuɾk,bifuɾk,NL
bifuɾkas,bifuɾkas,bifuɾk,bifuɾk,NL
bifuɾkas,bifuɾkas,bifuɾk,bifuɾk,NL
bifuɾkas,bifuɾkas,bifuɾk,bifuɾk,NL
bifuɾkas,bifuɾkas,bifuɾk,bifuɾk,NL
bifuɾkas,bifuɾkas,bifuɾk,bifuɾk,NL
bifuɾkas,bifuɾkas,bifuɾk,bifuɾk,NL
bifuɾkas,bifuɾkas,bifuɾk,bifuɾk,NL
bifuɾkas,bifuɾkas,bifuɾk,bifuɾk,NL
bifuɾkas,bifuɾkas,bifuɾk,bifuɾk,NL
bifuɾkas,bifuɾkas,bifuɾk,bifuɾk,NL
bifuɾkas,bifuɾkas,bifuɾk,bifuɾk,NL
bifuɾkas,bifuɾkas,bifuɾk,bifuɾk,NL
bifuɾkas,bifuɾkas,bifuɾk,bifuɾk,NL
bifuɾkas,bifuɾkas,bifuɾk,bifuɾk,NL
bifuɾkas,bifuɾkas,bifuɾk,bifuɾk,NL
bifuɾkas,bifuɾkas,bifuɾk,bifuɾk,NL
bifuɾkas,bifuɾkas,bifuɾk,bifuɾk,NL
bifuɾkas,bifuɾkas,bifuɾk,bifuɾk,NL
bifuɾkas,bifuɾkas,bifuɾk,bifuɾk,NL
bifuɾkas,bifuɾkas,bifuɾk,bifuɾk,NL
bifuɾkas,bifuɾkas,bifuɾk,bifuɾk,NL
bifuɾkas,bifuɾkas,bifuɾk,bifuɾk,NL
bifuɾkas,bifuɾkas,bifuɾk,bifuɾk,NL
bifuɾkas,bifuɾkas,bifuɾk,bifuɾk,NL
bifuɾkas,bifuɾkas,bifuɾk,bifuɾk,NL
bifuɾkas,bifuɾkas,bifuɾk,bifuɾk,NL
bifuɾkas,bifuɾkas,bifuɾk,bifuɾk,NL
bifuɾkas,bifuɾkas,bifuɾk,bifuɾk,NL
bifuɾkas,bifuɾkas,bifuɾk,bifuɾk,NL
bifuɾkas,bifuɾkas,bifuɾk,bifuɾk,NL
bifuɾkas,bifuɾkas,bifuɾk,bifuɾk,NL
bifuɾkas,bifuɾkas,bifuɾk,bifuɾk,NL
bifuɾkas,bifuɾkas,bifuɾk,bifuɾk,NL
bifuɾkas,bifuɾkas,bifuɾk,bifuɾk,NL
bifuɾkas,bifuɾkas,bifuɾk,bifuɾk,NL
bifuɾkas,bifuɾkas,bifuɾk,bifuɾk,NL
bifuɾkas,bifuɾkas,bifuɾk,bifuɾk,NL
bifuɾkas,bifuɾkas,bifuɾk,bifuɾk,NL
bifuɾkas,bifuɾkas,bifuɾk,bifuɾk,NL
bifuɾkas,bifuɾkas,bifuɾk,bifuɾk,NL
bifuɾkas,bifuɾkas,bifuɾk,bifuɾk,NL
bifuɾkas,bifuɾkas,bifuɾk,bifuɾk,NL
bifuɾkas,bifuɾkas,bifuɾk,bifuɾk,NL
bifuɾkas,bifuɾkas,bifuɾk,bifuɾk,NL
bifuɾkas,bifuɾkas,bifuɾk,bifuɾk,NL
bifuɾkas,bifuɾkas,bifuɾk,bifuɾk,NL
bifuɾkas,bifuɾkas,bifuɾk,bifuɾk,NL
bifuɾkas,bifuɾkas,bifuɾk,bifuɾk,NL
bifuɾkas,bifuɾkas,bifuɾk,bifuɾk,NL
bifuɾkas,bifuɾkas,bifuɾk,bifuɾk,NL
bifuɾkas,bifuɾkas,bifuɾk,bifuɾk,NL
bifuɾkas,bifuɾkas,bifuɾk,bifuɾk,NL
bifuɾkas,bifuɾkas,bifuɾk,bifuɾk,NL
bifuɾkas,bifuɾkas,bifuɾk,bifuɾk,NL
bifuɾka,bifuɾka,bifuɾk,bifuɾk,NL
bifuɾka,bifuɾka,bifuɾk,bifuɾk,NL
bifuɾka,bifuɾka,bifuɾk,bifuɾk,NL
bifuɾka,bifuɾka,bifuɾk,bifuɾk,NL
bifuɾka,bifuɾka,bifuɾk,bifuɾk,NL
bifuɾka,bifuɾka,bifuɾk,bifuɾk,NL
bifuɾka,bifuɾka,bifuɾk,bifuɾk,NL
bifuɾka,bifuɾka,bifuɾk,bifuɾk,NL
bifuɾka,bifuɾka,bifuɾk,bifuɾk,NL
bifuɾka,bifuɾka,bifuɾk,bifuɾk,NL
bifuɾka,bifuɾka,bifuɾk,bifuɾk,NL
bifuɾka,bifuɾka,bifuɾk,bifuɾk,NL
bifuɾka,bifuɾka,bifuɾk,bifuɾk,NL
bifuɾka,bifuɾka,bifuɾk,bifuɾk,NL
bifuɾka,bifuɾka,bifuɾk,bifuɾk,NL
bifuɾka,bifuɾka,bifuɾk,bifuɾk,NL
bifuɾka,bifuɾka,bifuɾk,bifuɾk,NL
bifuɾka,bifuɾka,bifuɾk,bifuɾk,NL
bifuɾka,bifuɾka,bifuɾk,bifuɾk,NL
bifuɾka,bifuɾka,bifuɾk,bifuɾk,NL
bifuɾka,bifuɾka,bifuɾk,bifuɾk,NL
bifuɾka,bifuɾka,bifuɾk,bifuɾk,NL
bifuɾka,bifuɾka,bifuɾk,bifuɾk,NL
bifuɾka,bifuɾka,bifuɾk,bifuɾk,NL
bifuɾka,bifuɾka,bifuɾk,bifuɾk,NL
bifuɾka,bifuɾka,bifuɾk,bifuɾk,NL
bifuɾka,bifuɾka,bifuɾk,bifuɾk,NL
bifuɾka,bifuɾka,bifuɾk,bifuɾk,NL
bifuɾka,bifuɾka,bifuɾk,bifuɾk,NL
bifuɾka,bifuɾka,bifuɾk,bifuɾk,NL
bifuɾka,bifuɾka,bifuɾk,bifuɾk,NL
bifuɾka,bifuɾka,bifuɾk,bifuɾk,NL
bifuɾka,bifuɾka,bifuɾk,bifuɾk,NL
bifuɾka,bifuɾka,bifuɾk,bifuɾk,NL
bifuɾka,bifuɾka,bifuɾk,bifuɾk,NL
bifuɾka,bifuɾka,bifuɾk,bifuɾk,NL
bifuɾka,bifuɾka,bifuɾk,bifuɾk,NL
bifuɾka,bifuɾka,bifuɾk,bifuɾk,NL
bifuɾka,bifuɾka,bifuɾk,bifuɾk,NL
bifuɾka,bifuɾka,bifuɾk,bifuɾk,NL
bifuɾka,bifuɾka,bifuɾk,bifuɾk,NL
bifuɾka,bifuɾka,bifuɾk,bifuɾk,NL
bifuɾka,bifuɾka,bifuɾk,bifuɾk,NL
bifuɾka,bifuɾka,bifuɾk,bifuɾk,NL
bifuɾka,bifuɾka,bifuɾk,bifuɾk,NL
bifuɾka,bifuɾka,bifuɾk,bifuɾk,NL
bifuɾka,bifuɾka,bifuɾk,bifuɾk,NL
bifuɾka,bifuɾka,bifuɾk,bifuɾk,NL
bifuɾka,bifuɾka,bifuɾk,bifuɾk,NL
bifuɾka,bifuɾka,bifuɾk,bifuɾk,NL
bifuɾka,bifuɾka,bifuɾk,bifuɾk,NL
bifuɾka,bifuɾka,bifuɾk,bifuɾk,NL
bifuɾka,bifuɾka,bifuɾk,bifuɾk,NL
bifuɾka,bifuɾka,bifuɾk,bifuɾk,NL
bifuɾka,bifuɾka,bifuɾk,bifuɾk,NL
bifuɾko,bifuɾko,bifuɾk,bifuɾk,NL
bifuɾko,bifuɾko,bifuɾk,bifuɾk,NL
bifuɾko,bifuɾko,bifuɾk,bifuɾk,NL
bifuɾko,bifuɾko,bifuɾk,bifuɾk,NL
bifuɾko,bifuɾko,bifuɾk,bifuɾk,NL
bifuɾko,bifuɾko,bifuɾk,bifuɾk,NL
bifuɾko,bifuɾko,bifuɾk,bifuɾk,NL
bifuɾko,bifuɾko,bifuɾk,bifuɾk,NL
bifuɾko,bifuɾko,bifuɾk,bifuɾk,NL
bifuɾko,bifuɾko,bifuɾk,bifuɾk,NL
bifuɾko,bifuɾko,bifuɾk,bifuɾk,NL
bifuɾko,bifuɾko,bifuɾk,bifuɾk,NL
bifuɾko,bifuɾko,bifuɾk,bifuɾk,NL
bifuɾko,bifuɾko,bifuɾk,bifuɾk,NL
bifuɾko,bifuɾko,bifuɾk,bifuɾk,NL
bifuɾko,bifuɾko,bifuɾk,bifuɾk,NL
bifuɾko,bifuɾko,bifuɾk,bifuɾk,NL
bifuɾko,bifuɾko,bifuɾk,bifuɾk,NL
bifuɾko,bifuɾko,bifuɾk,bifuɾk,NL
bifuɾko,bifuɾko,bifuɾk,bifuɾk,NL
bifuɾko,bifuɾko,bifuɾk,bifuɾk,NL
bifuɾko,bifuɾko,bifuɾk,bifuɾk,NL
bifuɾko,bifuɾko,bifuɾk,bifuɾk,NL
bifuɾko,bifuɾko,bifuɾk,bifuɾk,NL
bifuɾko,bifuɾko,bifuɾk,bifuɾk,NL
bifuɾko,bifuɾko,bifuɾk,bifuɾk,NL
bifuɾko,bifuɾko,bifuɾk,bifuɾk,NL
bifuɾko,bifuɾko,bifuɾk,bifuɾk,NL
bifuɾko,bifuɾko,bifuɾk,bifuɾk,NL
bifuɾko,bifuɾko,bifuɾk,bifuɾk,NL
bifuɾko,bifuɾko,bifuɾk,bifuɾk,NL
bifuɾko,bifuɾko,bifuɾk,bifuɾk,NL
bifuɾko,bifuɾko,bifuɾk,bifuɾk,NL
bifuɾko,bifuɾko,bifuɾk,bifuɾk,NL
bifuɾko,bifuɾko,bifuɾk,bifuɾk,NL
bifuɾko,bifuɾko,bifuɾk,bifuɾk,NL
bifuɾko,bifuɾko,bifuɾk,bifuɾk,NL
bifuɾko,bifuɾko,bifuɾk,bifuɾk,NL
bifuɾko,bifuɾko,bifuɾk,bifuɾk,NL
bifuɾko,bifuɾko,bifuɾk,bifuɾk,NL
bifuɾko,bifuɾko,bifuɾk,bifuɾk,NL
bifuɾko,bifuɾko,bifuɾk,bifuɾk,NL
bifuɾko,bifuɾko,bifuɾk,bifuɾk,NL
bifuɾko,bifuɾko,bifuɾk,bifuɾk,NL
bifuɾko,bifuɾko,bifuɾk,bifuɾk,NL
bifuɾko,bifuɾko,bifuɾk,bifuɾk,NL
bifuɾko,bifuɾko,bifuɾk,bifuɾk,NL
bifuɾko,bifuɾko,bifuɾk,bifuɾk,NL
bifuɾko,bifuɾko,bifuɾk,bifuɾk,NL
bifuɾko,bifuɾko,bifuɾk,bifuɾk,NL
bifuɾko,bifuɾko,bifuɾk,bifuɾk,NL
bifuɾko,bifuɾko,bifuɾk,bifuɾk,NL
bifuɾko,bifuɾko,bifuɾk,bifuɾk,NL
bifuɾko,bifuɾko,bifuɾk,bifuɾk,NL
bifuɾko,bifuɾko,bifuɾk,bifuɾk,NL
bifuɾkeis,bifuɾkeis,bifuɾke,bifuɾke,NL
bifuɾkeis,bifuɾkeis,bifuɾke,bifuɾke,NL
bifuɾkeis,bifuɾkeis,bifuɾke,bifuɾke,NL
bifuɾkeis,bifuɾkeis,bifuɾke,bifuɾke,NL
bifuɾkeis,bifuɾkeis,bifuɾke,bifuɾke,NL
bifuɾkeis,bifuɾkeis,bifuɾke,bifuɾke,NL
bifuɾkeis,bifuɾkeis,bifuɾke,bifuɾke,NL
bifuɾkeis,bifuɾkeis,bifuɾke,bifuɾke,NL
bifuɾkeis,bifuɾkeis,bifuɾke,bifuɾke,NL
bifuɾkeis,bifuɾkeis,bifuɾke,bifuɾke,NL
bifuɾkeis,bifuɾkeis,bifuɾke,bifuɾke,NL
bifuɾkeis,bifuɾkeis,bifuɾke,bifuɾke,NL
bifuɾkeis,bifuɾkeis,bifuɾke,bifuɾke,NL
bifuɾkeis,bifuɾkeis,bifuɾke,bifuɾke,NL
bifuɾkeis,bifuɾkeis,bifuɾke,bifuɾke,NL
bifuɾkeis,bifuɾkeis,bifuɾke,bifuɾke,NL
bifuɾkeis,bifuɾkeis,bifuɾke,bifuɾke,NL
bifuɾkeis,bifuɾkeis,bifuɾke,bifuɾke,NL
bifuɾkeis,bifuɾkeis,bifuɾke,bifuɾke,NL
bifuɾkeis,bifuɾejs,bifuɾ,bifuɾke,NL
bifuɾkeis,bifuɾejs,bifuɾ,bifuɾke,NL
bifuɾkeis,bifuɾejs,bifuɾ,bifuɾke,NL
bifuɾkeis,bifuɾejs,bifuɾ,bifuɾke,NL
bifuɾkeis,bifuɾejs,bifuɾ,bifuɾke,NL
bifuɾkeis,bifuɾejs,bifuɾ,bifuɾke,NL
bifuɾkeis,bifuɾejs,bifuɾ,bifuɾke,NL
bifuɾkeis,bifuɾejs,bifuɾ,bifuɾke,NL
bifuɾkeis,bifuɾejs,bifuɾ,bifuɾke,NL
bifuɾkeis,bifuɾejs,bifuɾ,bifuɾke,NL
bifuɾkeis,bifuɾejs,bifuɾ,bifuɾke,NL
bifuɾkeis,bifuɾejs,bifuɾ,bifuɾke,NL
bifuɾkeis,bifuɾejs,bifuɾ,bifuɾke,NL
bifuɾkeis,bifuɾejs,bifuɾ,bifuɾke,NL
bifuɾkeis,bifuɾejs,bifuɾ,bifuɾke,NL
bifuɾkeis,bifuɾejs,bifuɾ,bifuɾke,NL
bifuɾkeis,bifuɾejs,bifuɾ,bifuɾke,NL
bifuɾkeis,bifuɾejs,bifuɾ,bifuɾke,NL
bifuɾkeis,bifuɾejs,bifuɾ,bifuɾke,NL
bifuɾkeis,bifuɾejs,bifuɾ,bifuɾke,NL
bifuɾkeis,bifuɾejs,bifuɾ,bifuɾke,NL
bifuɾkeis,bifuɾejs,bifuɾ,bifuɾke,NL
bifuɾkeis,bifuɾejs,bifuɾ,bifuɾke,NL
bifuɾkeis,bifuɾejs,bifuɾ,bifuɾke,NL
bifuɾkeis,bifuɾejs,bifuɾ,bifuɾke,NL
bifuɾkeis,bifuɾejs,bifuɾ,bifuɾke,NL
bifuɾkeis,bifuɾkeis,bifuɾke,bifuɾke,NL
bifuɾkeis,bifuɾkeis,bifuɾke,bifuɾke,NL
bifuɾkeis,bifuɾkeis,bifuɾke,bifuɾke,NL
bifuɾkeis,bifuɾkeis,bifuɾke,bifuɾke,NL
bifuɾkeis,bifuɾejs,bifuɾ,bifuɾke,NL
bifuɾkeis,bifuɾejs,bifuɾ,bifuɾke,NL
bifuɾkeis,bifuɾejs,bifuɾ,bifuɾke,NL
bifuɾkeis,bifuɾejs,bifuɾ,bifuɾke,NL
bifuɾkeis,bifuɾejs,bifuɾ,bifuɾke,NL
bifuɾkeis,bifuɾejs,bifuɾ,bifuɾke,NL
bifuɾkemos,bifuɾkemos,bifuɾk,bifuɾk,NL
bifuɾkemos,bifuɾkemos,bifuɾk,bifuɾk,NL
bifuɾkemos,bifuɾkemos,bifuɾk,bifuɾk,NL
bifuɾkemos,bifuɾkemos,bifuɾk,bifuɾk,NL
bifuɾkemos,bifuɾkemos,bifuɾk,bifuɾk,NL
bifuɾkemos,bifuɾkemos,bifuɾk,bifuɾk,NL
bifuɾkemos,bifuɾkemos,bifuɾk,bifuɾk,NL
bifuɾkemos,bifuɾkemos,bifuɾk,bifuɾk,NL
bifuɾkemos,bifuɾkemos,bifuɾk,bifuɾk,NL
bifuɾkemos,bifuɾkemos,bifuɾk,bifuɾk,NL
bifuɾkemos,bifuɾkemos,bifuɾk,bifuɾk,NL
bifuɾkemos,bifuɾkemos,bifuɾk,bifuɾk,NL
bifuɾkemos,bifuɾkemos,bifuɾk,bifuɾk,NL
bifuɾkemos,bifuɾkemos,bifuɾk,bifuɾk,NL
bifuɾkemos,bifuɾkemos,bifuɾk,bifuɾk,NL
bifuɾkemos,bifuɾkemos,bifuɾk,bifuɾk,NL
bifuɾkemos,bifuɾkemos,bifuɾk,bifuɾk,NL
bifuɾkemos,bifuɾkemos,bifuɾk,bifuɾk,NL
bifuɾkemos,bifuɾkemos,bifuɾk,bifuɾk,NL
bifuɾkemos,bifuɾemos,bifuɾ,bifuɾk,NL
bifuɾkemos,bifuɾemos,bifuɾ,bifuɾk,NL
bifuɾkemos,bifuɾemos,bifuɾ,bifuɾk,NL
bifuɾkemos,bifuɾemos,bifuɾ,bifuɾk,NL
bifuɾkemos,bifuɾemos,bifuɾ,bifuɾk,NL
bifuɾkemos,bifuɾemos,bifuɾ,bifuɾk,NL
bifuɾkemos,bifuɾemos,bifuɾ,bifuɾk,NL
bifuɾkemos,bifuɾemos,bifuɾ,bifuɾk,NL
bifuɾkemos,bifuɾemos,bifuɾ,bifuɾk,NL
bifuɾkemos,bifuɾemos,bifuɾ,bifuɾk,NL
bifuɾkemos,bifuɾemos,bifuɾ,bifuɾk,NL
bifuɾkemos,bifuɾemos,bifuɾ,bifuɾk,NL
bifuɾkemos,bifuɾemos,bifuɾ,bifuɾk,NL
bifuɾkemos,bifuɾemos,bifuɾ,bifuɾk,NL
bifuɾkemos,bifuɾemos,bifuɾ,bifuɾk,NL
bifuɾkemos,bifuɾemos,bifuɾ,bifuɾk,NL
bifuɾkemos,bifuɾemos,bifuɾ,bifuɾk,NL
bifuɾkemos,bifuɾemos,bifuɾ,bifuɾk,NL
bifuɾkemos,bifuɾemos,bifuɾ,bifuɾk,NL
bifuɾkemos,bifuɾemos,bifuɾ,bifuɾk,NL
bifuɾkemos,bifuɾemos,bifuɾ,bifuɾk,NL
bifuɾkemos,bifuɾemos,bifuɾ,bifuɾk,NL
bifuɾkemos,bifuɾemos,bifuɾ,bifuɾk,NL
bifuɾkemos,bifuɾemos,bifuɾ,bifuɾk,NL
bifuɾkemos,bifuɾemos,bifuɾ,bifuɾk,NL
bifuɾkemos,bifuɾemos,bifuɾ,bifuɾk,NL
bifuɾkemos,bifuɾkemos,bifuɾk,bifuɾk,NL
bifuɾkemos,bifuɾkemos,bifuɾk,bifuɾk,NL
bifuɾkemos,bifuɾkemos,bifuɾk,bifuɾk,NL
bifuɾkemos,bifuɾkemos,bifuɾk,bifuɾk,NL
bifuɾkemos,bifuɾemos,bifuɾ,bifuɾk,NL
bifuɾkemos,bifuɾemos,bifuɾ,bifuɾk,NL
bifuɾkemos,bifuɾemos,bifuɾ,bifuɾk,NL
bifuɾkemos,bifuɾemos,bifuɾ,bifuɾk,NL
bifuɾkemos,bifuɾemos,bifuɾ,bifuɾk,NL
bifuɾkemos,bifuɾemos,bifuɾ,bifuɾk,NL
bifuɾken,bifuɾken,bifuɾk,bifuɾk,NL
bifuɾken,bifuɾken,bifuɾk,bifuɾk,NL
bifuɾken,bifuɾken,bifuɾk,bifuɾk,NL
bifuɾken,bifuɾken,bifuɾk,bifuɾk,NL
bifuɾken,bifuɾken,bifuɾk,bifuɾk,NL
bifuɾken,bifuɾken,bifuɾk,bifuɾk,NL
bifuɾken,bifuɾken,bifuɾk,bifuɾk,NL
bifuɾken,bifuɾken,bifuɾk,bifuɾk,NL
bifuɾken,bifuɾken,bifuɾk,bifuɾk,NL
bifuɾken,bifuɾken,bifuɾk,bifuɾk,NL
bifuɾken,bifuɾken,bifuɾk,bifuɾk,NL
bifuɾken,bifuɾken,bifuɾk,bifuɾk,NL
bifuɾken,bifuɾken,bifuɾk,bifuɾk,NL
bifuɾken,bifuɾken,bifuɾk,bifuɾk,NL
bifuɾken,bifuɾken,bifuɾk,bifuɾk,NL
bifuɾken,bifuɾken,bifuɾk,bifuɾk,NL
bifuɾken,bifuɾken,bifuɾk,bifuɾk,NL
bifuɾken,bifuɾken,bifuɾk,bifuɾk,NL
bifuɾken,bifuɾken,bifuɾk,bifuɾk,NL
bifuɾken,bifuɾken,bifuɾk,bifuɾk,NL
bifuɾken,bifuɾken,bifuɾk,bifuɾk,NL
bifuɾken,bifuɾken,bifuɾk,bifuɾk,NL
bifuɾken,bifuɾken,bifuɾk,bifuɾk,NL
bifuɾken,bifuɾken,bifuɾk,bifuɾk,NL
bifuɾken,bifuɾken,bifuɾk,bifuɾk,NL
bifuɾken,bifuɾken,bifuɾk,bifuɾk,NL
bifuɾken,bifuɾken,bifuɾk,bifuɾk,NL
bifuɾken,bifuɾken,bifuɾk,bifuɾk,NL
bifuɾken,bifuɾken,bifuɾk,bifuɾk,NL
bifuɾken,bifuɾken,bifuɾk,bifuɾk,NL
bifuɾken,bifuɾken,bifuɾk,bifuɾk,NL
bifuɾken,bifuɾken,bifuɾk,bifuɾk,NL
bifuɾken,bifuɾken,bifuɾk,bifuɾk,NL
bifuɾken,bifuɾken,bifuɾk,bifuɾk,NL
bifuɾken,bifuɾken,bifuɾk,bifuɾk,NL
bifuɾken,bifuɾken,bifuɾk,bifuɾk,NL
bifuɾken,bifuɾken,bifuɾk,bifuɾk,NL
bifuɾken,bifuɾken,bifuɾk,bifuɾk,NL
bifuɾken,bifuɾken,bifuɾk,bifuɾk,NL
bifuɾken,bifuɾken,bifuɾk,bifuɾk,NL
bifuɾken,bifuɾken,bifuɾk,bifuɾk,NL
bifuɾken,bifuɾken,bifuɾk,bifuɾk,NL
bifuɾken,bifuɾken,bifuɾk,bifuɾk,NL
bifuɾken,bifuɾken,bifuɾk,bifuɾk,NL
bifuɾken,bifuɾken,bifuɾk,bifuɾk,NL
bifuɾken,bifuɾken,bifuɾk,bifuɾk,NL
bifuɾken,bifuɾken,bifuɾk,bifuɾk,NL
bifuɾken,bifuɾken,bifuɾk,bifuɾk,NL
bifuɾken,bifuɾken,bifuɾk,bifuɾk,NL
bifuɾken,bifuɾken,bifuɾk,bifuɾk,NL
bifuɾken,bifuɾken,bifuɾk,bifuɾk,NL
bifuɾken,bifuɾken,bifuɾk,bifuɾk,NL
bifuɾken,bifuɾken,bifuɾk,bifuɾk,NL
bifuɾken,bifuɾken,bifuɾk,bifuɾk,NL
bifuɾken,bifuɾken,bifuɾk,bifuɾk,NL
bifuɾkes,bifuɾkes,bifuɾk,bifuɾk,NL
bifuɾkes,bifuɾkes,bifuɾk,bifuɾk,NL
bifuɾkes,bifuɾkes,bifuɾk,bifuɾk,NL
bifuɾkes,bifuɾkes,bifuɾk,bifuɾk,NL
bifuɾkes,bifuɾkes,bifuɾk,bifuɾk,NL
bifuɾkes,bifuɾkes,bifuɾk,bifuɾk,NL
bifuɾkes,bifuɾkes,bifuɾk,bifuɾk,NL
bifuɾkes,bifuɾkes,bifuɾk,bifuɾk,NL
bifuɾkes,bifuɾkes,bifuɾk,bifuɾk,NL
bifuɾkes,bifuɾkes,bifuɾk,bifuɾk,NL
bifuɾkes,bifuɾkes,bifuɾk,bifuɾk,NL
bifuɾkes,bifuɾkes,bifuɾk,bifuɾk,NL
bifuɾkes,bifuɾkes,bifuɾk,bifuɾk,NL
bifuɾkes,bifuɾkes,bifuɾk,bifuɾk,NL
bifuɾkes,bifuɾkes,bifuɾk,bifuɾk,NL
bifuɾkes,bifuɾkes,bifuɾk,bifuɾk,NL
bifuɾkes,bifuɾkes,bifuɾk,bifuɾk,NL
bifuɾkes,bifuɾkes,bifuɾk,bifuɾk,NL
bifuɾkes,bifuɾkes,bifuɾk,bifuɾk,NL
bifuɾkes,bifuɾkes,bifuɾk,bifuɾk,NL
bifuɾkes,bifuɾkes,bifuɾk,bifuɾk,NL
bifuɾkes,bifuɾkes,bifuɾk,bifuɾk,NL
bifuɾkes,bifuɾkes,bifuɾk,bifuɾk,NL
bifuɾkes,bifuɾkes,bifuɾk,bifuɾk,NL
bifuɾkes,bifuɾkes,bifuɾk,bifuɾk,NL
bifuɾkes,bifuɾkes,bifuɾk,bifuɾk,NL
bifuɾkes,bifuɾkes,bifuɾk,bifuɾk,NL
bifuɾkes,bifuɾkes,bifuɾk,bifuɾk,NL
bifuɾkes,bifuɾkes,bifuɾk,bifuɾk,NL
bifuɾkes,bifuɾkes,bifuɾk,bifuɾk,NL
bifuɾkes,bifuɾkes,bifuɾk,bifuɾk,NL
bifuɾkes,bifuɾkes,bifuɾk,bifuɾk,NL
bifuɾkes,bifuɾkes,bifuɾk,bifuɾk,NL
bifuɾkes,bifuɾkes,bifuɾk,bifuɾk,NL
bifuɾkes,bifuɾkes,bifuɾk,bifuɾk,NL
bifuɾkes,bifuɾkes,bifuɾk,bifuɾk,NL
bifuɾkes,bifuɾkes,bifuɾk,bifuɾk,NL
bifuɾkes,bifuɾkes,bifuɾk,bifuɾk,NL
bifuɾkes,bifuɾkes,bifuɾk,bifuɾk,NL
bifuɾkes,bifuɾkes,bifuɾk,bifuɾk,NL
bifuɾkes,bifuɾkes,bifuɾk,bifuɾk,NL
bifuɾkes,bifuɾkes,bifuɾk,bifuɾk,NL
bifuɾkes,bifuɾkes,bifuɾk,bifuɾk,NL
bifuɾkes,bifuɾkes,bifuɾk,bifuɾk,NL
bifuɾkes,bifuɾkes,bifuɾk,bifuɾk,NL
bifuɾkes,bifuɾkes,bifuɾk,bifuɾk,NL
bifuɾkes,bifuɾkes,bifuɾk,bifuɾk,NL
bifuɾkes,bifuɾkes,bifuɾk,bifuɾk,NL
bifuɾkes,bifuɾkes,bifuɾk,bifuɾk,NL
bifuɾkes,bifuɾkes,bifuɾk,bifuɾk,NL
bifuɾkes,bifuɾkes,bifuɾk,bifuɾk,NL
bifuɾkes,bifuɾkes,bifuɾk,bifuɾk,NL
bifuɾkes,bifuɾkes,bifuɾk,bifuɾk,NL
bifuɾkes,bifuɾkes,bifuɾk,bifuɾk,NL
bifuɾkes,bifuɾkes,bifuɾk,bifuɾk,NL
bifuɾke,bifuɾke,bifuɾk,bifuɾk,NL
bifuɾke,bifuɾke,bifuɾk,bifuɾk,NL
bifuɾke,bifuɾke,bifuɾk,bifuɾk,NL
bifuɾke,bifuɾke,bifuɾk,bifuɾk,NL
bifuɾke,bifuɾke,bifuɾk,bifuɾk,NL
bifuɾke,bifuɾke,bifuɾk,bifuɾk,NL
bifuɾke,bifuɾke,bifuɾk,bifuɾk,NL
bifuɾke,bifuɾke,bifuɾk,bifuɾk,NL
bifuɾke,bifuɾke,bifuɾk,bifuɾk,NL
bifuɾke,bifuɾke,bifuɾk,bifuɾk,NL
bifuɾke,bifuɾke,bifuɾk,bifuɾk,NL
bifuɾke,bifuɾke,bifuɾk,bifuɾk,NL
bifuɾke,bifuɾke,bifuɾk,bifuɾk,NL
bifuɾke,bifuɾke,bifuɾk,bifuɾk,NL
bifuɾke,bifuɾke,bifuɾk,bifuɾk,NL
bifuɾke,bifuɾke,bifuɾk,bifuɾk,NL
bifuɾke,bifuɾke,bifuɾk,bifuɾk,NL
bifuɾke,bifuɾke,bifuɾk,bifuɾk,NL
bifuɾke,bifuɾke,bifuɾk,bifuɾk,NL
bifuɾke,bifuɾke,bifuɾk,bifuɾk,NL
bifuɾke,bifuɾke,bifuɾk,bifuɾk,NL
bifuɾke,bifuɾke,bifuɾk,bifuɾk,NL
bifuɾke,bifuɾke,bifuɾk,bifuɾk,NL
bifuɾke,bifuɾke,bifuɾk,bifuɾk,NL
bifuɾke,bifuɾke,bifuɾk,bifuɾk,NL
bifuɾke,bifuɾke,bifuɾk,bifuɾk,NL
bifuɾke,bifuɾke,bifuɾk,bifuɾk,NL
bifuɾke,bifuɾke,bifuɾk,bifuɾk,NL
bifuɾke,bifuɾke,bifuɾk,bifuɾk,NL
bifuɾke,bifuɾke,bifuɾk,bifuɾk,NL
bifuɾke,bifuɾke,bifuɾk,bifuɾk,NL
bifuɾke,bifuɾke,bifuɾk,bifuɾk,NL
bifuɾke,bifuɾke,bifuɾk,bifuɾk,NL
bifuɾke,bifuɾke,bifuɾk,bifuɾk,NL
bifuɾke,bifuɾke,bifuɾk,bifuɾk,NL
bifuɾke,bifuɾke,bifuɾk,bifuɾk,NL
bifuɾke,bifuɾke,bifuɾk,bifuɾk,NL
bifuɾke,bifuɾke,bifuɾk,bifuɾk,NL
bifuɾke,bifuɾke,bifuɾk,bifuɾk,NL
bifuɾke,bifuɾke,bifuɾk,bifuɾk,NL
bifuɾke,bifuɾke,bifuɾk,bifuɾk,NL
bifuɾke,bifuɾke,bifuɾk,bifuɾk,NL
bifuɾke,bifuɾke,bifuɾk,bifuɾk,NL
bifuɾke,bifuɾke,bifuɾk,bifuɾk,NL
bifuɾke,bifuɾke,bifuɾk,bifuɾk,NL
bifuɾke,bifuɾke,bifuɾk,bifuɾk,NL
bifuɾke,bifuɾke,bifuɾk,bifuɾk,NL
bifuɾke,bifuɾke,bifuɾk,bifuɾk,NL
bifuɾke,bifuɾke,bifuɾk,bifuɾk,NL
bifuɾke,bifuɾke,bifuɾk,bifuɾk,NL
bifuɾke,bifuɾke,bifuɾk,bifuɾk,NL
bifuɾke,bifuɾke,bifuɾk,bifuɾk,NL
bifuɾke,bifuɾke,bifuɾk,bifuɾk,NL
bifuɾke,bifuɾke,bifuɾk,bifuɾk,NL
bifuɾke,bifuɾke,bifuɾk,bifuɾk,NL
bifuɾke,bifuɾke,bifuɾk,bifuɾk,NL
bifuɾke,bifuɾke,bifuɾk,bifuɾk,NL
bifuɾke,bifuɾke,bifuɾk,bifuɾk,NL
bifuɾke,bifuɾke,bifuɾk,bifuɾk,NL
bifuɾke,bifuɾke,bifuɾk,bifuɾk,NL
bifuɾke,bifuɾke,bifuɾk,bifuɾk,NL
bifuɾke,bifuɾke,bifuɾk,bifuɾk,NL
bifuɾke,bifuɾke,bifuɾk,bifuɾk,NL
bifuɾke,bifuɾke,bifuɾk,bifuɾk,NL
bifuɾke,bifuɾke,bifuɾk,bifuɾk,NL
bifuɾke,bifuɾke,bifuɾk,bifuɾk,NL
bifuɾke,bifuɾke,bifuɾk,bifuɾk,NL
bifuɾke,bifuɾke,bifuɾk,bifuɾk,NL
bifuɾke,bifuɾke,bifuɾk,bifuɾk,NL
bifuɾke,bifuɾke,bifuɾk,bifuɾk,NL
bifuɾke,bifuɾke,bifuɾk,bifuɾk,NL
bifuɾke,bifuɾke,bifuɾk,bifuɾk,NL
bifuɾke,bifuɾke,bifuɾk,bifuɾk,NL
bifuɾke,bifuɾke,bifuɾk,bifuɾk,NL
bifuɾke,bifuɾke,bifuɾk,bifuɾk,NL
bifuɾke,bifuɾke,bifuɾk,bifuɾk,NL
bifuɾke,bifuɾke,bifuɾk,bifuɾk,NL
bifuɾke,bifuɾke,bifuɾk,bifuɾk,NL
bifuɾke,bifuɾke,bifuɾk,bifuɾk,NL
bifuɾke,bifuɾke,bifuɾk,bifuɾk,NL
bifuɾke,bifuɾke,bifuɾk,bifuɾk,NL
bifuɾke,bifuɾke,bifuɾk,bifuɾk,NL
bifuɾke,bifuɾke,bifuɾk,bifuɾk,NL
bifuɾke,bifuɾke,bifuɾk,bifuɾk,NL
bifuɾke,bifuɾke,bifuɾk,bifuɾk,NL
bifuɾke,bifuɾke,bifuɾk,bifuɾk,NL
bifuɾke,bifuɾke,bifuɾk,bifuɾk,NL
bifuɾke,bifuɾke,bifuɾk,bifuɾk,NL
bifuɾke,bifuɾke,bifuɾk,bifuɾk,NL
bifuɾke,bifuɾke,bifuɾk,bifuɾk,NL
bifuɾke,bifuɾke,bifuɾk,bifuɾk,NL
bifuɾke,bifuɾke,bifuɾk,bifuɾk,NL
bifuɾke,bifuɾke,bifuɾk,bifuɾk,NL
bifuɾke,bifuɾke,bifuɾk,bifuɾk,NL
bifuɾke,bifuɾke,bifuɾk,bifuɾk,NL
bifuɾke,bifuɾke,bifuɾk,bifuɾk,NL
bifuɾke,bifuɾke,bifuɾk,bifuɾk,NL
bifuɾke,bifuɾke,bifuɾk,bifuɾk,NL
bifuɾke,bifuɾke,bifuɾk,bifuɾk,NL
bifuɾke,bifuɾke,bifuɾk,bifuɾk,NL
bifuɾke,bifuɾke,bifuɾk,bifuɾk,NL
bifuɾke,bifuɾke,bifuɾk,bifuɾk,NL
bifuɾke,bifuɾke,bifuɾk,bifuɾk,NL
bifuɾke,bifuɾke,bifuɾk,bifuɾk,NL
bifuɾke,bifuɾke,bifuɾk,bifuɾk,NL
bifuɾke,bifuɾke,bifuɾk,bifuɾk,NL
bifuɾke,bifuɾke,bifuɾk,bifuɾk,NL
bifuɾke,bifuɾke,bifuɾk,bifuɾk,NL
bifuɾke,bifuɾke,bifuɾk,bifuɾk,NL
bifuɾke,bifuɾke,bifuɾk,bifuɾk,NL
aɡarotajs,aɡarotajs,aɡarot,aɡarot,NL
aɡarotajs,aɡarotajs,aɡarot,aɡarot,NL
aɡarotajs,aɡarotajs,aɡarot,aɡarot,NL
aɡarotajs,aɡarotajs,aɡarot,aɡarot,NL
aɡarotajs,aɡarotajs,aɡarot,aɡarot,NL
aɡarotajs,aɡarotajs,aɡarot,aɡarot,NL
aɡarotajs,aɡarotajs,aɡarot,aɡarot,NL
aɡarotajs,aɡarotajs,aɡarot,aɡarot,NL
aɡarotajs,aɡarotajs,aɡarot,aɡarot,NL
aɡarotajs,aɡarotajs,aɡarot,aɡarot,NL
aɡarotajs,aɡarotajs,aɡarot,aɡarot,NL
aɡarotajs,aɡarotajs,aɡarot,aɡarot,NL
aɡarotajs,aɡarotajs,aɡarot,aɡarot,NL
aɡarotajs,aɡarotajs,aɡarot,aɡarot,NL
aɡarotajs,aɡarotajs,aɡarot,aɡarot,NL
aɡarotajs,aɡarotajs,aɡarot,aɡarot,NL
aɡarotajs,aɡarotajs,aɡarot,aɡarot,NL
aɡarotajs,aɡarotajs,aɡarot,aɡarot,NL
aɡarotajs,aɡarotajs,aɡarot,aɡarot,NL
aɡarotajs,aɡarotajs,aɡarot,aɡarot,NL
aɡarotajs,aɡarotajs,aɡarot,aɡarot,NL
aɡarotajs,aɡarotajs,aɡarot,aɡarot,NL
aɡarotajs,aɡarotajs,aɡarot,aɡarot,NL
aɡarotajs,aɡarotajs,aɡarot,aɡarot,NL
aɡarotajs,aɡarotajs,aɡarot,aɡarot,NL
aɡarotajs,aɡarotajs,aɡarot,aɡarot,NL
aɡarotajs,aɡarotajs,aɡarot,aɡarot,NL
aɡarotajs,aɡarotajs,aɡarot,aɡarot,NL
aɡarotajs,aɡarotajs,aɡarot,aɡarot,NL
aɡarotajs,aɡarotajs,aɡarot,aɡarot,NL
aɡarotajs,aɡarotajs,aɡarot,aɡarot,NL
aɡarotajs,aɡarotajs,aɡarot,aɡarot,NL
aɡarotajs,aɡarotajs,aɡarot,aɡarot,NL
aɡarotajs,aɡarotajs,aɡarot,aɡarot,NL
aɡarotajs,aɡarotajs,aɡarot,aɡarot,NL
aɡarotajs,aɡarotajs,aɡarot,aɡarot,NL
aɡarotajs,aɡarotajs,aɡarot,aɡarot,NL
aɡarotajs,aɡarotajs,aɡarot,aɡarot,NL
aɡarotajs,aɡarotajs,aɡarot,aɡarot,NL
aɡarotajs,aɡarotajs,aɡarot,aɡarot,NL
aɡarotajs,aɡarotajs,aɡarot,aɡarot,NL
aɡarotajs,aɡarotajs,aɡarot,aɡarot,NL
aɡarotajs,aɡarotajs,aɡarot,aɡarot,NL
aɡarotajs,aɡarotajs,aɡarot,aɡarot,NL
aɡarotajs,aɡarotajs,aɡarot,aɡarot,NL
aɡarotajs,aɡarotajs,aɡarot,aɡarot,NL
aɡarotajs,aɡarotajs,aɡarot,aɡarot,NL
aɡarotajs,aɡarotajs,aɡarot,aɡarot,NL
aɡarotajs,aɡarotajs,aɡarot,aɡarot,NL
aɡarotajs,aɡarotajs,aɡarot,aɡarot,NL
aɡarotajs,aɡarotajs,aɡarot,aɡarot,NL
aɡarotajs,aɡarotajs,aɡarot,aɡarot,NL
aɡarotajs,aɡarotajs,aɡarot,aɡarot,NL
aɡarotajs,aɡarotajs,aɡarot,aɡarot,NL
aɡarotajs,aɡarotajs,aɡarot,aɡarot,NL
aɡarotamos,aɡarotamos,aɡarot,aɡarot,NL
aɡarotamos,aɡarotamos,aɡarot,aɡarot,NL
aɡarotamos,aɡarotamos,aɡarot,aɡarot,NL
aɡarotamos,aɡarotamos,aɡarot,aɡarot,NL
aɡarotamos,aɡarotamos,aɡarot,aɡarot,NL
aɡarotamos,aɡarotamos,aɡarot,aɡarot,NL
aɡarotamos,aɡarotamos,aɡarot,aɡarot,NL
aɡarotamos,aɡarotamos,aɡarot,aɡarot,NL
aɡarotamos,aɡarotamos,aɡarot,aɡarot,NL
aɡarotamos,aɡarotamos,aɡarot,aɡarot,NL
aɡarotamos,aɡarotamos,aɡarot,aɡarot,NL
aɡarotamos,aɡarotamos,aɡarot,aɡarot,NL
aɡarotamos,aɡarotamos,aɡarot,aɡarot,NL
aɡarotamos,aɡarotamos,aɡarot,aɡarot,NL
aɡarotamos,aɡarotamos,aɡarot,aɡarot,NL
aɡarotamos,aɡarotamos,aɡarot,aɡarot,NL
aɡarotamos,aɡarotamos,aɡarot,aɡarot,NL
aɡarotamos,aɡarotamos,aɡarot,aɡarot,NL
aɡarotamos,aɡarotamos,aɡarot,aɡarot,NL
aɡarotamos,aɡarotamos,aɡarot,aɡarot,NL
aɡarotamos,aɡarotamos,aɡarot,aɡarot,NL
aɡarotamos,aɡarotamos,aɡarot,aɡarot,NL
aɡarotamos,aɡarotamos,aɡarot,aɡarot,NL
aɡarotamos,aɡarotamos,aɡarot,aɡarot,NL
aɡarotamos,aɡarotamos,aɡarot,aɡarot,NL
aɡarotamos,aɡarotamos,aɡarot,aɡarot,NL
aɡarotamos,aɡarotamos,aɡarot,aɡarot,NL
aɡarotamos,aɡarotamos,aɡarot,aɡarot,NL
aɡarotamos,aɡarotamos,aɡarot,aɡarot,NL
aɡarotamos,aɡarotamos,aɡarot,aɡarot,NL
aɡarotamos,aɡarotamos,aɡarot,aɡarot,NL
aɡarotamos,aɡarotamos,aɡarot,aɡarot,NL
aɡarotamos,aɡarotamos,aɡarot,aɡarot,NL
aɡarotamos,aɡarotamos,aɡarot,aɡarot,NL
aɡarotamos,aɡarotamos,aɡarot,aɡarot,NL
aɡarotamos,aɡarotamos,aɡarot,aɡarot,NL
aɡarotamos,aɡarotamos,aɡarot,aɡarot,NL
aɡarotamos,aɡarotamos,aɡarot,aɡarot,NL
aɡarotamos,aɡarotamos,aɡarot,aɡarot,NL
aɡarotamos,aɡarotamos,aɡarot,aɡarot,NL
aɡarotamos,aɡarotamos,aɡarot,aɡarot,NL
aɡarotamos,aɡarotamos,aɡarot,aɡarot,NL
aɡarotamos,aɡarotamos,aɡarot,aɡarot,NL
aɡarotamos,aɡarotamos,aɡarot,aɡarot,NL
aɡarotamos,aɡarotamos,aɡarot,aɡarot,NL
aɡarotamos,aɡarotamos,aɡarot,aɡarot,NL
aɡarotamos,aɡarotamos,aɡarot,aɡarot,NL
aɡarotamos,aɡarotamos,aɡarot,aɡarot,NL
aɡarotamos,aɡarotamos,aɡarot,aɡarot,NL
aɡarotamos,aɡarotamos,aɡarot,aɡarot,NL
aɡarotamos,aɡarotamos,aɡarot,aɡarot,NL
aɡarotamos,aɡarotamos,aɡarot,aɡarot,NL
aɡarotamos,aɡarotamos,aɡarot,aɡarot,NL
aɡarotamos,aɡarotamos,aɡarot,aɡarot,NL
aɡarotamos,aɡarotamos,aɡarot,aɡarot,NL
aɡarotan,aɡarotan,aɡarot,aɡarot,NL
aɡarotan,aɡarotan,aɡarot,aɡarot,NL
aɡarotan,aɡarotan,aɡarot,aɡarot,NL
aɡarotan,aɡarotan,aɡarot,aɡarot,NL
aɡarotan,aɡarotan,aɡarot,aɡarot,NL
aɡarotan,aɡarotan,aɡarot,aɡarot,NL
aɡarotan,aɡarotan,aɡarot,aɡarot,NL
aɡarotan,aɡarotan,aɡarot,aɡarot,NL
aɡarotan,aɡarotan,aɡarot,aɡarot,NL
aɡarotan,aɡarotan,aɡarot,aɡarot,NL
aɡarotan,aɡarotan,aɡarot,aɡarot,NL
aɡarotan,aɡarotan,aɡarot,aɡarot,NL
aɡarotan,aɡarotan,aɡarot,aɡarot,NL
aɡarotan,aɡarotan,aɡarot,aɡarot,NL
aɡarotan,aɡarotan,aɡarot,aɡarot,NL
aɡarotan,aɡarotan,aɡarot,aɡarot,NL
aɡarotan,aɡarotan,aɡarot,aɡarot,NL
aɡarotan,aɡarotan,aɡarot,aɡarot,NL
aɡarotan,aɡarotan,aɡarot,aɡarot,NL
aɡarotan,aɡarotan,aɡarot,aɡarot,NL
aɡarotan,aɡarotan,aɡarot,aɡarot,NL
aɡarotan,aɡarotan,aɡarot,aɡarot,NL
aɡarotan,aɡarotan,aɡarot,aɡarot,NL
aɡarotan,aɡarotan,aɡarot,aɡarot,NL
aɡarotan,aɡarotan,aɡarot,aɡarot,NL
aɡarotan,aɡarotan,aɡarot,aɡarot,NL
aɡarotan,aɡarotan,aɡarot,aɡarot,NL
aɡarotan,aɡarotan,aɡarot,aɡarot,NL
aɡarotan,aɡarotan,aɡarot,aɡarot,NL
aɡarotan,aɡarotan,aɡarot,aɡarot,NL
aɡarotan,aɡarotan,aɡarot,aɡarot,NL
aɡarotan,aɡarotan,aɡarot,aɡarot,NL
aɡarotan,aɡarotan,aɡarot,aɡarot,NL
aɡarotan,aɡarotan,aɡarot,aɡarot,NL
aɡarotan,aɡarotan,aɡarot,aɡarot,NL
aɡarotan,aɡarotan,aɡarot,aɡarot,NL
aɡarotan,aɡarotan,aɡarot,aɡarot,NL
aɡarotan,aɡarotan,aɡarot,aɡarot,NL
aɡarotan,aɡarotan,aɡarot,aɡarot,NL
aɡarotan,aɡarotan,aɡarot,aɡarot,NL
aɡarotan,aɡarotan,aɡarot,aɡarot,NL
aɡarotan,aɡarotan,aɡarot,aɡarot,NL
aɡarotan,aɡarotan,aɡarot,aɡarot,NL
aɡarotan,aɡarotan,aɡarot,aɡarot,NL
aɡarotan,aɡarotan,aɡarot,aɡarot,NL
aɡarotan,aɡarotan,aɡarot,aɡarot,NL
aɡarotan,aɡarotan,aɡarot,aɡarot,NL
aɡarotan,aɡarotan,aɡarot,aɡarot,NL
aɡarotan,aɡarotan,aɡarot,aɡarot,NL
aɡarotan,aɡarotan,aɡarot,aɡarot,NL
aɡarotan,aɡarotan,aɡarot,aɡarot,NL
aɡarotan,aɡarotan,aɡarot,aɡarot,NL
aɡarotan,aɡarotan,aɡarot,aɡarot,NL
aɡarotan,aɡarotan,aɡarot,aɡarot,NL
aɡarotan,aɡarotan,aɡarot,aɡarot,NL
aɡarotas,aɡarotas,aɡarot,aɡarot,NL
aɡarotas,aɡarotas,aɡarot,aɡarot,NL
aɡarotas,aɡarotas,aɡarot,aɡarot,NL
aɡarotas,aɡarotas,aɡarot,aɡarot,NL
aɡarotas,aɡarotas,aɡarot,aɡarot,NL
aɡarotas,aɡarotas,aɡarot,aɡarot,NL
aɡarotas,aɡarotas,aɡarot,aɡarot,NL
aɡarotas,aɡarotas,aɡarot,aɡarot,NL
aɡarotas,aɡarotas,aɡarot,aɡarot,NL
aɡarotas,aɡarotas,aɡarot,aɡarot,NL
aɡarotas,aɡarotas,aɡarot,aɡarot,NL
aɡarotas,aɡarotas,aɡarot,aɡarot,NL
aɡarotas,aɡarotas,aɡarot,aɡarot,NL
aɡarotas,aɡarotas,aɡarot,aɡarot,NL
aɡarotas,aɡarotas,aɡarot,aɡarot,NL
aɡarotas,aɡarotas,aɡarot,aɡarot,NL
aɡarotas,aɡarotas,aɡarot,aɡarot,NL
aɡarotas,aɡarotas,aɡarot,aɡarot,NL
aɡarotas,aɡarotas,aɡarot,aɡarot,NL
aɡarotas,aɡarotas,aɡarot,aɡarot,NL
aɡarotas,aɡarotas,aɡarot,aɡarot,NL
aɡarotas,aɡarotas,aɡarot,aɡarot,NL
aɡarotas,aɡarotas,aɡarot,aɡarot,NL
aɡarotas,aɡarotas,aɡarot,aɡarot,NL
aɡarotas,aɡarotas,aɡarot,aɡarot,NL
aɡarotas,aɡarotas,aɡarot,aɡarot,NL
aɡarotas,aɡarotas,aɡarot,aɡarot,NL
aɡarotas,aɡarotas,aɡarot,aɡarot,NL
aɡarotas,aɡarotas,aɡarot,aɡarot,NL
aɡarotas,aɡarotas,aɡarot,aɡarot,NL
aɡarotas,aɡarotas,aɡarot,aɡarot,NL
aɡarotas,aɡarotas,aɡarot,aɡarot,NL
aɡarotas,aɡarotas,aɡarot,aɡarot,NL
aɡarotas,aɡarotas,aɡarot,aɡarot,NL
aɡarotas,aɡarotas,aɡarot,aɡarot,NL
aɡarotas,aɡarotas,aɡarot,aɡarot,NL
aɡarotas,aɡarotas,aɡarot,aɡarot,NL
aɡarotas,aɡarotas,aɡarot,aɡarot,NL
aɡarotas,aɡarotas,aɡarot,aɡarot,NL
aɡarotas,aɡarotas,aɡarot,aɡarot,NL
aɡarotas,aɡarotas,aɡarot,aɡarot,NL
aɡarotas,aɡarotas,aɡarot,aɡarot,NL
aɡarotas,aɡarotas,aɡarot,aɡarot,NL
aɡarotas,aɡarotas,aɡarot,aɡarot,NL
aɡarotas,aɡarotas,aɡarot,aɡarot,NL
aɡarotas,aɡarotas,aɡarot,aɡarot,NL
aɡarotas,aɡarotas,aɡarot,aɡarot,NL
aɡarotas,aɡarotas,aɡarot,aɡarot,NL
aɡarotas,aɡarotas,aɡarot,aɡarot,NL
aɡarotas,aɡarotas,aɡarot,aɡarot,NL
aɡarotas,aɡarotas,aɡarot,aɡarot,NL
aɡarotas,aɡarotas,aɡarot,aɡarot,NL
aɡarotas,aɡarotas,aɡarot,aɡarot,NL
aɡarotas,aɡarotas,aɡarot,aɡarot,NL
aɡarotas,aɡarotas,aɡarot,aɡarot,NL
aɡarota,aɡarota,aɡarot,aɡarot,NL
aɡarota,aɡarota,aɡarot,aɡarot,NL
aɡarota,aɡarota,aɡarot,aɡarot,NL
aɡarota,aɡarota,aɡarot,aɡarot,NL
aɡarota,aɡarota,aɡarot,aɡarot,NL
aɡarota,aɡarota,aɡarot,aɡarot,NL
aɡarota,aɡarota,aɡarot,aɡarot,NL
aɡarota,aɡarota,aɡarot,aɡarot,NL
aɡarota,aɡarota,aɡarot,aɡarot,NL
aɡarota,aɡarota,aɡarot,aɡarot,NL
aɡarota,aɡarota,aɡarot,aɡarot,NL
aɡarota,aɡarota,aɡarot,aɡarot,NL
aɡarota,aɡarota,aɡarot,aɡarot,NL
aɡarota,aɡarota,aɡarot,aɡarot,NL
aɡarota,aɡarota,aɡarot,aɡarot,NL
aɡarota,aɡarota,aɡarot,aɡarot,NL
aɡarota,aɡarota,aɡarot,aɡarot,NL
aɡarota,aɡarota,aɡarot,aɡarot,NL
aɡarota,aɡarota,aɡarot,aɡarot,NL
aɡarota,aɡarota,aɡarot,aɡarot,NL
aɡarota,aɡarota,aɡarot,aɡarot,NL
aɡarota,aɡarota,aɡarot,aɡarot,NL
aɡarota,aɡarota,aɡarot,aɡarot,NL
aɡarota,aɡarota,aɡarot,aɡarot,NL
aɡarota,aɡarota,aɡarot,aɡarot,NL
aɡarota,aɡarota,aɡarot,aɡarot,NL
aɡarota,aɡarota,aɡarot,aɡarot,NL
aɡarota,aɡarota,aɡarot,aɡarot,NL
aɡarota,aɡarota,aɡarot,aɡarot,NL
aɡarota,aɡarota,aɡarot,aɡarot,NL
aɡarota,aɡarota,aɡarot,aɡarot,NL
aɡarota,aɡarota,aɡarot,aɡarot,NL
aɡarota,aɡarota,aɡarot,aɡarot,NL
aɡarota,aɡarota,aɡarot,aɡarot,NL
aɡarota,aɡarota,aɡarot,aɡarot,NL
aɡarota,aɡarota,aɡarot,aɡarot,NL
aɡarota,aɡarota,aɡarot,aɡarot,NL
aɡarota,aɡarota,aɡarot,aɡarot,NL
aɡarota,aɡarota,aɡarot,aɡarot,NL
aɡarota,aɡarota,aɡarot,aɡarot,NL
aɡarota,aɡarota,aɡarot,aɡarot,NL
aɡarota,aɡarota,aɡarot,aɡarot,NL
aɡarota,aɡarota,aɡarot,aɡarot,NL
aɡarota,aɡarota,aɡarot,aɡarot,NL
aɡarota,aɡarota,aɡarot,aɡarot,NL
aɡarota,aɡarota,aɡarot,aɡarot,NL
aɡarota,aɡarota,aɡarot,aɡarot,NL
aɡarota,aɡarota,aɡarot,aɡarot,NL
aɡarota,aɡarota,aɡarot,aɡarot,NL
aɡarota,aɡarota,aɡarot,aɡarot,NL
aɡarota,aɡarota,aɡarot,aɡarot,NL
aɡarota,aɡarota,aɡarot,aɡarot,NL
aɡarota,aɡarota,aɡarot,aɡarot,NL
aɡarota,aɡarota,aɡarot,aɡarot,NL
aɡarota,aɡarota,aɡarot,aɡarot,NL
aɡarotejs,aɡarotejs,aɡarot,aɡarot,NL
aɡarotejs,aɡarotejs,aɡarot,aɡarot,NL
aɡarotejs,aɡarotejs,aɡarot,aɡarot,NL
aɡarotejs,aɡarotejs,aɡarot,aɡarot,NL
aɡarotejs,aɡarotejs,aɡarot,aɡarot,NL
aɡarotejs,aɡarotejs,aɡarot,aɡarot,NL
aɡarotejs,aɡarotejs,aɡarot,aɡarot,NL
aɡarotejs,aɡarotejs,aɡarot,aɡarot,NL
aɡarotejs,aɡarotejs,aɡarot,aɡarot,NL
aɡarotejs,aɡarotejs,aɡarot,aɡarot,NL
aɡarotejs,aɡarotejs,aɡarot,aɡarot,NL
aɡarotejs,aɡarotejs,aɡarot,aɡarot,NL
aɡarotejs,aɡarotejs,aɡarot,aɡarot,NL
aɡarotejs,aɡarotejs,aɡarot,aɡarot,NL
aɡarotejs,aɡarotejs,aɡarot,aɡarot,NL
aɡarotejs,aɡarotejs,aɡarot,aɡarot,NL
aɡarotejs,aɡarotejs,aɡarot,aɡarot,NL
aɡarotejs,aɡarotejs,aɡarot,aɡarot,NL
aɡarotejs,aɡarotejs,aɡarot,aɡarot,NL
aɡarotejs,aɡarotejs,aɡarot,aɡarot,NL
aɡarotejs,aɡarotejs,aɡarot,aɡarot,NL
aɡarotejs,aɡarotejs,aɡarot,aɡarot,NL
aɡarotejs,aɡarotejs,aɡarot,aɡarot,NL
aɡarotejs,aɡarotejs,aɡarot,aɡarot,NL
aɡarotejs,aɡarotejs,aɡarot,aɡarot,NL
aɡarotejs,aɡarotejs,aɡarot,aɡarot,NL
aɡarotejs,aɡarotejs,aɡarot,aɡarot,NL
aɡarotejs,aɡarotejs,aɡarot,aɡarot,NL
aɡarotejs,aɡarotejs,aɡarot,aɡarot,NL
aɡarotejs,aɡarotejs,aɡarot,aɡarot,NL
aɡarotejs,aɡarotejs,aɡarot,aɡarot,NL
aɡarotejs,aɡarotejs,aɡarot,aɡarot,NL
aɡarotejs,aɡarotejs,aɡarot,aɡarot,NL
aɡarotejs,aɡarotejs,aɡarot,aɡarot,NL
aɡarotejs,aɡarotejs,aɡarot,aɡarot,NL
aɡarotejs,aɡarotejs,aɡarot,aɡarot,NL
aɡarotejs,aɡarotejs,aɡarot,aɡarot,NL
aɡarotejs,aɡarotejs,aɡarot,aɡarot,NL
aɡarotejs,aɡarotejs,aɡarot,aɡarot,NL
aɡarotejs,aɡarotejs,aɡarot,aɡarot,NL
aɡarotejs,aɡarotejs,aɡarot,aɡarot,NL
aɡarotejs,aɡarotejs,aɡarot,aɡarot,NL
aɡarotejs,aɡarotejs,aɡarot,aɡarot,NL
aɡarotejs,aɡarotejs,aɡarot,aɡarot,NL
aɡarotejs,aɡarotejs,aɡarot,aɡarot,NL
aɡarotejs,aɡarotejs,aɡarot,aɡarot,NL
aɡarotejs,aɡarotejs,aɡarot,aɡarot,NL
aɡarotejs,aɡarotejs,aɡarot,aɡarot,NL
aɡarotejs,aɡarotejs,aɡarot,aɡarot,NL
aɡarotejs,aɡarotejs,aɡarot,aɡarot,NL
aɡarotejs,aɡarotejs,aɡarot,aɡarot,NL
aɡarotejs,aɡarotejs,aɡarot,aɡarot,NL
aɡarotejs,aɡarotejs,aɡarot,aɡarot,NL
aɡarotejs,aɡarotejs,aɡarot,aɡarot,NL
aɡarotejs,aɡarotejs,aɡarot,aɡarot,NL
aɡarotemos,aɡarotemos,aɡarot,aɡarot,NL
aɡarotemos,aɡarotemos,aɡarot,aɡarot,NL
aɡarotemos,aɡarotemos,aɡarot,aɡarot,NL
aɡarotemos,aɡarotemos,aɡarot,aɡarot,NL
aɡarotemos,aɡarotemos,aɡarot,aɡarot,NL
aɡarotemos,aɡarotemos,aɡarot,aɡarot,NL
aɡarotemos,aɡarotemos,aɡarot,aɡarot,NL
aɡarotemos,aɡarotemos,aɡarot,aɡarot,NL
aɡarotemos,aɡarotemos,aɡarot,aɡarot,NL
aɡarotemos,aɡarotemos,aɡarot,aɡarot,NL
aɡarotemos,aɡarotemos,aɡarot,aɡarot,NL
aɡarotemos,aɡarotemos,aɡarot,aɡarot,NL
aɡarotemos,aɡarotemos,aɡarot,aɡarot,NL
aɡarotemos,aɡarotemos,aɡarot,aɡarot,NL
aɡarotemos,aɡarotemos,aɡarot,aɡarot,NL
aɡarotemos,aɡarotemos,aɡarot,aɡarot,NL
aɡarotemos,aɡarotemos,aɡarot,aɡarot,NL
aɡarotemos,aɡarotemos,aɡarot,aɡarot,NL
aɡarotemos,aɡarotemos,aɡarot,aɡarot,NL
aɡarotemos,aɡarotemos,aɡarot,aɡarot,NL
aɡarotemos,aɡarotemos,aɡarot,aɡarot,NL
aɡarotemos,aɡarotemos,aɡarot,aɡarot,NL
aɡarotemos,aɡarotemos,aɡarot,aɡarot,NL
aɡarotemos,aɡarotemos,aɡarot,aɡarot,NL
aɡarotemos,aɡarotemos,aɡarot,aɡarot,NL
aɡarotemos,aɡarotemos,aɡarot,aɡarot,NL
aɡarotemos,aɡarotemos,aɡarot,aɡarot,NL
aɡarotemos,aɡarotemos,aɡarot,aɡarot,NL
aɡarotemos,aɡarotemos,aɡarot,aɡarot,NL
aɡarotemos,aɡarotemos,aɡarot,aɡarot,NL
aɡarotemos,aɡarotemos,aɡarot,aɡarot,NL
aɡarotemos,aɡarotemos,aɡarot,aɡarot,NL
aɡarotemos,aɡarotemos,aɡarot,aɡarot,NL
aɡarotemos,aɡarotemos,aɡarot,aɡarot,NL
aɡarotemos,aɡarotemos,aɡarot,aɡarot,NL
aɡarotemos,aɡarotemos,aɡarot,aɡarot,NL
aɡarotemos,aɡarotemos,aɡarot,aɡarot,NL
aɡarotemos,aɡarotemos,aɡarot,aɡarot,NL
aɡarotemos,aɡarotemos,aɡarot,aɡarot,NL
aɡarotemos,aɡarotemos,aɡarot,aɡarot,NL
aɡarotemos,aɡarotemos,aɡarot,aɡarot,NL
aɡarotemos,aɡarotemos,aɡarot,aɡarot,NL
aɡarotemos,aɡarotemos,aɡarot,aɡarot,NL
aɡarotemos,aɡarotemos,aɡarot,aɡarot,NL
aɡarotemos,aɡarotemos,aɡarot,aɡarot,NL
aɡarotemos,aɡarotemos,aɡarot,aɡarot,NL
aɡarotemos,aɡarotemos,aɡarot,aɡarot,NL
aɡarotemos,aɡarotemos,aɡarot,aɡarot,NL
aɡarotemos,aɡarotemos,aɡarot,aɡarot,NL
aɡarotemos,aɡarotemos,aɡarot,aɡarot,NL
aɡarotemos,aɡarotemos,aɡarot,aɡarot,NL
aɡarotemos,aɡarotemos,aɡarot,aɡarot,NL
aɡarotemos,aɡarotemos,aɡarot,aɡarot,NL
aɡarotemos,aɡarotemos,aɡarot,aɡarot,NL
aɡarotemos,aɡarotemos,aɡarot,aɡarot,NL
aɡaroten,aɡaroten,aɡarot,aɡarot,NL
aɡaroten,aɡaroten,aɡarot,aɡarot,NL
aɡaroten,aɡaroten,aɡarot,aɡarot,NL
aɡaroten,aɡaroten,aɡarot,aɡarot,NL
aɡaroten,aɡaroten,aɡarot,aɡarot,NL
aɡaroten,aɡaroten,aɡarot,aɡarot,NL
aɡaroten,aɡaroten,aɡarot,aɡarot,NL
aɡaroten,aɡaroten,aɡarot,aɡarot,NL
aɡaroten,aɡaroten,aɡarot,aɡarot,NL
aɡaroten,aɡaroten,aɡarot,aɡarot,NL
aɡaroten,aɡaroten,aɡarot,aɡarot,NL
aɡaroten,aɡaroten,aɡarot,aɡarot,NL
aɡaroten,aɡaroten,aɡarot,aɡarot,NL
aɡaroten,aɡaroten,aɡarot,aɡarot,NL
aɡaroten,aɡaroten,aɡarot,aɡarot,NL
aɡaroten,aɡaroten,aɡarot,aɡarot,NL
aɡaroten,aɡaroten,aɡarot,aɡarot,NL
aɡaroten,aɡaroten,aɡarot,aɡarot,NL
aɡaroten,aɡaroten,aɡarot,aɡarot,NL
aɡaroten,aɡaroten,aɡarot,aɡarot,NL
aɡaroten,aɡaroten,aɡarot,aɡarot,NL
aɡaroten,aɡaroten,aɡarot,aɡarot,NL
aɡaroten,aɡaroten,aɡarot,aɡarot,NL
aɡaroten,aɡaroten,aɡarot,aɡarot,NL
aɡaroten,aɡaroten,aɡarot,aɡarot,NL
aɡaroten,aɡaroten,aɡarot,aɡarot,NL
aɡaroten,aɡaroten,aɡarot,aɡarot,NL
aɡaroten,aɡaroten,aɡarot,aɡarot,NL
aɡaroten,aɡaroten,aɡarot,aɡarot,NL
aɡaroten,aɡaroten,aɡarot,aɡarot,NL
aɡaroten,aɡaroten,aɡarot,aɡarot,NL
aɡaroten,aɡaroten,aɡarot,aɡarot,NL
aɡaroten,aɡaroten,aɡarot,aɡarot,NL
aɡaroten,aɡaroten,aɡarot,aɡarot,NL
aɡaroten,aɡaroten,aɡarot,aɡarot,NL
aɡaroten,aɡaroten,aɡarot,aɡarot,NL
aɡaroten,aɡaroten,aɡarot,aɡarot,NL
aɡaroten,aɡaroten,aɡarot,aɡarot,NL
aɡaroten,aɡaroten,aɡarot,aɡarot,NL
aɡaroten,aɡaroten,aɡarot,aɡarot,NL
aɡaroten,aɡaroten,aɡarot,aɡarot,NL
aɡaroten,aɡaroten,aɡarot,aɡarot,NL
aɡaroten,aɡaroten,aɡarot,aɡarot,NL
aɡaroten,aɡaroten,aɡarot,aɡarot,NL
aɡaroten,aɡaroten,aɡarot,aɡarot,NL
aɡaroten,aɡaroten,aɡarot,aɡarot,NL
aɡaroten,aɡaroten,aɡarot,aɡarot,NL
aɡaroten,aɡaroten,aɡarot,aɡarot,NL
aɡaroten,aɡaroten,aɡarot,aɡarot,NL
aɡaroten,aɡaroten,aɡarot,aɡarot,NL
aɡaroten,aɡaroten,aɡarot,aɡarot,NL
aɡaroten,aɡaroten,aɡarot,aɡarot,NL
aɡaroten,aɡaroten,aɡarot,aɡarot,NL
aɡaroten,aɡaroten,aɡarot,aɡarot,NL
aɡaroten,aɡaroten,aɡarot,aɡarot,NL
aɡarotes,aɡarotes,aɡarot,aɡarot,NL
aɡarotes,aɡarotes,aɡarot,aɡarot,NL
aɡarotes,aɡarotes,aɡarot,aɡarot,NL
aɡarotes,aɡarotes,aɡarot,aɡarot,NL
aɡarotes,aɡarotes,aɡarot,aɡarot,NL
aɡarotes,aɡarotes,aɡarot,aɡarot,NL
aɡarotes,aɡarotes,aɡarot,aɡarot,NL
aɡarotes,aɡarotes,aɡarot,aɡarot,NL
aɡarotes,aɡarotes,aɡarot,aɡarot,NL
aɡarotes,aɡarotes,aɡarot,aɡarot,NL
aɡarotes,aɡarotes,aɡarot,aɡarot,NL
aɡarotes,aɡarotes,aɡarot,aɡarot,NL
aɡarotes,aɡarotes,aɡarot,aɡarot,NL
aɡarotes,aɡarotes,aɡarot,aɡarot,NL
aɡarotes,aɡarotes,aɡarot,aɡarot,NL
aɡarotes,aɡarotes,aɡarot,aɡarot,NL
aɡarotes,aɡarotes,aɡarot,aɡarot,NL
aɡarotes,aɡarotes,aɡarot,aɡarot,NL
aɡarotes,aɡarotes,aɡarot,aɡarot,NL
aɡarotes,aɡarotes,aɡarot,aɡarot,NL
aɡarotes,aɡarotes,aɡarot,aɡarot,NL
aɡarotes,aɡarotes,aɡarot,aɡarot,NL
aɡarotes,aɡarotes,aɡarot,aɡarot,NL
aɡarotes,aɡarotes,aɡarot,aɡarot,NL
aɡarotes,aɡarotes,aɡarot,aɡarot,NL
aɡarotes,aɡarotes,aɡarot,aɡarot,NL
aɡarotes,aɡarotes,aɡarot,aɡarot,NL
aɡarotes,aɡarotes,aɡarot,aɡarot,NL
aɡarotes,aɡarotes,aɡarot,aɡarot,NL
aɡarotes,aɡarotes,aɡarot,aɡarot,NL
aɡarotes,aɡarotes,aɡarot,aɡarot,NL
aɡarotes,aɡarotes,aɡarot,aɡarot,NL
aɡarotes,aɡarotes,aɡarot,aɡarot,NL
aɡarotes,aɡarotes,aɡarot,aɡarot,NL
aɡarotes,aɡarotes,aɡarot,aɡarot,NL
aɡarotes,aɡarotes,aɡarot,aɡarot,NL
aɡarotes,aɡarotes,aɡarot,aɡarot,NL
aɡarotes,aɡarotes,aɡarot,aɡarot,NL
aɡarotes,aɡarotes,aɡarot,aɡarot,NL
aɡarotes,aɡarotes,aɡarot,aɡarot,NL
aɡarotes,aɡarotes,aɡarot,aɡarot,NL
aɡarotes,aɡarotes,aɡarot,aɡarot,NL
aɡarotes,aɡarotes,aɡarot,aɡarot,NL
aɡarotes,aɡarotes,aɡarot,aɡarot,NL
aɡarotes,aɡarotes,aɡarot,aɡarot,NL
aɡarotes,aɡarotes,aɡarot,aɡarot,NL
aɡarotes,aɡarotes,aɡarot,aɡarot,NL
aɡarotes,aɡarotes,aɡarot,aɡarot,NL
aɡarotes,aɡarotes,aɡarot,aɡarot,NL
aɡarotes,aɡarotes,aɡarot,aɡarot,NL
aɡarotes,aɡarotes,aɡarot,aɡarot,NL
aɡarotes,aɡarotes,aɡarot,aɡarot,NL
aɡarotes,aɡarotes,aɡarot,aɡarot,NL
aɡarotes,aɡarotes,aɡarot,aɡarot,NL
aɡarotes,aɡarotes,aɡarot,aɡarot,NL
aɡarote,aɡarote,aɡarot,aɡarot,NL
aɡarote,aɡarote,aɡarot,aɡarot,NL
aɡarote,aɡarote,aɡarot,aɡarot,NL
aɡarote,aɡarote,aɡarot,aɡarot,NL
aɡarote,aɡarote,aɡarot,aɡarot,NL
aɡarote,aɡarote,aɡarot,aɡarot,NL
aɡarote,aɡarote,aɡarot,aɡarot,NL
aɡarote,aɡarote,aɡarot,aɡarot,NL
aɡarote,aɡarote,aɡarot,aɡarot,NL
aɡarote,aɡarote,aɡarot,aɡarot,NL
aɡarote,aɡarote,aɡarot,aɡarot,NL
aɡarote,aɡarote,aɡarot,aɡarot,NL
aɡarote,aɡarote,aɡarot,aɡarot,NL
aɡarote,aɡarote,aɡarot,aɡarot,NL
aɡarote,aɡarote,aɡarot,aɡarot,NL
aɡarote,aɡarote,aɡarot,aɡarot,NL
aɡarote,aɡarote,aɡarot,aɡarot,NL
aɡarote,aɡarote,aɡarot,aɡarot,NL
aɡarote,aɡarote,aɡarot,aɡarot,NL
aɡarote,aɡarote,aɡarot,aɡarot,NL
aɡarote,aɡarote,aɡarot,aɡarot,NL
aɡarote,aɡarote,aɡarot,aɡarot,NL
aɡarote,aɡarote,aɡarot,aɡarot,NL
aɡarote,aɡarote,aɡarot,aɡarot,NL
aɡarote,aɡarote,aɡarot,aɡarot,NL
aɡarote,aɡarote,aɡarot,aɡarot,NL
aɡarote,aɡarote,aɡarot,aɡarot,NL
aɡarote,aɡarote,aɡarot,aɡarot,NL
aɡarote,aɡarote,aɡarot,aɡarot,NL
aɡarote,aɡarote,aɡarot,aɡarot,NL
aɡarote,aɡarote,aɡarot,aɡarot,NL
aɡarote,aɡarote,aɡarot,aɡarot,NL
aɡarote,aɡarote,aɡarot,aɡarot,NL
aɡarote,aɡarote,aɡarot,aɡarot,NL
aɡarote,aɡarote,aɡarot,aɡarot,NL
aɡarote,aɡarote,aɡarot,aɡarot,NL
aɡarote,aɡarote,aɡarot,aɡarot,NL
aɡarote,aɡarote,aɡarot,aɡarot,NL
aɡarote,aɡarote,aɡarot,aɡarot,NL
aɡarote,aɡarote,aɡarot,aɡarot,NL
aɡarote,aɡarote,aɡarot,aɡarot,NL
aɡarote,aɡarote,aɡarot,aɡarot,NL
aɡarote,aɡarote,aɡarot,aɡarot,NL
aɡarote,aɡarote,aɡarot,aɡarot,NL
aɡarote,aɡarote,aɡarot,aɡarot,NL
aɡarote,aɡarote,aɡarot,aɡarot,NL
aɡarote,aɡarote,aɡarot,aɡarot,NL
aɡarote,aɡarote,aɡarot,aɡarot,NL
aɡarote,aɡarote,aɡarot,aɡarot,NL
aɡarote,aɡarote,aɡarot,aɡarot,NL
aɡarote,aɡarote,aɡarot,aɡarot,NL
aɡarote,aɡarote,aɡarot,aɡarot,NL
aɡarote,aɡarote,aɡarot,aɡarot,NL
aɡarote,aɡarote,aɡarot,aɡarot,NL
aɡarote,aɡarote,aɡarot,aɡarot,NL
aɡarote,aɡarote,aɡarot,aɡarot,NL
aɡarote,aɡarote,aɡarot,aɡarot,NL
aɡarote,aɡarote,aɡarot,aɡarot,NL
aɡarote,aɡarote,aɡarot,aɡarot,NL
aɡarote,aɡarote,aɡarot,aɡarot,NL
aɡarote,aɡarote,aɡarot,aɡarot,NL
aɡarote,aɡarote,aɡarot,aɡarot,NL
aɡarote,aɡarote,aɡarot,aɡarot,NL
aɡarote,aɡarote,aɡarot,aɡarot,NL
aɡarote,aɡarote,aɡarot,aɡarot,NL
aɡarote,aɡarote,aɡarot,aɡarot,NL
aɡarote,aɡarote,aɡarot,aɡarot,NL
aɡarote,aɡarote,aɡarot,aɡarot,NL
aɡarote,aɡarote,aɡarot,aɡarot,NL
aɡarote,aɡarote,aɡarot,aɡarot,NL
aɡarote,aɡarote,aɡarot,aɡarot,NL
aɡarote,aɡarote,aɡarot,aɡarot,NL
aɡarote,aɡarote,aɡarot,aɡarot,NL
aɡarote,aɡarote,aɡarot,aɡarot,NL
aɡarote,aɡarote,aɡarot,aɡarot,NL
aɡarote,aɡarote,aɡarot,aɡarot,NL
aɡarote,aɡarote,aɡarot,aɡarot,NL
aɡarote,aɡarote,aɡarot,aɡarot,NL
aɡarote,aɡarote,aɡarot,aɡarot,NL
aɡarote,aɡarote,aɡarot,aɡarot,NL
aɡarote,aɡarote,aɡarot,aɡarot,NL
aɡarote,aɡarote,aɡarot,aɡarot,NL
aɡarote,aɡarote,aɡarot,aɡarot,NL
aɡarote,aɡarote,aɡarot,aɡarot,NL
aɡarote,aɡarote,aɡarot,aɡarot,NL
aɡarote,aɡarote,aɡarot,aɡarot,NL
aɡarote,aɡarote,aɡarot,aɡarot,NL
aɡarote,aɡarote,aɡarot,aɡarot,NL
aɡarote,aɡarote,aɡarot,aɡarot,NL
aɡarote,aɡarote,aɡarot,aɡarot,NL
aɡarote,aɡarote,aɡarot,aɡarot,NL
aɡarote,aɡarote,aɡarot,aɡarot,NL
aɡarote,aɡarote,aɡarot,aɡarot,NL
aɡarote,aɡarote,aɡarot,aɡarot,NL
aɡarote,aɡarote,aɡarot,aɡarot,NL
aɡarote,aɡarote,aɡarot,aɡarot,NL
aɡarote,aɡarote,aɡarot,aɡarot,NL
aɡarote,aɡarote,aɡarot,aɡarot,NL
aɡarote,aɡarote,aɡarot,aɡarot,NL
aɡarote,aɡarote,aɡarot,aɡarot,NL
aɡarote,aɡarote,aɡarot,aɡarot,NL
aɡarote,aɡarote,aɡarot,aɡarot,NL
aɡarote,aɡarote,aɡarot,aɡarot,NL
aɡarote,aɡarote,aɡarot,aɡarot,NL
aɡarote,aɡarote,aɡarot,aɡarot,NL
aɡarote,aɡarote,aɡarot,aɡarot,NL
aɡarote,aɡarote,aɡarot,aɡarot,NL
aɡarote,aɡarote,aɡarot,aɡarot,NL
aɡarote,aɡarote,aɡarot,aɡarot,NL
aɡarote,aɡarote,aɡarot,aɡarot,NL
aɡaroto,aɡaroto,aɡarot,aɡarot,NL
aɡaroto,aɡaroto,aɡarot,aɡarot,NL
aɡaroto,aɡaroto,aɡarot,aɡarot,NL
aɡaroto,aɡaroto,aɡarot,aɡarot,NL
aɡaroto,aɡaroto,aɡarot,aɡarot,NL
aɡaroto,aɡaroto,aɡarot,aɡarot,NL
aɡaroto,aɡaroto,aɡarot,aɡarot,NL
aɡaroto,aɡaroto,aɡarot,aɡarot,NL
aɡaroto,aɡaroto,aɡarot,aɡarot,NL
aɡaroto,aɡaroto,aɡarot,aɡarot,NL
aɡaroto,aɡaroto,aɡarot,aɡarot,NL
aɡaroto,aɡaroto,aɡarot,aɡarot,NL
aɡaroto,aɡaroto,aɡarot,aɡarot,NL
aɡaroto,aɡaroto,aɡarot,aɡarot,NL
aɡaroto,aɡaroto,aɡarot,aɡarot,NL
aɡaroto,aɡaroto,aɡarot,aɡarot,NL
aɡaroto,aɡaroto,aɡarot,aɡarot,NL
aɡaroto,aɡaroto,aɡarot,aɡarot,NL
aɡaroto,aɡaroto,aɡarot,aɡarot,NL
aɡaroto,aɡaroto,aɡarot,aɡarot,NL
aɡaroto,aɡaroto,aɡarot,aɡarot,NL
aɡaroto,aɡaroto,aɡarot,aɡarot,NL
aɡaroto,aɡaroto,aɡarot,aɡarot,NL
aɡaroto,aɡaroto,aɡarot,aɡarot,NL
aɡaroto,aɡaroto,aɡarot,aɡarot,NL
aɡaroto,aɡaroto,aɡarot,aɡarot,NL
aɡaroto,aɡaroto,aɡarot,aɡarot,NL
aɡaroto,aɡaroto,aɡarot,aɡarot,NL
aɡaroto,aɡaroto,aɡarot,aɡarot,NL
aɡaroto,aɡaroto,aɡarot,aɡarot,NL
aɡaroto,aɡaroto,aɡarot,aɡarot,NL
aɡaroto,aɡaroto,aɡarot,aɡarot,NL
aɡaroto,aɡaroto,aɡarot,aɡarot,NL
aɡaroto,aɡaroto,aɡarot,aɡarot,NL
aɡaroto,aɡaroto,aɡarot,aɡarot,NL
aɡaroto,aɡaroto,aɡarot,aɡarot,NL
aɡaroto,aɡaroto,aɡarot,aɡarot,NL
aɡaroto,aɡaroto,aɡarot,aɡarot,NL
aɡaroto,aɡaroto,aɡarot,aɡarot,NL
aɡaroto,aɡaroto,aɡarot,aɡarot,NL
aɡaroto,aɡaroto,aɡarot,aɡarot,NL
aɡaroto,aɡaroto,aɡarot,aɡarot,NL
aɡaroto,aɡaroto,aɡarot,aɡarot,NL
aɡaroto,aɡaroto,aɡarot,aɡarot,NL
aɡaroto,aɡaroto,aɡarot,aɡarot,NL
aɡaroto,aɡaroto,aɡarot,aɡarot,NL
aɡaroto,aɡaroto,aɡarot,aɡarot,NL
aɡaroto,aɡaroto,aɡarot,aɡarot,NL
aɡaroto,aɡaroto,aɡarot,aɡarot,NL
aɡaroto,aɡaroto,aɡarot,aɡarot,NL
aɡaroto,aɡaroto,aɡarot,aɡarot,NL
aɡaroto,aɡaroto,aɡarot,aɡarot,NL
aɡaroto,aɡaroto,aɡarot,aɡarot,NL
aɡaroto,aɡaroto,aɡarot,aɡarot,NL
aɡaroto,aɡaroto,aɡarot,aɡarot,NL
seseajs,seseajs,sese,sese,NL
seseajs,seseajs,sese,sese,NL
seseajs,seseajs,sese,sese,NL
seseajs,seseajs,sese,sese,NL
seseajs,seseajs,sese,sese,NL
seseajs,seseajs,sese,sese,NL
seseajs,seseajs,sese,sese,NL
seseajs,seseajs,sese,sese,NL
seseajs,seseajs,sese,sese,NL
seseajs,seseajs,sese,sese,NL
seseajs,seseajs,sese,sese,NL
seseajs,seseajs,sese,sese,NL
seseajs,seseajs,sese,sese,NL
seseajs,seseajs,sese,sese,NL
seseajs,seseajs,sese,sese,NL
seseajs,seseajs,sese,sese,NL
seseajs,seseajs,sese,sese,NL
seseajs,seseajs,sese,sese,NL
seseajs,seseajs,sese,sese,NL
seseajs,seseajs,sese,sese,NL
seseajs,seseajs,sese,sese,NL
seseajs,seseajs,sese,sese,NL
seseajs,seseajs,sese,sese,NL
seseajs,seseajs,sese,sese,NL
seseajs,seseajs,sese,sese,NL
seseajs,seseajs,sese,sese,NL
seseajs,seseajs,sese,sese,NL
seseajs,seseajs,sese,sese,NL
seseajs,seseajs,sese,sese,NL
seseajs,seseajs,sese,sese,NL
seseajs,seseajs,sese,sese,NL
seseajs,seseajs,sese,sese,NL
seseajs,seseajs,sese,sese,NL
seseajs,seseajs,sese,sese,NL
seseajs,seseajs,sese,sese,NL
seseajs,seseajs,sese,sese,NL
seseajs,seseajs,sese,sese,NL
seseajs,seseajs,sese,sese,NL
seseajs,seseajs,sese,sese,NL
seseajs,seseajs,sese,sese,NL
seseajs,seseajs,sese,sese,NL
seseajs,seseajs,sese,sese,NL
seseajs,seseajs,sese,sese,NL
seseajs,seseajs,sese,sese,NL
seseajs,seseajs,sese,sese,NL
seseajs,seseajs,sese,sese,NL
seseajs,seseajs,sese,sese,NL
seseajs,seseajs,sese,sese,NL
seseajs,seseajs,sese,sese,NL
seseajs,seseajs,sese,sese,NL
seseajs,seseajs,sese,sese,NL
seseajs,seseajs,sese,sese,NL
seseajs,seseajs,sese,sese,NL
seseajs,seseajs,sese,sese,NL
seseajs,seseajs,sese,sese,NL
seseamos,seseamos,sese,sese,NL
seseamos,seseamos,sese,sese,NL
seseamos,seseamos,sese,sese,NL
seseamos,seseamos,sese,sese,NL
seseamos,seseamos,sese,sese,NL
seseamos,seseamos,sese,sese,NL
seseamos,seseamos,sese,sese,NL
seseamos,seseamos,sese,sese,NL
seseamos,seseamos,sese,sese,NL
seseamos,seseamos,sese,sese,NL
seseamos,seseamos,sese,sese,NL
seseamos,seseamos,sese,sese,NL
seseamos,seseamos,sese,sese,NL
seseamos,seseamos,sese,sese,NL
seseamos,seseamos,sese,sese,NL
seseamos,seseamos,sese,sese,NL
seseamos,seseamos,sese,sese,NL
seseamos,seseamos,sese,sese,NL
seseamos,seseamos,sese,sese,NL
seseamos,seseamos,sese,sese,NL
seseamos,seseamos,sese,sese,NL
seseamos,seseamos,sese,sese,NL
seseamos,seseamos,sese,sese,NL
seseamos,seseamos,sese,sese,NL
seseamos,seseamos,sese,sese,NL
seseamos,seseamos,sese,sese,NL
seseamos,seseamos,sese,sese,NL
seseamos,seseamos,sese,sese,NL
seseamos,seseamos,sese,sese,NL
seseamos,seseamos,sese,sese,NL
seseamos,seseamos,sese,sese,NL
seseamos,seseamos,sese,sese,NL
seseamos,seseamos,sese,sese,NL
seseamos,seseamos,sese,sese,NL
seseamos,seseamos,sese,sese,NL
seseamos,seseamos,sese,sese,NL
seseamos,seseamos,sese,sese,NL
seseamos,seseamos,sese,sese,NL
seseamos,seseamos,sese,sese,NL
seseamos,seseamos,sese,sese,NL
seseamos,seseamos,sese,sese,NL
seseamos,seseamos,sese,sese,NL
seseamos,seseamos,sese,sese,NL
seseamos,seseamos,sese,sese,NL
seseamos,seseamos,sese,sese,NL
seseamos,seseamos,sese,sese,NL
seseamos,seseamos,sese,sese,NL
seseamos,seseamos,sese,sese,NL
seseamos,seseamos,sese,sese,NL
seseamos,seseamos,sese,sese,NL
seseamos,seseamos,sese,sese,NL
seseamos,seseamos,sese,sese,NL
seseamos,seseamos,sese,sese,NL
seseamos,seseamos,sese,sese,NL
seseamos,seseamos,sese,sese,NL
sesean,sesean,sese,sese,NL
sesean,sesean,sese,sese,NL
sesean,sesean,sese,sese,NL
sesean,sesean,sese,sese,NL
sesean,sesean,sese,sese,NL
sesean,sesean,sese,sese,NL
sesean,sesean,sese,sese,NL
sesean,sesean,sese,sese,NL
sesean,sesean,sese,sese,NL
sesean,sesean,sese,sese,NL
sesean,sesean,sese,sese,NL
sesean,sesean,sese,sese,NL
sesean,sesean,sese,sese,NL
sesean,sesean,sese,sese,NL
sesean,sesean,sese,sese,NL
sesean,sesean,sese,sese,NL
sesean,sesean,sese,sese,NL
sesean,sesean,sese,sese,NL
sesean,sesean,sese,sese,NL
sesean,sesean,sese,sese,NL
sesean,sesean,sese,sese,NL
sesean,sesean,sese,sese,NL
sesean,sesean,sese,sese,NL
sesean,sesean,sese,sese,NL
sesean,sesean,sese,sese,NL
sesean,sesean,sese,sese,NL
sesean,sesean,sese,sese,NL
sesean,sesean,sese,sese,NL
sesean,sesean,sese,sese,NL
sesean,sesean,sese,sese,NL
sesean,sesean,sese,sese,NL
sesean,sesean,sese,sese,NL
sesean,sesean,sese,sese,NL
sesean,sesean,sese,sese,NL
sesean,sesean,sese,sese,NL
sesean,sesean,sese,sese,NL
sesean,sesean,sese,sese,NL
sesean,sesean,sese,sese,NL
sesean,sesean,sese,sese,NL
sesean,sesean,sese,sese,NL
sesean,sesean,sese,sese,NL
sesean,sesean,sese,sese,NL
sesean,sesean,sese,sese,NL
sesean,sesean,sese,sese,NL
sesean,sesean,sese,sese,NL
sesean,sesean,sese,sese,NL
sesean,sesean,sese,sese,NL
sesean,sesean,sese,sese,NL
sesean,sesean,sese,sese,NL
sesean,sesean,sese,sese,NL
sesean,sesean,sese,sese,NL
sesean,sesean,sese,sese,NL
sesean,sesean,sese,sese,NL
sesean,sesean,sese,sese,NL
sesean,sesean,sese,sese,NL
seseas,seseas,sese,sese,NL
seseas,seseas,sese,sese,NL
seseas,seseas,sese,sese,NL
seseas,seseas,sese,sese,NL
seseas,seseas,sese,sese,NL
seseas,seseas,sese,sese,NL
seseas,seseas,sese,sese,NL
seseas,seseas,sese,sese,NL
seseas,seseas,sese,sese,NL
seseas,seseas,sese,sese,NL
seseas,seseas,sese,sese,NL
seseas,seseas,sese,sese,NL
seseas,seseas,sese,sese,NL
seseas,seseas,sese,sese,NL
seseas,seseas,sese,sese,NL
seseas,seseas,sese,sese,NL
seseas,seseas,sese,sese,NL
seseas,seseas,sese,sese,NL
seseas,seseas,sese,sese,NL
seseas,seseas,sese,sese,NL
seseas,seseas,sese,sese,NL
seseas,seseas,sese,sese,NL
seseas,seseas,sese,sese,NL
seseas,seseas,sese,sese,NL
seseas,seseas,sese,sese,NL
seseas,seseas,sese,sese,NL
seseas,seseas,sese,sese,NL
seseas,seseas,sese,sese,NL
seseas,seseas,sese,sese,NL
seseas,seseas,sese,sese,NL
seseas,seseas,sese,sese,NL
seseas,seseas,sese,sese,NL
seseas,seseas,sese,sese,NL
seseas,seseas,sese,sese,NL
seseas,seseas,sese,sese,NL
seseas,seseas,sese,sese,NL
seseas,seseas,sese,sese,NL
seseas,seseas,sese,sese,NL
seseas,seseas,sese,sese,NL
seseas,seseas,sese,sese,NL
seseas,seseas,sese,sese,NL
seseas,seseas,sese,sese,NL
seseas,seseas,sese,sese,NL
seseas,seseas,sese,sese,NL
seseas,seseas,sese,sese,NL
seseas,seseas,sese,sese,NL
seseas,seseas,sese,sese,NL
seseas,seseas,sese,sese,NL
seseas,seseas,sese,sese,NL
seseas,seseas,sese,sese,NL
seseas,seseas,sese,sese,NL
seseas,seseas,sese,sese,NL
seseas,seseas,sese,sese,NL
seseas,seseas,sese,sese,NL
seseas,seseas,sese,sese,NL
sesea,sesea,sese,sese,NL
sesea,sesea,sese,sese,NL
sesea,sesea,sese,sese,NL
sesea,sesea,sese,sese,NL
sesea,sesea,sese,sese,NL
sesea,sesea,sese,sese,NL
sesea,sesea,sese,sese,NL
sesea,sesea,sese,sese,NL
sesea,sesea,sese,sese,NL
sesea,sesea,sese,sese,NL
sesea,sesea,sese,sese,NL
sesea,sesea,sese,sese,NL
sesea,sesea,sese,sese,NL
sesea,sesea,sese,sese,NL
sesea,sesea,sese,sese,NL
sesea,sesea,sese,sese,NL
sesea,sesea,sese,sese,NL
sesea,sesea,sese,sese,NL
sesea,sesea,sese,sese,NL
sesea,sesea,sese,sese,NL
sesea,sesea,sese,sese,NL
sesea,sesea,sese,sese,NL
sesea,sesea,sese,sese,NL
sesea,sesea,sese,sese,NL
sesea,sesea,sese,sese,NL
sesea,sesea,sese,sese,NL
sesea,sesea,sese,sese,NL
sesea,sesea,sese,sese,NL
sesea,sesea,sese,sese,NL
sesea,sesea,sese,sese,NL
sesea,sesea,sese,sese,NL
sesea,sesea,sese,sese,NL
sesea,sesea,sese,sese,NL
sesea,sesea,sese,sese,NL
sesea,sesea,sese,sese,NL
sesea,sesea,sese,sese,NL
sesea,sesea,sese,sese,NL
sesea,sesea,sese,sese,NL
sesea,sesea,sese,sese,NL
sesea,sesea,sese,sese,NL
sesea,sesea,sese,sese,NL
sesea,sesea,sese,sese,NL
sesea,sesea,sese,sese,NL
sesea,sesea,sese,sese,NL
sesea,sesea,sese,sese,NL
sesea,sesea,sese,sese,NL
sesea,sesea,sese,sese,NL
sesea,sesea,sese,sese,NL
sesea,sesea,sese,sese,NL
sesea,sesea,sese,sese,NL
sesea,sesea,sese,sese,NL
sesea,sesea,sese,sese,NL
sesea,sesea,sese,sese,NL
sesea,sesea,sese,sese,NL
sesea,sesea,sese,sese,NL
seseejs,seseejs,sese,sese,NL
seseejs,seseejs,sese,sese,NL
seseejs,seseejs,sese,sese,NL
seseejs,seseejs,sese,sese,NL
seseejs,seseejs,sese,sese,NL
seseejs,seseejs,sese,sese,NL
seseejs,seseejs,sese,sese,NL
seseejs,seseejs,sese,sese,NL
seseejs,seseejs,sese,sese,NL
seseejs,seseejs,sese,sese,NL
seseejs,seseejs,sese,sese,NL
seseejs,seseejs,sese,sese,NL
seseejs,seseejs,sese,sese,NL
seseejs,seseejs,sese,sese,NL
seseejs,seseejs,sese,sese,NL
seseejs,seseejs,sese,sese,NL
seseejs,seseejs,sese,sese,NL
seseejs,seseejs,sese,sese,NL
seseejs,seseejs,sese,sese,NL
seseejs,seseejs,sese,sese,NL
seseejs,seseejs,sese,sese,NL
seseejs,seseejs,sese,sese,NL
seseejs,seseejs,sese,sese,NL
seseejs,seseejs,sese,sese,NL
seseejs,seseejs,sese,sese,NL
seseejs,seseejs,sese,sese,NL
seseejs,seseejs,sese,sese,NL
seseejs,seseejs,sese,sese,NL
seseejs,seseejs,sese,sese,NL
seseejs,seseejs,sese,sese,NL
seseejs,seseejs,sese,sese,NL
seseejs,seseejs,sese,sese,NL
seseejs,seseejs,sese,sese,NL
seseejs,seseejs,sese,sese,NL
seseejs,seseejs,sese,sese,NL
seseejs,seseejs,sese,sese,NL
seseejs,seseejs,sese,sese,NL
seseejs,seseejs,sese,sese,NL
seseejs,seseejs,sese,sese,NL
seseejs,seseejs,sese,sese,NL
seseejs,seseejs,sese,sese,NL
seseejs,seseejs,sese,sese,NL
seseejs,seseejs,sese,sese,NL
seseejs,seseejs,sese,sese,NL
seseejs,seseejs,sese,sese,NL
seseejs,seseejs,sese,sese,NL
seseejs,seseejs,sese,sese,NL
seseejs,seseejs,sese,sese,NL
seseejs,seseejs,sese,sese,NL
seseejs,seseejs,sese,sese,NL
seseejs,seseejs,sese,sese,NL
seseejs,seseejs,sese,sese,NL
seseejs,seseejs,sese,sese,NL
seseejs,seseejs,sese,sese,NL
seseejs,seseejs,sese,sese,NL
seseemos,seseemos,sese,sese,NL
seseemos,seseemos,sese,sese,NL
seseemos,seseemos,sese,sese,NL
seseemos,seseemos,sese,sese,NL
seseemos,seseemos,sese,sese,NL
seseemos,seseemos,sese,sese,NL
seseemos,seseemos,sese,sese,NL
seseemos,seseemos,sese,sese,NL
seseemos,seseemos,sese,sese,NL
seseemos,seseemos,sese,sese,NL
seseemos,seseemos,sese,sese,NL
seseemos,seseemos,sese,sese,NL
seseemos,seseemos,sese,sese,NL
seseemos,seseemos,sese,sese,NL
seseemos,seseemos,sese,sese,NL
seseemos,seseemos,sese,sese,NL
seseemos,seseemos,sese,sese,NL
seseemos,seseemos,sese,sese,NL
seseemos,seseemos,sese,sese,NL
seseemos,seseemos,sese,sese,NL
seseemos,seseemos,sese,sese,NL
seseemos,seseemos,sese,sese,NL
seseemos,seseemos,sese,sese,NL
seseemos,seseemos,sese,sese,NL
seseemos,seseemos,sese,sese,NL
seseemos,seseemos,sese,sese,NL
seseemos,seseemos,sese,sese,NL
seseemos,seseemos,sese,sese,NL
seseemos,seseemos,sese,sese,NL
seseemos,seseemos,sese,sese,NL
seseemos,seseemos,sese,sese,NL
seseemos,seseemos,sese,sese,NL
seseemos,seseemos,sese,sese,NL
seseemos,seseemos,sese,sese,NL
seseemos,seseemos,sese,sese,NL
seseemos,seseemos,sese,sese,NL
seseemos,seseemos,sese,sese,NL
seseemos,seseemos,sese,sese,NL
seseemos,seseemos,sese,sese,NL
seseemos,seseemos,sese,sese,NL
seseemos,seseemos,sese,sese,NL
seseemos,seseemos,sese,sese,NL
seseemos,seseemos,sese,sese,NL
seseemos,seseemos,sese,sese,NL
seseemos,seseemos,sese,sese,NL
seseemos,seseemos,sese,sese,NL
seseemos,seseemos,sese,sese,NL
seseemos,seseemos,sese,sese,NL
seseemos,seseemos,sese,sese,NL
seseemos,seseemos,sese,sese,NL
seseemos,seseemos,sese,sese,NL
seseemos,seseemos,sese,sese,NL
seseemos,seseemos,sese,sese,NL
seseemos,seseemos,sese,sese,NL
seseemos,seseemos,sese,sese,NL
seseen,seseen,sese,sese,NL
seseen,seseen,sese,sese,NL
seseen,seseen,sese,sese,NL
seseen,seseen,sese,sese,NL
seseen,seseen,sese,sese,NL
seseen,seseen,sese,sese,NL
seseen,seseen,sese,sese,NL
seseen,seseen,sese,sese,NL
seseen,seseen,sese,sese,NL
seseen,seseen,sese,sese,NL
seseen,seseen,sese,sese,NL
seseen,seseen,sese,sese,NL
seseen,seseen,sese,sese,NL
seseen,seseen,sese,sese,NL
seseen,seseen,sese,sese,NL
seseen,seseen,sese,sese,NL
seseen,seseen,sese,sese,NL
seseen,seseen,sese,sese,NL
seseen,seseen,sese,sese,NL
seseen,seseen,sese,sese,NL
seseen,seseen,sese,sese,NL
seseen,seseen,sese,sese,NL
seseen,seseen,sese,sese,NL
seseen,seseen,sese,sese,NL
seseen,seseen,sese,sese,NL
seseen,seseen,sese,sese,NL
seseen,seseen,sese,sese,NL
seseen,seseen,sese,sese,NL
seseen,seseen,sese,sese,NL
seseen,seseen,sese,sese,NL
seseen,seseen,sese,sese,NL
seseen,seseen,sese,sese,NL
seseen,seseen,sese,sese,NL
seseen,seseen,sese,sese,NL
seseen,seseen,sese,sese,NL
seseen,seseen,sese,sese,NL
seseen,seseen,sese,sese,NL
seseen,seseen,sese,sese,NL
seseen,seseen,sese,sese,NL
seseen,seseen,sese,sese,NL
seseen,seseen,sese,sese,NL
seseen,seseen,sese,sese,NL
seseen,seseen,sese,sese,NL
seseen,seseen,sese,sese,NL
seseen,seseen,sese,sese,NL
seseen,seseen,sese,sese,NL
seseen,seseen,sese,sese,NL
seseen,seseen,sese,sese,NL
seseen,seseen,sese,sese,NL
seseen,seseen,sese,sese,NL
seseen,seseen,sese,sese,NL
seseen,seseen,sese,sese,NL
seseen,seseen,sese,sese,NL
seseen,seseen,sese,sese,NL
seseen,seseen,sese,sese,NL
sesees,sesees,sese,sese,NL
sesees,sesees,sese,sese,NL
sesees,sesees,sese,sese,NL
sesees,sesees,sese,sese,NL
sesees,sesees,sese,sese,NL
sesees,sesees,sese,sese,NL
sesees,sesees,sese,sese,NL
sesees,sesees,sese,sese,NL
sesees,sesees,sese,sese,NL
sesees,sesees,sese,sese,NL
sesees,sesees,sese,sese,NL
sesees,sesees,sese,sese,NL
sesees,sesees,sese,sese,NL
sesees,sesees,sese,sese,NL
sesees,sesees,sese,sese,NL
sesees,sesees,sese,sese,NL
sesees,sesees,sese,sese,NL
sesees,sesees,sese,sese,NL
sesees,sesees,sese,sese,NL
sesees,sesees,sese,sese,NL
sesees,sesees,sese,sese,NL
sesees,sesees,sese,sese,NL
sesees,sesees,sese,sese,NL
sesees,sesees,sese,sese,NL
sesees,sesees,sese,sese,NL
sesees,sesees,sese,sese,NL
sesees,sesees,sese,sese,NL
sesees,sesees,sese,sese,NL
sesees,seseas,sese,sese,NL
sesees,seseas,sese,sese,NL
sesees,sesees,sese,sese,NL
sesees,sesees,sese,sese,NL
sesees,sesees,sese,sese,NL
sesees,sesees,sese,sese,NL
sesees,sesees,sese,sese,NL
sesees,sesees,sese,sese,NL
sesees,sesees,sese,sese,NL
sesees,sesees,sese,sese,NL
sesees,sesees,sese,sese,NL
sesees,sesees,sese,sese,NL
sesees,sesees,sese,sese,NL
sesees,sesees,sese,sese,NL
sesees,sesees,sese,sese,NL
sesees,sesees,sese,sese,NL
sesees,sesees,sese,sese,NL
sesees,sesees,sese,sese,NL
sesees,sesees,sese,sese,NL
sesees,sesees,sese,sese,NL
sesees,sesees,sese,sese,NL
sesees,sesees,sese,sese,NL
sesees,sesees,sese,sese,NL
sesees,sesees,sese,sese,NL
sesees,sesees,sese,sese,NL
sesees,sesees,sese,sese,NL
sesees,sesees,sese,sese,NL
sesee,sesee,sese,sese,NL
sesee,sesee,sese,sese,NL
sesee,sesee,sese,sese,NL
sesee,sesee,sese,sese,NL
sesee,sesee,sese,sese,NL
sesee,sesee,sese,sese,NL
sesee,sesee,sese,sese,NL
sesee,sesee,sese,sese,NL
sesee,sesee,sese,sese,NL
sesee,sesee,sese,sese,NL
sesee,sesee,sese,sese,NL
sesee,sesee,sese,sese,NL
sesee,sesee,sese,sese,NL
sesee,sesee,sese,sese,NL
sesee,sesee,sese,sese,NL
sesee,sesee,sese,sese,NL
sesee,sesee,sese,sese,NL
sesee,sesee,sese,sese,NL
sesee,sesee,sese,sese,NL
sesee,sesee,sese,sese,NL
sesee,sesee,sese,sese,NL
sesee,sesee,sese,sese,NL
sesee,sesee,sese,sese,NL
sesee,sesee,sese,sese,NL
sesee,sesee,sese,sese,NL
sesee,sesee,sese,sese,NL
sesee,sesee,sese,sese,NL
sesee,sesee,sese,sese,NL
sesee,sesea,sese,sese,NL
sesee,sesea,sese,sese,NL
sesee,sesee,sese,sese,NL
sesee,sesee,sese,sese,NL
sesee,sesee,sese,sese,NL
sesee,sesee,sese,sese,NL
sesee,sesee,sese,sese,NL
sesee,sesee,sese,sese,NL
sesee,sesee,sese,sese,NL
sesee,sesee,sese,sese,NL
sesee,sesee,sese,sese,NL
sesee,sesee,sese,sese,NL
sesee,sesee,sese,sese,NL
sesee,sesee,sese,sese,NL
sesee,sesee,sese,sese,NL
sesee,sesee,sese,sese,NL
sesee,sesee,sese,sese,NL
sesee,sesee,sese,sese,NL
sesee,sesee,sese,sese,NL
sesee,sesee,sese,sese,NL
sesee,sesee,sese,sese,NL
sesee,sesee,sese,sese,NL
sesee,sesee,sese,sese,NL
sesee,sesee,sese,sese,NL
sesee,sesee,sese,sese,NL
sesee,sesee,sese,sese,NL
sesee,sesee,sese,sese,NL
sesee,sesee,sese,sese,NL
sesee,sesee,sese,sese,NL
sesee,sesee,sese,sese,NL
sesee,sesee,sese,sese,NL
sesee,sesee,sese,sese,NL
sesee,sesee,sese,sese,NL
sesee,sesee,sese,sese,NL
sesee,sesee,sese,sese,NL
sesee,sesee,sese,sese,NL
sesee,sesee,sese,sese,NL
sesee,sesee,sese,sese,NL
sesee,sesee,sese,sese,NL
sesee,sesee,sese,sese,NL
sesee,sesee,sese,sese,NL
sesee,sesee,sese,sese,NL
sesee,sesee,sese,sese,NL
sesee,sesee,sese,sese,NL
sesee,sesee,sese,sese,NL
sesee,sesee,sese,sese,NL
sesee,sesee,sese,sese,NL
sesee,sesee,sese,sese,NL
sesee,sesee,sese,sese,NL
sesee,sesee,sese,sese,NL
sesee,sesee,sese,sese,NL
sesee,sesee,sese,sese,NL
sesee,sesee,sese,sese,NL
sesee,sesee,sese,sese,NL
sesee,sesee,sese,sese,NL
sesee,sesea,sese,sese,NL
sesee,sesea,sese,sese,NL
sesee,sesee,sese,sese,NL
sesee,sesee,sese,sese,NL
sesee,sesee,sese,sese,NL
sesee,sesee,sese,sese,NL
sesee,sesee,sese,sese,NL
sesee,sesee,sese,sese,NL
sesee,sesee,sese,sese,NL
sesee,sesee,sese,sese,NL
sesee,sesee,sese,sese,NL
sesee,sesee,sese,sese,NL
sesee,sesee,sese,sese,NL
sesee,sesee,sese,sese,NL
sesee,sesee,sese,sese,NL
sesee,sesee,sese,sese,NL
sesee,sesee,sese,sese,NL
sesee,sesee,sese,sese,NL
sesee,sesee,sese,sese,NL
sesee,sesee,sese,sese,NL
sesee,sesee,sese,sese,NL
sesee,sesee,sese,sese,NL
sesee,sesee,sese,sese,NL
sesee,sesee,sese,sese,NL
sesee,sesee,sese,sese,NL
sesee,sesee,sese,sese,NL
sesee,sesee,sese,sese,NL
seseo,seseo,sese,sese,NL
seseo,seseo,sese,sese,NL
seseo,seseo,sese,sese,NL
seseo,seseo,sese,sese,NL
seseo,seseo,sese,sese,NL
seseo,seseo,sese,sese,NL
seseo,seseo,sese,sese,NL
seseo,seseo,sese,sese,NL
seseo,seseo,sese,sese,NL
seseo,seseo,sese,sese,NL
seseo,seseo,sese,sese,NL
seseo,seseo,sese,sese,NL
seseo,seseo,sese,sese,NL
seseo,seseo,sese,sese,NL
seseo,seseo,sese,sese,NL
seseo,seseo,sese,sese,NL
seseo,seseo,sese,sese,NL
seseo,seseo,sese,sese,NL
seseo,seseo,sese,sese,NL
seseo,seseo,sese,sese,NL
seseo,seseo,sese,sese,NL
seseo,seseo,sese,sese,NL
seseo,seseo,sese,sese,NL
seseo,seseo,sese,sese,NL
seseo,seseo,sese,sese,NL
seseo,seseo,sese,sese,NL
seseo,seseo,sese,sese,NL
seseo,seseo,sese,sese,NL
seseo,seseo,sese,sese,NL
seseo,seseo,sese,sese,NL
seseo,seseo,sese,sese,NL
seseo,seseo,sese,sese,NL
seseo,seseo,sese,sese,NL
seseo,seseo,sese,sese,NL
seseo,seseo,sese,sese,NL
seseo,seseo,sese,sese,NL
seseo,seseo,sese,sese,NL
seseo,seseo,sese,sese,NL
seseo,seseo,sese,sese,NL
seseo,seseo,sese,sese,NL
seseo,seseo,sese,sese,NL
seseo,seseo,sese,sese,NL
seseo,seseo,sese,sese,NL
seseo,seseo,sese,sese,NL
seseo,seseo,sese,sese,NL
seseo,seseo,sese,sese,NL
seseo,seseo,sese,sese,NL
seseo,seseo,sese,sese,NL
seseo,seseo,sese,sese,NL
seseo,seseo,sese,sese,NL
seseo,seseo,sese,sese,NL
seseo,seseo,sese,sese,NL
seseo,seseo,sese,sese,NL
seseo,seseo,sese,sese,NL
seseo,seseo,sese,sese,NL
aleɡajs,aleɡajs,aleɡ,aleɡ,NL
aleɡajs,aleɡajs,aleɡ,aleɡ,NL
aleɡajs,aleɡajs,aleɡ,aleɡ,NL
aleɡajs,aleɡajs,aleɡ,aleɡ,NL
aleɡajs,aleɡajs,aleɡ,aleɡ,NL
aleɡajs,aleɡajs,aleɡ,aleɡ,NL
aleɡajs,aleɡajs,aleɡ,aleɡ,NL
aleɡajs,aleɡajs,aleɡ,aleɡ,NL
aleɡajs,aleɡajs,aleɡ,aleɡ,NL
aleɡajs,aleɡajs,aleɡ,aleɡ,NL
aleɡajs,aleɡajs,aleɡ,aleɡ,NL
aleɡajs,aleɡajs,aleɡ,aleɡ,NL
aleɡajs,aleɡajs,aleɡ,aleɡ,NL
aleɡajs,aleɡajs,aleɡ,aleɡ,NL
aleɡajs,aleɡajs,aleɡ,aleɡ,NL
aleɡajs,aleɡajs,aleɡ,aleɡ,NL
aleɡajs,aleɡajs,aleɡ,aleɡ,NL
aleɡajs,aleɡajs,aleɡ,aleɡ,NL
aleɡajs,aleɡajs,aleɡ,aleɡ,NL
aleɡajs,aleɡajs,aleɡ,aleɡ,NL
aleɡajs,aleɡajs,aleɡ,aleɡ,NL
aleɡajs,aleɡajs,aleɡ,aleɡ,NL
aleɡajs,aleɡajs,aleɡ,aleɡ,NL
aleɡajs,aleɡajs,aleɡ,aleɡ,NL
aleɡajs,aleɡajs,aleɡ,aleɡ,NL
aleɡajs,aleɡajs,aleɡ,aleɡ,NL
aleɡajs,aleɡajs,aleɡ,aleɡ,NL
aleɡajs,aleɡajs,aleɡ,aleɡ,NL
aleɡajs,aleɡajs,aleɡ,aleɡ,NL
aleɡajs,aleɡajs,aleɡ,aleɡ,NL
aleɡajs,aleɡajs,aleɡ,aleɡ,NL
aleɡajs,aleɡajs,aleɡ,aleɡ,NL
aleɡajs,aleɡajs,aleɡ,aleɡ,NL
aleɡajs,aleɡajs,aleɡ,aleɡ,NL
aleɡajs,aleɡajs,aleɡ,aleɡ,NL
aleɡajs,aleɡajs,aleɡ,aleɡ,NL
aleɡajs,aleɡajs,aleɡ,aleɡ,NL
aleɡajs,aleɡajs,aleɡ,aleɡ,NL
aleɡajs,aleɡajs,aleɡ,aleɡ,NL
aleɡajs,aleɡajs,aleɡ,aleɡ,NL
aleɡajs,aleɡajs,aleɡ,aleɡ,NL
aleɡajs,aleɡajs,aleɡ,aleɡ,NL
aleɡajs,aleɡajs,aleɡ,aleɡ,NL
aleɡajs,aleɡajs,aleɡ,aleɡ,NL
aleɡajs,aleɡajs,aleɡ,aleɡ,NL
aleɡajs,aleɡajs,aleɡ,aleɡ,NL
aleɡajs,aleɡajs,aleɡ,aleɡ,NL
aleɡajs,aleɡajs,aleɡ,aleɡ,NL
aleɡajs,aleɡajs,aleɡ,aleɡ,NL
aleɡajs,aleɡajs,aleɡ,aleɡ,NL
aleɡajs,aleɡajs,aleɡ,aleɡ,NL
aleɡajs,aleɡajs,aleɡ,aleɡ,NL
aleɡajs,aleɡajs,aleɡ,aleɡ,NL
aleɡajs,aleɡajs,aleɡ,aleɡ,NL
aleɡajs,aleɡajs,aleɡ,aleɡ,NL
aleɡamos,aleɡamos,aleɡ,aleɡ,NL
aleɡamos,aleɡamos,aleɡ,aleɡ,NL
aleɡamos,aleɡamos,aleɡ,aleɡ,NL
aleɡamos,aleɡamos,aleɡ,aleɡ,NL
aleɡamos,aleɡamos,aleɡ,aleɡ,NL
aleɡamos,aleɡamos,aleɡ,aleɡ,NL
aleɡamos,aleɡamos,aleɡ,aleɡ,NL
aleɡamos,aleɡamos,aleɡ,aleɡ,NL
aleɡamos,aleɡamos,aleɡ,aleɡ,NL
aleɡamos,aleɡamos,aleɡ,aleɡ,NL
aleɡamos,aleɡamos,aleɡ,aleɡ,NL
aleɡamos,aleɡamos,aleɡ,aleɡ,NL
aleɡamos,aleɡamos,aleɡ,aleɡ,NL
aleɡamos,aleɡamos,aleɡ,aleɡ,NL
aleɡamos,aleɡamos,aleɡ,aleɡ,NL
aleɡamos,aleɡamos,aleɡ,aleɡ,NL
aleɡamos,aleɡamos,aleɡ,aleɡ,NL
aleɡamos,aleɡamos,aleɡ,aleɡ,NL
aleɡamos,aleɡamos,aleɡ,aleɡ,NL
aleɡamos,aleɡamos,aleɡ,aleɡ,NL
aleɡamos,aleɡamos,aleɡ,aleɡ,NL
aleɡamos,aleɡamos,aleɡ,aleɡ,NL
aleɡamos,aleɡamos,aleɡ,aleɡ,NL
aleɡamos,aleɡamos,aleɡ,aleɡ,NL
aleɡamos,aleɡamos,aleɡ,aleɡ,NL
aleɡamos,aleɡamos,aleɡ,aleɡ,NL
aleɡamos,aleɡamos,aleɡ,aleɡ,NL
aleɡamos,aleɡamos,aleɡ,aleɡ,NL
aleɡamos,aleɡamos,aleɡ,aleɡ,NL
aleɡamos,aleɡamos,aleɡ,aleɡ,NL
aleɡamos,aleɡamos,aleɡ,aleɡ,NL
aleɡamos,aleɡamos,aleɡ,aleɡ,NL
aleɡamos,aleɡamos,aleɡ,aleɡ,NL
aleɡamos,aleɡamos,aleɡ,aleɡ,NL
aleɡamos,aleɡamos,aleɡ,aleɡ,NL
aleɡamos,aleɡamos,aleɡ,aleɡ,NL
aleɡamos,aleɡamos,aleɡ,aleɡ,NL
aleɡamos,aleɡamos,aleɡ,aleɡ,NL
aleɡamos,aleɡamos,aleɡ,aleɡ,NL
aleɡamos,aleɡamos,aleɡ,aleɡ,NL
aleɡamos,aleɡamos,aleɡ,aleɡ,NL
aleɡamos,aleɡamos,aleɡ,aleɡ,NL
aleɡamos,aleɡamos,aleɡ,aleɡ,NL
aleɡamos,aleɡamos,aleɡ,aleɡ,NL
aleɡamos,aleɡamos,aleɡ,aleɡ,NL
aleɡamos,aleɡamos,aleɡ,aleɡ,NL
aleɡamos,aleɡamos,aleɡ,aleɡ,NL
aleɡamos,aleɡamos,aleɡ,aleɡ,NL
aleɡamos,aleɡamos,aleɡ,aleɡ,NL
aleɡamos,aleɡamos,aleɡ,aleɡ,NL
aleɡamos,aleɡamos,aleɡ,aleɡ,NL
aleɡamos,aleɡamos,aleɡ,aleɡ,NL
aleɡamos,aleɡamos,aleɡ,aleɡ,NL
aleɡamos,aleɡamos,aleɡ,aleɡ,NL
aleɡamos,aleɡamos,aleɡ,aleɡ,NL
aleɡan,aleɡan,aleɡ,aleɡ,NL
aleɡan,aleɡan,aleɡ,aleɡ,NL
aleɡan,aleɡan,aleɡ,aleɡ,NL
aleɡan,aleɡan,aleɡ,aleɡ,NL
aleɡan,aleɡan,aleɡ,aleɡ,NL
aleɡan,aleɡan,aleɡ,aleɡ,NL
aleɡan,aleɡan,aleɡ,aleɡ,NL
aleɡan,aleɡan,aleɡ,aleɡ,NL
aleɡan,aleɡan,aleɡ,aleɡ,NL
aleɡan,aleɡan,aleɡ,aleɡ,NL
aleɡan,aleɡan,aleɡ,aleɡ,NL
aleɡan,aleɡan,aleɡ,aleɡ,NL
aleɡan,aleɡan,aleɡ,aleɡ,NL
aleɡan,aleɡan,aleɡ,aleɡ,NL
aleɡan,aleɡan,aleɡ,aleɡ,NL
aleɡan,aleɡan,aleɡ,aleɡ,NL
aleɡan,aleɡan,aleɡ,aleɡ,NL
aleɡan,aleɡan,aleɡ,aleɡ,NL
aleɡan,aleɡan,aleɡ,aleɡ,NL
aleɡan,aleɡan,aleɡ,aleɡ,NL
aleɡan,aleɡan,aleɡ,aleɡ,NL
aleɡan,aleɡan,aleɡ,aleɡ,NL
aleɡan,aleɡan,aleɡ,aleɡ,NL
aleɡan,aleɡan,aleɡ,aleɡ,NL
aleɡan,aleɡan,aleɡ,aleɡ,NL
aleɡan,aleɡan,aleɡ,aleɡ,NL
aleɡan,aleɡan,aleɡ,aleɡ,NL
aleɡan,aleɡan,aleɡ,aleɡ,NL
aleɡan,aleɡan,aleɡ,aleɡ,NL
aleɡan,aleɡan,aleɡ,aleɡ,NL
aleɡan,aleɡan,aleɡ,aleɡ,NL
aleɡan,aleɡan,aleɡ,aleɡ,NL
aleɡan,aleɡan,aleɡ,aleɡ,NL
aleɡan,aleɡan,aleɡ,aleɡ,NL
aleɡan,aleɡan,aleɡ,aleɡ,NL
aleɡan,aleɡan,aleɡ,aleɡ,NL
aleɡan,aleɡan,aleɡ,aleɡ,NL
aleɡan,aleɡan,aleɡ,aleɡ,NL
aleɡan,aleɡan,aleɡ,aleɡ,NL
aleɡan,aleɡan,aleɡ,aleɡ,NL
aleɡan,aleɡan,aleɡ,aleɡ,NL
aleɡan,aleɡan,aleɡ,aleɡ,NL
aleɡan,aleɡan,aleɡ,aleɡ,NL
aleɡan,aleɡan,aleɡ,aleɡ,NL
aleɡan,aleɡan,aleɡ,aleɡ,NL
aleɡan,aleɡan,aleɡ,aleɡ,NL
aleɡan,aleɡan,aleɡ,aleɡ,NL
aleɡan,aleɡan,aleɡ,aleɡ,NL
aleɡan,aleɡan,aleɡ,aleɡ,NL
aleɡan,aleɡan,aleɡ,aleɡ,NL
aleɡan,aleɡan,aleɡ,aleɡ,NL
aleɡan,aleɡan,aleɡ,aleɡ,NL
aleɡan,aleɡan,aleɡ,aleɡ,NL
aleɡan,aleɡan,aleɡ,aleɡ,NL
aleɡan,aleɡan,aleɡ,aleɡ,NL
aleɡas,aleɡas,aleɡ,aleɡ,NL
aleɡas,aleɡas,aleɡ,aleɡ,NL
aleɡas,aleɡas,aleɡ,aleɡ,NL
aleɡas,aleɡas,aleɡ,aleɡ,NL
aleɡas,aleɡas,aleɡ,aleɡ,NL
aleɡas,aleɡas,aleɡ,aleɡ,NL
aleɡas,aleɡas,aleɡ,aleɡ,NL
aleɡas,aleɡas,aleɡ,aleɡ,NL
aleɡas,aleɡas,aleɡ,aleɡ,NL
aleɡas,aleɡas,aleɡ,aleɡ,NL
aleɡas,aleɡas,aleɡ,aleɡ,NL
aleɡas,aleɡas,aleɡ,aleɡ,NL
aleɡas,aleɡas,aleɡ,aleɡ,NL
aleɡas,aleɡas,aleɡ,aleɡ,NL
aleɡas,aleɡas,aleɡ,aleɡ,NL
aleɡas,aleɡas,aleɡ,aleɡ,NL
aleɡas,aleɡas,aleɡ,aleɡ,NL
aleɡas,aleɡas,aleɡ,aleɡ,NL
aleɡas,aleɡas,aleɡ,aleɡ,NL
aleɡas,aleɡas,aleɡ,aleɡ,NL
aleɡas,aleɡas,aleɡ,aleɡ,NL
aleɡas,aleɡas,aleɡ,aleɡ,NL
aleɡas,aleɡas,aleɡ,aleɡ,NL
aleɡas,aleɡas,aleɡ,aleɡ,NL
aleɡas,aleɡas,aleɡ,aleɡ,NL
aleɡas,aleɡas,aleɡ,aleɡ,NL
aleɡas,aleɡas,aleɡ,aleɡ,NL
aleɡas,aleɡas,aleɡ,aleɡ,NL
aleɡas,aleɡas,aleɡ,aleɡ,NL
aleɡas,aleɡas,aleɡ,aleɡ,NL
aleɡas,aleɡas,aleɡ,aleɡ,NL
aleɡas,aleɡas,aleɡ,aleɡ,NL
aleɡas,aleɡas,aleɡ,aleɡ,NL
aleɡas,aleɡas,aleɡ,aleɡ,NL
aleɡas,aleɡas,aleɡ,aleɡ,NL
aleɡas,aleɡas,aleɡ,aleɡ,NL
aleɡas,aleɡas,aleɡ,aleɡ,NL
aleɡas,aleɡas,aleɡ,aleɡ,NL
aleɡas,aleɡas,aleɡ,aleɡ,NL
aleɡas,aleɡas,aleɡ,aleɡ,NL
aleɡas,aleɡas,aleɡ,aleɡ,NL
aleɡas,aleɡas,aleɡ,aleɡ,NL
aleɡas,aleɡas,aleɡ,aleɡ,NL
aleɡas,aleɡas,aleɡ,aleɡ,NL
aleɡas,aleɡas,aleɡ,aleɡ,NL
aleɡas,aleɡas,aleɡ,aleɡ,NL
aleɡas,aleɡas,aleɡ,aleɡ,NL
aleɡas,aleɡas,aleɡ,aleɡ,NL
aleɡas,aleɡas,aleɡ,aleɡ,NL
aleɡas,aleɡas,aleɡ,aleɡ,NL
aleɡas,aleɡas,aleɡ,aleɡ,NL
aleɡas,aleɡas,aleɡ,aleɡ,NL
aleɡas,aleɡas,aleɡ,aleɡ,NL
aleɡas,aleɡas,aleɡ,aleɡ,NL
aleɡas,aleɡas,aleɡ,aleɡ,NL
aleɡa,aleɡa,aleɡ,aleɡ,NL
aleɡa,aleɡa,aleɡ,aleɡ,NL
aleɡa,aleɡa,aleɡ,aleɡ,NL
aleɡa,aleɡa,aleɡ,aleɡ,NL
aleɡa,aleɡa,aleɡ,aleɡ,NL
aleɡa,aleɡa,aleɡ,aleɡ,NL
aleɡa,aleɡa,aleɡ,aleɡ,NL
aleɡa,aleɡa,aleɡ,aleɡ,NL
aleɡa,aleɡa,aleɡ,aleɡ,NL
aleɡa,aleɡa,aleɡ,aleɡ,NL
aleɡa,aleɡa,aleɡ,aleɡ,NL
aleɡa,aleɡa,aleɡ,aleɡ,NL
aleɡa,aleɡa,aleɡ,aleɡ,NL
aleɡa,aleɡa,aleɡ,aleɡ,NL
aleɡa,aleɡa,aleɡ,aleɡ,NL
aleɡa,aleɡa,aleɡ,aleɡ,NL
aleɡa,aleɡa,aleɡ,aleɡ,NL
aleɡa,aleɡa,aleɡ,aleɡ,NL
aleɡa,aleɡa,aleɡ,aleɡ,NL
aleɡa,aleɡa,aleɡ,aleɡ,NL
aleɡa,aleɡa,aleɡ,aleɡ,NL
aleɡa,aleɡa,aleɡ,aleɡ,NL
aleɡa,aleɡa,aleɡ,aleɡ,NL
aleɡa,aleɡa,aleɡ,aleɡ,NL
aleɡa,aleɡa,aleɡ,aleɡ,NL
aleɡa,aleɡa,aleɡ,aleɡ,NL
aleɡa,aleɡa,aleɡ,aleɡ,NL
aleɡa,aleɡa,aleɡ,aleɡ,NL
aleɡa,aleɡa,aleɡ,aleɡ,NL
aleɡa,aleɡa,aleɡ,aleɡ,NL
aleɡa,aleɡa,aleɡ,aleɡ,NL
aleɡa,aleɡa,aleɡ,aleɡ,NL
aleɡa,aleɡa,aleɡ,aleɡ,NL
aleɡa,aleɡa,aleɡ,aleɡ,NL
aleɡa,aleɡa,aleɡ,aleɡ,NL
aleɡa,aleɡa,aleɡ,aleɡ,NL
aleɡa,aleɡa,aleɡ,aleɡ,NL
aleɡa,aleɡa,aleɡ,aleɡ,NL
aleɡa,aleɡa,aleɡ,aleɡ,NL
aleɡa,aleɡa,aleɡ,aleɡ,NL
aleɡa,aleɡa,aleɡ,aleɡ,NL
aleɡa,aleɡa,aleɡ,aleɡ,NL
aleɡa,aleɡa,aleɡ,aleɡ,NL
aleɡa,aleɡa,aleɡ,aleɡ,NL
aleɡa,aleɡa,aleɡ,aleɡ,NL
aleɡa,aleɡa,aleɡ,aleɡ,NL
aleɡa,aleɡa,aleɡ,aleɡ,NL
aleɡa,aleɡa,aleɡ,aleɡ,NL
aleɡa,aleɡa,aleɡ,aleɡ,NL
aleɡa,aleɡa,aleɡ,aleɡ,NL
aleɡa,aleɡa,aleɡ,aleɡ,NL
aleɡa,aleɡa,aleɡ,aleɡ,NL
aleɡa,aleɡa,aleɡ,aleɡ,NL
aleɡa,aleɡa,aleɡ,aleɡ,NL
aleɡa,aleɡa,aleɡ,aleɡ,NL
aleɡo,aleɡo,aleɡ,aleɡ,NL
aleɡo,aleɡo,aleɡ,aleɡ,NL
aleɡo,aleɡo,aleɡ,aleɡ,NL
aleɡo,aleɡo,aleɡ,aleɡ,NL
aleɡo,aleɡo,aleɡ,aleɡ,NL
aleɡo,aleɡo,aleɡ,aleɡ,NL
aleɡo,aleɡo,aleɡ,aleɡ,NL
aleɡo,aleɡo,aleɡ,aleɡ,NL
aleɡo,aleɡo,aleɡ,aleɡ,NL
aleɡo,aleɡo,aleɡ,aleɡ,NL
aleɡo,aleɡo,aleɡ,aleɡ,NL
aleɡo,aleɡo,aleɡ,aleɡ,NL
aleɡo,aleɡo,aleɡ,aleɡ,NL
aleɡo,aleɡo,aleɡ,aleɡ,NL
aleɡo,aleɡo,aleɡ,aleɡ,NL
aleɡo,aleɡo,aleɡ,aleɡ,NL
aleɡo,aleɡo,aleɡ,aleɡ,NL
aleɡo,aleɡo,aleɡ,aleɡ,NL
aleɡo,aleɡo,aleɡ,aleɡ,NL
aleɡo,aleɡo,aleɡ,aleɡ,NL
aleɡo,aleɡo,aleɡ,aleɡ,NL
aleɡo,aleɡo,aleɡ,aleɡ,NL
aleɡo,aleɡo,aleɡ,aleɡ,NL
aleɡo,aleɡo,aleɡ,aleɡ,NL
aleɡo,aleɡo,aleɡ,aleɡ,NL
aleɡo,aleɡo,aleɡ,aleɡ,NL
aleɡo,aleɡo,aleɡ,aleɡ,NL
aleɡo,aleɡo,aleɡ,aleɡ,NL
aleɡo,aleɡo,aleɡ,aleɡ,NL
aleɡo,aleɡo,aleɡ,aleɡ,NL
aleɡo,aleɡo,aleɡ,aleɡ,NL
aleɡo,aleɡo,aleɡ,aleɡ,NL
aleɡo,aleɡo,aleɡ,aleɡ,NL
aleɡo,aleɡo,aleɡ,aleɡ,NL
aleɡo,aleɡo,aleɡ,aleɡ,NL
aleɡo,aleɡo,aleɡ,aleɡ,NL
aleɡo,aleɡo,aleɡ,aleɡ,NL
aleɡo,aleɡo,aleɡ,aleɡ,NL
aleɡo,aleɡo,aleɡ,aleɡ,NL
aleɡo,aleɡo,aleɡ,aleɡ,NL
aleɡo,aleɡo,aleɡ,aleɡ,NL
aleɡo,aleɡo,aleɡ,aleɡ,NL
aleɡo,aleɡo,aleɡ,aleɡ,NL
aleɡo,aleɡo,aleɡ,aleɡ,NL
aleɡo,aleɡo,aleɡ,aleɡ,NL
aleɡo,aleɡo,aleɡ,aleɡ,NL
aleɡo,aleɡo,aleɡ,aleɡ,NL
aleɡo,aleɡo,aleɡ,aleɡ,NL
aleɡo,aleɡo,aleɡ,aleɡ,NL
aleɡo,aleɡo,aleɡ,aleɡ,NL
aleɡo,aleɡo,aleɡ,aleɡ,NL
aleɡo,aleɡo,aleɡ,aleɡ,NL
aleɡo,aleɡo,aleɡ,aleɡ,NL
aleɡo,aleɡo,aleɡ,aleɡ,NL
aleɡo,aleɡo,aleɡ,aleɡ,NL
aleɡeis,aleɡeis,aleɡe,aleɡe,NL
aleɡeis,aleɡeis,aleɡe,aleɡe,NL
aleɡeis,aleɡeis,aleɡe,aleɡe,NL
aleɡeis,aleɡeis,aleɡe,aleɡe,NL
aleɡeis,aleɡeis,aleɡe,aleɡe,NL
aleɡeis,aleɡeis,aleɡe,aleɡe,NL
aleɡeis,aleɡeis,aleɡe,aleɡe,NL
aleɡeis,aleɡeis,aleɡe,aleɡe,NL
aleɡeis,aleɡeis,aleɡe,aleɡe,NL
aleɡeis,aleɡeis,aleɡe,aleɡe,NL
aleɡeis,aleɡeis,aleɡe,aleɡe,NL
aleɡeis,aleɡeis,aleɡe,aleɡe,NL
aleɡeis,aleɡeis,aleɡe,aleɡe,NL
aleɡeis,aleɡeis,aleɡe,aleɡe,NL
aleɡeis,aleɡeis,aleɡe,aleɡe,NL
aleɡeis,aleɡeis,aleɡe,aleɡe,NL
aleɡeis,aleɡeis,aleɡe,aleɡe,NL
aleɡeis,aleɡeis,aleɡe,aleɡe,NL
aleɡeis,aleɡeis,aleɡe,aleɡe,NL
aleɡeis,aleɡeis,aleɡe,aleɡe,NL
aleɡeis,aleɡeis,aleɡe,aleɡe,NL
aleɡeis,aleɡeis,aleɡe,aleɡe,NL
aleɡeis,aleɡeis,aleɡe,aleɡe,NL
aleɡeis,aleɡeis,aleɡe,aleɡe,NL
aleɡeis,aleɡeis,aleɡe,aleɡe,NL
aleɡeis,aleɡeis,aleɡe,aleɡe,NL
aleɡeis,aleɡeis,aleɡe,aleɡe,NL
aleɡeis,aleɡeis,aleɡe,aleɡe,NL
aleɡeis,aleɡeis,aleɡe,aleɡe,NL
aleɡeis,aleɡeis,aleɡe,aleɡe,NL
aleɡeis,aleɡeis,aleɡe,aleɡe,NL
aleɡeis,aleɡeis,aleɡe,aleɡe,NL
aleɡeis,aleɡeis,aleɡe,aleɡe,NL
aleɡeis,aleɡeis,aleɡe,aleɡe,NL
aleɡeis,aleɡeis,aleɡe,aleɡe,NL
aleɡeis,aleɡeis,aleɡe,aleɡe,NL
aleɡeis,aleɡeis,aleɡe,aleɡe,NL
aleɡeis,aleɡeis,aleɡe,aleɡe,NL
aleɡeis,aleɡeis,aleɡe,aleɡe,NL
aleɡeis,aleɡeis,aleɡe,aleɡe,NL
aleɡeis,aleɡeis,aleɡe,aleɡe,NL
aleɡeis,aleɡeis,aleɡe,aleɡe,NL
aleɡeis,aleɡeis,aleɡe,aleɡe,NL
aleɡeis,aleɡeis,aleɡe,aleɡe,NL
aleɡeis,aleɡeis,aleɡe,aleɡe,NL
aleɡeis,aleɡeis,aleɡe,aleɡe,NL
aleɡeis,aleɡeis,aleɡe,aleɡe,NL
aleɡeis,aleɡeis,aleɡe,aleɡe,NL
aleɡeis,aleɡeis,aleɡe,aleɡe,NL
aleɡeis,aleɡeis,aleɡe,aleɡe,NL
aleɡeis,aleɡeis,aleɡe,aleɡe,NL
aleɡeis,aleɡeis,aleɡe,aleɡe,NL
aleɡeis,aleɡeis,aleɡe,aleɡe,NL
aleɡeis,aleɡeis,aleɡe,aleɡe,NL
aleɡeis,aleɡeis,aleɡe,aleɡe,NL
aleɡemos,aleɡemos,aleɡ,aleɡ,NL
aleɡemos,aleɡemos,aleɡ,aleɡ,NL
aleɡemos,aleɡemos,aleɡ,aleɡ,NL
aleɡemos,aleɡemos,aleɡ,aleɡ,NL
aleɡemos,aleɡemos,aleɡ,aleɡ,NL
aleɡemos,aleɡemos,aleɡ,aleɡ,NL
aleɡemos,aleɡemos,aleɡ,aleɡ,NL
aleɡemos,aleɡemos,aleɡ,aleɡ,NL
aleɡemos,aleɡemos,aleɡ,aleɡ,NL
aleɡemos,aleɡemos,aleɡ,aleɡ,NL
aleɡemos,aleɡemos,aleɡ,aleɡ,NL
aleɡemos,aleɡemos,aleɡ,aleɡ,NL
aleɡemos,aleɡemos,aleɡ,aleɡ,NL
aleɡemos,aleɡemos,aleɡ,aleɡ,NL
aleɡemos,aleɡemos,aleɡ,aleɡ,NL
aleɡemos,aleɡemos,aleɡ,aleɡ,NL
aleɡemos,aleɡemos,aleɡ,aleɡ,NL
aleɡemos,aleɡemos,aleɡ,aleɡ,NL
aleɡemos,aleɡemos,aleɡ,aleɡ,NL
aleɡemos,aleɡemos,aleɡ,aleɡ,NL
aleɡemos,aleɡemos,aleɡ,aleɡ,NL
aleɡemos,aleɡemos,aleɡ,aleɡ,NL
aleɡemos,aleɡemos,aleɡ,aleɡ,NL
aleɡemos,aleɡemos,aleɡ,aleɡ,NL
aleɡemos,aleɡemos,aleɡ,aleɡ,NL
aleɡemos,aleɡemos,aleɡ,aleɡ,NL
aleɡemos,aleɡemos,aleɡ,aleɡ,NL
aleɡemos,aleɡemos,aleɡ,aleɡ,NL
aleɡemos,aleɡemos,aleɡ,aleɡ,NL
aleɡemos,aleɡemos,aleɡ,aleɡ,NL
aleɡemos,aleɡemos,aleɡ,aleɡ,NL
aleɡemos,aleɡemos,aleɡ,aleɡ,NL
aleɡemos,aleɡemos,aleɡ,aleɡ,NL
aleɡemos,aleɡemos,aleɡ,aleɡ,NL
aleɡemos,aleɡemos,aleɡ,aleɡ,NL
aleɡemos,aleɡemos,aleɡ,aleɡ,NL
aleɡemos,aleɡemos,aleɡ,aleɡ,NL
aleɡemos,aleɡemos,aleɡ,aleɡ,NL
aleɡemos,aleɡemos,aleɡ,aleɡ,NL
aleɡemos,aleɡemos,aleɡ,aleɡ,NL
aleɡemos,aleɡemos,aleɡ,aleɡ,NL
aleɡemos,aleɡemos,aleɡ,aleɡ,NL
aleɡemos,aleɡemos,aleɡ,aleɡ,NL
aleɡemos,aleɡemos,aleɡ,aleɡ,NL
aleɡemos,aleɡemos,aleɡ,aleɡ,NL
aleɡemos,aleɡemos,aleɡ,aleɡ,NL
aleɡemos,aleɡemos,aleɡ,aleɡ,NL
aleɡemos,aleɡemos,aleɡ,aleɡ,NL
aleɡemos,aleɡemos,aleɡ,aleɡ,NL
aleɡemos,aleɡemos,aleɡ,aleɡ,NL
aleɡemos,aleɡemos,aleɡ,aleɡ,NL
aleɡemos,aleɡemos,aleɡ,aleɡ,NL
aleɡemos,aleɡemos,aleɡ,aleɡ,NL
aleɡemos,aleɡemos,aleɡ,aleɡ,NL
aleɡemos,aleɡemos,aleɡ,aleɡ,NL
aleɡen,aleɡen,aleɡ,aleɡ,NL
aleɡen,aleɡen,aleɡ,aleɡ,NL
aleɡen,aleɡen,aleɡ,aleɡ,NL
aleɡen,aleɡen,aleɡ,aleɡ,NL
aleɡen,aleɡen,aleɡ,aleɡ,NL
aleɡen,aleɡen,aleɡ,aleɡ,NL
aleɡen,aleɡen,aleɡ,aleɡ,NL
aleɡen,aleɡen,aleɡ,aleɡ,NL
aleɡen,aleɡen,aleɡ,aleɡ,NL
aleɡen,aleɡen,aleɡ,aleɡ,NL
aleɡen,aleɡen,aleɡ,aleɡ,NL
aleɡen,aleɡen,aleɡ,aleɡ,NL
aleɡen,aleɡen,aleɡ,aleɡ,NL
aleɡen,aleɡen,aleɡ,aleɡ,NL
aleɡen,aleɡen,aleɡ,aleɡ,NL
aleɡen,aleɡen,aleɡ,aleɡ,NL
aleɡen,aleɡen,aleɡ,aleɡ,NL
aleɡen,aleɡen,aleɡ,aleɡ,NL
aleɡen,aleɡen,aleɡ,aleɡ,NL
aleɡen,aleɡen,aleɡ,aleɡ,NL
aleɡen,aleɡen,aleɡ,aleɡ,NL
aleɡen,aleɡen,aleɡ,aleɡ,NL
aleɡen,aleɡen,aleɡ,aleɡ,NL
aleɡen,aleɡen,aleɡ,aleɡ,NL
aleɡen,aleɡen,aleɡ,aleɡ,NL
aleɡen,aleɡen,aleɡ,aleɡ,NL
aleɡen,aleɡen,aleɡ,aleɡ,NL
aleɡen,aleɡen,aleɡ,aleɡ,NL
aleɡen,aleɡen,aleɡ,aleɡ,NL
aleɡen,aleɡen,aleɡ,aleɡ,NL
aleɡen,aleɡen,aleɡ,aleɡ,NL
aleɡen,aleɡen,aleɡ,aleɡ,NL
aleɡen,aleɡen,aleɡ,aleɡ,NL
aleɡen,aleɡen,aleɡ,aleɡ,NL
aleɡen,aleɡen,aleɡ,aleɡ,NL
aleɡen,aleɡen,aleɡ,aleɡ,NL
aleɡen,aleɡen,aleɡ,aleɡ,NL
aleɡen,aleɡen,aleɡ,aleɡ,NL
aleɡen,aleɡen,aleɡ,aleɡ,NL
aleɡen,aleɡen,aleɡ,aleɡ,NL
aleɡen,aleɡen,aleɡ,aleɡ,NL
aleɡen,aleɡen,aleɡ,aleɡ,NL
aleɡen,aleɡen,aleɡ,aleɡ,NL
aleɡen,aleɡen,aleɡ,aleɡ,NL
aleɡen,aleɡen,aleɡ,aleɡ,NL
aleɡen,aleɡen,aleɡ,aleɡ,NL
aleɡen,aleɡen,aleɡ,aleɡ,NL
aleɡen,aleɡen,aleɡ,aleɡ,NL
aleɡen,aleɡen,aleɡ,aleɡ,NL
aleɡen,aleɡen,aleɡ,aleɡ,NL
aleɡen,aleɡen,aleɡ,aleɡ,NL
aleɡen,aleɡen,aleɡ,aleɡ,NL
aleɡen,aleɡen,aleɡ,aleɡ,NL
aleɡen,aleɡen,aleɡ,aleɡ,NL
aleɡen,aleɡen,aleɡ,aleɡ,NL
aleɡes,aleɡes,aleɡ,aleɡ,NL
aleɡes,aleɡes,aleɡ,aleɡ,NL
aleɡes,aleɡes,aleɡ,aleɡ,NL
aleɡes,aleɡes,aleɡ,aleɡ,NL
aleɡes,aleɡes,aleɡ,aleɡ,NL
aleɡes,aleɡes,aleɡ,aleɡ,NL
aleɡes,aleɡes,aleɡ,aleɡ,NL
aleɡes,aleɡes,aleɡ,aleɡ,NL
aleɡes,aleɡes,aleɡ,aleɡ,NL
aleɡes,aleɡes,aleɡ,aleɡ,NL
aleɡes,aleɡes,aleɡ,aleɡ,NL
aleɡes,aleɡes,aleɡ,aleɡ,NL
aleɡes,aleɡes,aleɡ,aleɡ,NL
aleɡes,aleɡes,aleɡ,aleɡ,NL
aleɡes,aleɡes,aleɡ,aleɡ,NL
aleɡes,aleɡes,aleɡ,aleɡ,NL
aleɡes,aleɡes,aleɡ,aleɡ,NL
aleɡes,aleɡes,aleɡ,aleɡ,NL
aleɡes,aleɡes,aleɡ,aleɡ,NL
aleɡes,aleɡes,aleɡ,aleɡ,NL
aleɡes,aleɡes,aleɡ,aleɡ,NL
aleɡes,aleɡes,aleɡ,aleɡ,NL
aleɡes,aleɡes,aleɡ,aleɡ,NL
aleɡes,aleɡes,aleɡ,aleɡ,NL
aleɡes,aleɡes,aleɡ,aleɡ,NL
aleɡes,aleɡes,aleɡ,aleɡ,NL
aleɡes,aleɡes,aleɡ,aleɡ,NL
aleɡes,aleɡes,aleɡ,aleɡ,NL
aleɡes,aleɡes,aleɡ,aleɡ,NL
aleɡes,aleɡes,aleɡ,aleɡ,NL
aleɡes,aleɡes,aleɡ,aleɡ,NL
aleɡes,aleɡes,aleɡ,aleɡ,NL
aleɡes,aleɡes,aleɡ,aleɡ,NL
aleɡes,aleɡes,aleɡ,aleɡ,NL
aleɡes,aleɡes,aleɡ,aleɡ,NL
aleɡes,aleɡes,aleɡ,aleɡ,NL
aleɡes,aleɡes,aleɡ,aleɡ,NL
aleɡes,aleɡes,aleɡ,aleɡ,NL
aleɡes,aleɡes,aleɡ,aleɡ,NL
aleɡes,aleɡes,aleɡ,aleɡ,NL
aleɡes,aleɡes,aleɡ,aleɡ,NL
aleɡes,aleɡes,aleɡ,aleɡ,NL
aleɡes,aleɡes,aleɡ,aleɡ,NL
aleɡes,aleɡes,aleɡ,aleɡ,NL
aleɡes,aleɡes,aleɡ,aleɡ,NL
aleɡes,aleɡes,aleɡ,aleɡ,NL
aleɡes,aleɡes,aleɡ,aleɡ,NL
aleɡes,aleɡes,aleɡ,aleɡ,NL
aleɡes,aleɡes,aleɡ,aleɡ,NL
aleɡes,aleɡes,aleɡ,aleɡ,NL
aleɡes,aleɡes,aleɡ,aleɡ,NL
aleɡes,aleɡes,aleɡ,aleɡ,NL
aleɡes,aleɡes,aleɡ,aleɡ,NL
aleɡes,aleɡes,aleɡ,aleɡ,NL
aleɡes,aleɡes,aleɡ,aleɡ,NL
aleɡe,aleɡe,aleɡ,aleɡ,NL
aleɡe,aleɡe,aleɡ,aleɡ,NL
aleɡe,aleɡe,aleɡ,aleɡ,NL
aleɡe,aleɡe,aleɡ,aleɡ,NL
aleɡe,aleɡe,aleɡ,aleɡ,NL
aleɡe,aleɡe,aleɡ,aleɡ,NL
aleɡe,aleɡe,aleɡ,aleɡ,NL
aleɡe,aleɡe,aleɡ,aleɡ,NL
aleɡe,aleɡe,aleɡ,aleɡ,NL
aleɡe,aleɡe,aleɡ,aleɡ,NL
aleɡe,aleɡe,aleɡ,aleɡ,NL
aleɡe,aleɡe,aleɡ,aleɡ,NL
aleɡe,aleɡe,aleɡ,aleɡ,NL
aleɡe,aleɡe,aleɡ,aleɡ,NL
aleɡe,aleɡe,aleɡ,aleɡ,NL
aleɡe,aleɡe,aleɡ,aleɡ,NL
aleɡe,aleɡe,aleɡ,aleɡ,NL
aleɡe,aleɡe,aleɡ,aleɡ,NL
aleɡe,aleɡe,aleɡ,aleɡ,NL
aleɡe,aleɡe,aleɡ,aleɡ,NL
aleɡe,aleɡe,aleɡ,aleɡ,NL
aleɡe,aleɡe,aleɡ,aleɡ,NL
aleɡe,aleɡe,aleɡ,aleɡ,NL
aleɡe,aleɡe,aleɡ,aleɡ,NL
aleɡe,aleɡe,aleɡ,aleɡ,NL
aleɡe,aleɡe,aleɡ,aleɡ,NL
aleɡe,aleɡe,aleɡ,aleɡ,NL
aleɡe,aleɡe,aleɡ,aleɡ,NL
aleɡe,aleɡe,aleɡ,aleɡ,NL
aleɡe,aleɡe,aleɡ,aleɡ,NL
aleɡe,aleɡe,aleɡ,aleɡ,NL
aleɡe,aleɡe,aleɡ,aleɡ,NL
aleɡe,aleɡe,aleɡ,aleɡ,NL
aleɡe,aleɡe,aleɡ,aleɡ,NL
aleɡe,aleɡe,aleɡ,aleɡ,NL
aleɡe,aleɡe,aleɡ,aleɡ,NL
aleɡe,aleɡe,aleɡ,aleɡ,NL
aleɡe,aleɡe,aleɡ,aleɡ,NL
aleɡe,aleɡe,aleɡ,aleɡ,NL
aleɡe,aleɡe,aleɡ,aleɡ,NL
aleɡe,aleɡe,aleɡ,aleɡ,NL
aleɡe,aleɡe,aleɡ,aleɡ,NL
aleɡe,aleɡe,aleɡ,aleɡ,NL
aleɡe,aleɡe,aleɡ,aleɡ,NL
aleɡe,aleɡe,aleɡ,aleɡ,NL
aleɡe,aleɡe,aleɡ,aleɡ,NL
aleɡe,aleɡe,aleɡ,aleɡ,NL
aleɡe,aleɡe,aleɡ,aleɡ,NL
aleɡe,aleɡe,aleɡ,aleɡ,NL
aleɡe,aleɡe,aleɡ,aleɡ,NL
aleɡe,aleɡe,aleɡ,aleɡ,NL
aleɡe,aleɡe,aleɡ,aleɡ,NL
aleɡe,aleɡe,aleɡ,aleɡ,NL
aleɡe,aleɡe,aleɡ,aleɡ,NL
aleɡe,aleɡe,aleɡ,aleɡ,NL
aleɡe,aleɡe,aleɡ,aleɡ,NL
aleɡe,aleɡe,aleɡ,aleɡ,NL
aleɡe,aleɡe,aleɡ,aleɡ,NL
aleɡe,aleɡe,aleɡ,aleɡ,NL
aleɡe,aleɡe,aleɡ,aleɡ,NL
aleɡe,aleɡe,aleɡ,aleɡ,NL
aleɡe,aleɡe,aleɡ,aleɡ,NL
aleɡe,aleɡe,aleɡ,aleɡ,NL
aleɡe,aleɡe,aleɡ,aleɡ,NL
aleɡe,aleɡe,aleɡ,aleɡ,NL
aleɡe,aleɡe,aleɡ,aleɡ,NL
aleɡe,aleɡe,aleɡ,aleɡ,NL
aleɡe,aleɡe,aleɡ,aleɡ,NL
aleɡe,aleɡe,aleɡ,aleɡ,NL
aleɡe,aleɡe,aleɡ,aleɡ,NL
aleɡe,aleɡe,aleɡ,aleɡ,NL
aleɡe,aleɡe,aleɡ,aleɡ,NL
aleɡe,aleɡe,aleɡ,aleɡ,NL
aleɡe,aleɡe,aleɡ,aleɡ,NL
aleɡe,aleɡe,aleɡ,aleɡ,NL
aleɡe,aleɡe,aleɡ,aleɡ,NL
aleɡe,aleɡe,aleɡ,aleɡ,NL
aleɡe,aleɡe,aleɡ,aleɡ,NL
aleɡe,aleɡe,aleɡ,aleɡ,NL
aleɡe,aleɡe,aleɡ,aleɡ,NL
aleɡe,aleɡe,aleɡ,aleɡ,NL
aleɡe,aleɡe,aleɡ,aleɡ,NL
aleɡe,aleɡe,aleɡ,aleɡ,NL
aleɡe,aleɡe,aleɡ,aleɡ,NL
aleɡe,aleɡe,aleɡ,aleɡ,NL
aleɡe,aleɡe,aleɡ,aleɡ,NL
aleɡe,aleɡe,aleɡ,aleɡ,NL
aleɡe,aleɡe,aleɡ,aleɡ,NL
aleɡe,aleɡe,aleɡ,aleɡ,NL
aleɡe,aleɡe,aleɡ,aleɡ,NL
aleɡe,aleɡe,aleɡ,aleɡ,NL
aleɡe,aleɡe,aleɡ,aleɡ,NL
aleɡe,aleɡe,aleɡ,aleɡ,NL
aleɡe,aleɡe,aleɡ,aleɡ,NL
aleɡe,aleɡe,aleɡ,aleɡ,NL
aleɡe,aleɡe,aleɡ,aleɡ,NL
aleɡe,aleɡe,aleɡ,aleɡ,NL
aleɡe,aleɡe,aleɡ,aleɡ,NL
aleɡe,aleɡe,aleɡ,aleɡ,NL
aleɡe,aleɡe,aleɡ,aleɡ,NL
aleɡe,aleɡe,aleɡ,aleɡ,NL
aleɡe,aleɡe,aleɡ,aleɡ,NL
aleɡe,aleɡe,aleɡ,aleɡ,NL
aleɡe,aleɡe,aleɡ,aleɡ,NL
aleɡe,aleɡe,aleɡ,aleɡ,NL
aleɡe,aleɡe,aleɡ,aleɡ,NL
aleɡe,aleɡe,aleɡ,aleɡ,NL
aleɡe,aleɡe,aleɡ,aleɡ,NL
aleɡe,aleɡe,aleɡ,aleɡ,NL
aleɡe,aleɡe,aleɡ,aleɡ,NL
dibidajs,dibidejs,dibid,dibid,NL
dibidajs,dibidejs,dibid,dibid,NL
dibidajs,dibidejs,dibid,dibid,NL
dibidajs,dibidejs,dibid,dibid,NL
dibidajs,dibidejs,dibid,dibid,NL
dibidajs,dibidejs,dibid,dibid,NL
dibidajs,dibidejs,dibid,dibid,NL
dibidajs,dibidejs,dibid,dibid,NL
dibidajs,dibidejs,dibid,dibid,NL
dibidajs,dibidejs,dibid,dibid,NL
dibidajs,dibidejs,dibid,dibid,NL
dibidajs,dibidejs,dibid,dibid,NL
dibidajs,dibidejs,dibid,dibid,NL
dibidajs,dibidejs,dibid,dibid,NL
dibidajs,dibidejs,dibid,dibid,NL
dibidajs,dibidejs,dibid,dibid,NL
dibidajs,dibidejs,dibid,dibid,NL
dibidajs,dibidejs,dibid,dibid,NL
dibidajs,dibidejs,dibid,dibid,NL
dibidajs,dibidejs,dibid,dibid,NL
dibidajs,dibidejs,dibid,dibid,NL
dibidajs,dibidejs,dibid,dibid,NL
dibidajs,dibidejs,dibid,dibid,NL
dibidajs,dibidejs,dibid,dibid,NL
dibidajs,dibidejs,dibid,dibid,NL
dibidajs,dibidejs,dibid,dibid,NL
dibidajs,dibidejs,dibid,dibid,NL
dibidajs,dibidejs,dibid,dibid,NL
dibidajs,dibidejs,dibid,dibid,NL
dibidajs,dibidejs,dibid,dibid,NL
dibidajs,dibidejs,dibid,dibid,NL
dibidajs,dibidejs,dibid,dibid,NL
dibidajs,dibidejs,dibid,dibid,NL
dibidajs,dibidejs,dibid,dibid,NL
dibidajs,dibidejs,dibid,dibid,NL
dibidajs,dibidejs,dibid,dibid,NL
dibidajs,dibidejs,dibid,dibid,NL
dibidajs,dibidejs,dibid,dibid,NL
dibidajs,dibidejs,dibid,dibid,NL
dibidajs,dibidejs,dibid,dibid,NL
dibidajs,dibidejs,dibid,dibid,NL
dibidajs,dibidejs,dibid,dibid,NL
dibidajs,dibidejs,dibid,dibid,NL
dibidajs,dibidejs,dibid,dibid,NL
dibidajs,dibidejs,dibid,dibid,NL
dibidajs,dibidejs,dibid,dibid,NL
dibidajs,dibidejs,dibid,dibid,NL
dibidajs,dibidejs,dibid,dibid,NL
dibidajs,dibidejs,dibid,dibid,NL
dibidajs,dibidejs,dibid,dibid,NL
dibidajs,dibidejs,dibid,dibid,NL
dibidajs,dibidejs,dibid,dibid,NL
dibidajs,dibidejs,dibid,dibid,NL
dibidajs,dibidejs,dibid,dibid,NL
dibidajs,dibidejs,dibid,dibid,NL
dibidamos,dibidemos,dibid,dibid,NL
dibidamos,dibidemos,dibid,dibid,NL
dibidamos,dibidemos,dibid,dibid,NL
dibidamos,dibidemos,dibid,dibid,NL
dibidamos,dibidemos,dibid,dibid,NL
dibidamos,dibidemos,dibid,dibid,NL
dibidamos,dibidemos,dibid,dibid,NL
dibidamos,dibidemos,dibid,dibid,NL
dibidamos,dibidemos,dibid,dibid,NL
dibidamos,dibidemos,dibid,dibid,NL
dibidamos,dibidemos,dibid,dibid,NL
dibidamos,dibidemos,dibid,dibid,NL
dibidamos,dibidemos,dibid,dibid,NL
dibidamos,dibidemos,dibid,dibid,NL
dibidamos,dibidemos,dibid,dibid,NL
dibidamos,dibidemos,dibid,dibid,NL
dibidamos,dibidemos,dibid,dibid,NL
dibidamos,dibidemos,dibid,dibid,NL
dibidamos,dibidemos,dibid,dibid,NL
dibidamos,dibidemos,dibid,dibid,NL
dibidamos,dibidemos,dibid,dibid,NL
dibidamos,dibidemos,dibid,dibid,NL
dibidamos,dibidemos,dibid,dibid,NL
dibidamos,dibidemos,dibid,dibid,NL
dibidamos,dibidemos,dibid,dibid,NL
dibidamos,dibidemos,dibid,dibid,NL
dibidamos,dibidemos,dibid,dibid,NL
dibidamos,dibidemos,dibid,dibid,NL
dibidamos,dibidemos,dibid,dibid,NL
dibidamos,dibidemos,dibid,dibid,NL
dibidamos,dibidemos,dibid,dibid,NL
dibidamos,dibidemos,dibid,dibid,NL
dibidamos,dibidemos,dibid,dibid,NL
dibidamos,dibidemos,dibid,dibid,NL
dibidamos,dibidemos,dibid,dibid,NL
dibidamos,dibidemos,dibid,dibid,NL
dibidamos,dibidemos,dibid,dibid,NL
dibidamos,dibidemos,dibid,dibid,NL
dibidamos,dibidemos,dibid,dibid,NL
dibidamos,dibidemos,dibid,dibid,NL
dibidamos,dibidemos,dibid,dibid,NL
dibidamos,dibidemos,dibid,dibid,NL
dibidamos,dibidemos,dibid,dibid,NL
dibidamos,dibidemos,dibid,dibid,NL
dibidamos,dibidemos,dibid,dibid,NL
dibidamos,dibidemos,dibid,dibid,NL
dibidamos,dibidemos,dibid,dibid,NL
dibidamos,dibidemos,dibid,dibid,NL
dibidamos,dibidemos,dibid,dibid,NL
dibidamos,dibidemos,dibid,dibid,NL
dibidamos,dibidemos,dibid,dibid,NL
dibidamos,dibidemos,dibid,dibid,NL
dibidamos,dibidemos,dibid,dibid,NL
dibidamos,dibidemos,dibid,dibid,NL
dibidamos,dibidemos,dibid,dibid,NL
dibidan,dibiden,dibid,dibid,NL
dibidan,dibiden,dibid,dibid,NL
dibidan,dibiden,dibid,dibid,NL
dibidan,dibiden,dibid,dibid,NL
dibidan,dibiden,dibid,dibid,NL
dibidan,dibiden,dibid,dibid,NL
dibidan,dibiden,dibid,dibid,NL
dibidan,dibiden,dibid,dibid,NL
dibidan,dibiden,dibid,dibid,NL
dibidan,dibiden,dibid,dibid,NL
dibidan,dibiden,dibid,dibid,NL
dibidan,dibiden,dibid,dibid,NL
dibidan,dibiden,dibid,dibid,NL
dibidan,dibiden,dibid,dibid,NL
dibidan,dibiden,dibid,dibid,NL
dibidan,dibiden,dibid,dibid,NL
dibidan,dibiden,dibid,dibid,NL
dibidan,dibiden,dibid,dibid,NL
dibidan,dibiden,dibid,dibid,NL
dibidan,dibiden,dibid,dibid,NL
dibidan,dibiden,dibid,dibid,NL
dibidan,dibiden,dibid,dibid,NL
dibidan,dibiden,dibid,dibid,NL
dibidan,dibiden,dibid,dibid,NL
dibidan,dibiden,dibid,dibid,NL
dibidan,dibiden,dibid,dibid,NL
dibidan,dibiden,dibid,dibid,NL
dibidan,dibiden,dibid,dibid,NL
dibidan,dibiden,dibid,dibid,NL
dibidan,dibiden,dibid,dibid,NL
dibidan,dibiden,dibid,dibid,NL
dibidan,dibiden,dibid,dibid,NL
dibidan,dibiden,dibid,dibid,NL
dibidan,dibiden,dibid,dibid,NL
dibidan,dibiden,dibid,dibid,NL
dibidan,dibiden,dibid,dibid,NL
dibidan,dibiden,dibid,dibid,NL
dibidan,dibiden,dibid,dibid,NL
dibidan,dibiden,dibid,dibid,NL
dibidan,dibiden,dibid,dibid,NL
dibidan,dibiden,dibid,dibid,NL
dibidan,dibiden,dibid,dibid,NL
dibidan,dibiden,dibid,dibid,NL
dibidan,dibiden,dibid,dibid,NL
dibidan,dibiden,dibid,dibid,NL
dibidan,dibiden,dibid,dibid,NL
dibidan,dibiden,dibid,dibid,NL
dibidan,dibiden,dibid,dibid,NL
dibidan,dibiden,dibid,dibid,NL
dibidan,dibiden,dibid,dibid,NL
dibidan,dibiden,dibid,dibid,NL
dibidan,dibiden,dibid,dibid,NL
dibidan,dibiden,dibid,dibid,NL
dibidan,dibiden,dibid,dibid,NL
dibidan,dibiden,dibid,dibid,NL
dibidas,dibides,dibid,dibid,NL
dibidas,dibides,dibid,dibid,NL
dibidas,dibides,dibid,dibid,NL
dibidas,dibides,dibid,dibid,NL
dibidas,dibides,dibid,dibid,NL
dibidas,dibides,dibid,dibid,NL
dibidas,dibides,dibid,dibid,NL
dibidas,dibides,dibid,dibid,NL
dibidas,dibides,dibid,dibid,NL
dibidas,dibides,dibid,dibid,NL
dibidas,dibides,dibid,dibid,NL
dibidas,dibides,dibid,dibid,NL
dibidas,dibides,dibid,dibid,NL
dibidas,dibides,dibid,dibid,NL
dibidas,dibides,dibid,dibid,NL
dibidas,dibides,dibid,dibid,NL
dibidas,dibides,dibid,dibid,NL
dibidas,dibides,dibid,dibid,NL
dibidas,dibides,dibid,dibid,NL
dibidas,dibides,dibid,dibid,NL
dibidas,dibides,dibid,dibid,NL
dibidas,dibides,dibid,dibid,NL
dibidas,dibides,dibid,dibid,NL
dibidas,dibides,dibid,dibid,NL
dibidas,dibides,dibid,dibid,NL
dibidas,dibides,dibid,dibid,NL
dibidas,dibides,dibid,dibid,NL
dibidas,dibides,dibid,dibid,NL
dibidas,dibides,dibid,dibid,NL
dibidas,dibides,dibid,dibid,NL
dibidas,dibides,dibid,dibid,NL
dibidas,dibides,dibid,dibid,NL
dibidas,dibides,dibid,dibid,NL
dibidas,dibides,dibid,dibid,NL
dibidas,dibides,dibid,dibid,NL
dibidas,dibides,dibid,dibid,NL
dibidas,dibides,dibid,dibid,NL
dibidas,dibides,dibid,dibid,NL
dibidas,dibides,dibid,dibid,NL
dibidas,dibides,dibid,dibid,NL
dibidas,dibides,dibid,dibid,NL
dibidas,dibides,dibid,dibid,NL
dibidas,dibides,dibid,dibid,NL
dibidas,dibides,dibid,dibid,NL
dibidas,dibides,dibid,dibid,NL
dibidas,dibides,dibid,dibid,NL
dibidas,dibides,dibid,dibid,NL
dibidas,dibides,dibid,dibid,NL
dibidas,dibides,dibid,dibid,NL
dibidas,dibides,dibid,dibid,NL
dibidas,dibides,dibid,dibid,NL
dibidas,dibides,dibid,dibid,NL
dibidas,dibides,dibid,dibid,NL
dibidas,dibides,dibid,dibid,NL
dibidas,dibides,dibid,dibid,NL
dibida,dibide,dibid,dibid,NL
dibida,dibide,dibid,dibid,NL
dibida,dibide,dibid,dibid,NL
dibida,dibide,dibid,dibid,NL
dibida,dibide,dibid,dibid,NL
dibida,dibide,dibid,dibid,NL
dibida,dibide,dibid,dibid,NL
dibida,dibide,dibid,dibid,NL
dibida,dibide,dibid,dibid,NL
dibida,dibide,dibid,dibid,NL
dibida,dibide,dibid,dibid,NL
dibida,dibide,dibid,dibid,NL
dibida,dibide,dibid,dibid,NL
dibida,dibide,dibid,dibid,NL
dibida,dibide,dibid,dibid,NL
dibida,dibide,dibid,dibid,NL
dibida,dibide,dibid,dibid,NL
dibida,dibide,dibid,dibid,NL
dibida,dibide,dibid,dibid,NL
dibida,dibide,dibid,dibid,NL
dibida,dibide,dibid,dibid,NL
dibida,dibide,dibid,dibid,NL
dibida,dibide,dibid,dibid,NL
dibida,dibide,dibid,dibid,NL
dibida,dibide,dibid,dibid,NL
dibida,dibide,dibid,dibid,NL
dibida,dibide,dibid,dibid,NL
dibida,dibide,dibid,dibid,NL
dibida,dibide,dibid,dibid,NL
dibida,dibide,dibid,dibid,NL
dibida,dibide,dibid,dibid,NL
dibida,dibide,dibid,dibid,NL
dibida,dibide,dibid,dibid,NL
dibida,dibide,dibid,dibid,NL
dibida,dibide,dibid,dibid,NL
dibida,dibide,dibid,dibid,NL
dibida,dibide,dibid,dibid,NL
dibida,dibide,dibid,dibid,NL
dibida,dibide,dibid,dibid,NL
dibida,dibide,dibid,dibid,NL
dibida,dibide,dibid,dibid,NL
dibida,dibide,dibid,dibid,NL
dibida,dibide,dibid,dibid,NL
dibida,dibide,dibid,dibid,NL
dibida,dibide,dibid,dibid,NL
dibida,dibide,dibid,dibid,NL
dibida,dibide,dibid,dibid,NL
dibida,dibide,dibid,dibid,NL
dibida,dibide,dibid,dibid,NL
dibida,dibide,dibid,dibid,NL
dibida,dibide,dibid,dibid,NL
dibida,dibide,dibid,dibid,NL
dibida,dibide,dibid,dibid,NL
dibida,dibide,dibid,dibid,NL
dibida,dibide,dibid,dibid,NL
dibida,dibide,dibid,dibid,NL
dibida,dibide,dibid,dibid,NL
dibida,dibide,dibid,dibid,NL
dibida,dibide,dibid,dibid,NL
dibida,dibide,dibid,dibid,NL
dibida,dibide,dibid,dibid,NL
dibida,dibide,dibid,dibid,NL
dibida,dibide,dibid,dibid,NL
dibida,dibide,dibid,dibid,NL
dibida,dibide,dibid,dibid,NL
dibida,dibide,dibid,dibid,NL
dibida,dibide,dibid,dibid,NL
dibida,dibide,dibid,dibid,NL
dibida,dibide,dibid,dibid,NL
dibida,dibide,dibid,dibid,NL
dibida,dibide,dibid,dibid,NL
dibida,dibide,dibid,dibid,NL
dibida,dibide,dibid,dibid,NL
dibida,dibide,dibid,dibid,NL
dibida,dibide,dibid,dibid,NL
dibida,dibide,dibid,dibid,NL
dibida,dibide,dibid,dibid,NL
dibida,dibide,dibid,dibid,NL
dibida,dibide,dibid,dibid,NL
dibida,dibide,dibid,dibid,NL
dibida,dibide,dibid,dibid,NL
dibida,dibide,dibid,dibid,NL
dibida,dibide,dibid,dibid,NL
dibida,dibide,dibid,dibid,NL
dibida,dibide,dibid,dibid,NL
dibida,dibide,dibid,dibid,NL
dibida,dibide,dibid,dibid,NL
dibida,dibide,dibid,dibid,NL
dibida,dibide,dibid,dibid,NL
dibida,dibide,dibid,dibid,NL
dibida,dibide,dibid,dibid,NL
dibida,dibide,dibid,dibid,NL
dibida,dibide,dibid,dibid,NL
dibida,dibide,dibid,dibid,NL
dibida,dibide,dibid,dibid,NL
dibida,dibide,dibid,dibid,NL
dibida,dibide,dibid,dibid,NL
dibida,dibide,dibid,dibid,NL
dibida,dibide,dibid,dibid,NL
dibida,dibide,dibid,dibid,NL
dibida,dibide,dibid,dibid,NL
dibida,dibide,dibid,dibid,NL
dibida,dibide,dibid,dibid,NL
dibida,dibide,dibid,dibid,NL
dibida,dibide,dibid,dibid,NL
dibida,dibide,dibid,dibid,NL
dibida,dibide,dibid,dibid,NL
dibida,dibide,dibid,dibid,NL
dibida,dibide,dibid,dibid,NL
dibida,dibide,dibid,dibid,NL
dibiden,dibidan,dibid,dibid,NL
dibiden,dibidan,dibid,dibid,NL
dibiden,dibidan,dibid,dibid,NL
dibiden,dibidan,dibid,dibid,NL
dibiden,dibidan,dibid,dibid,NL
dibiden,dibidan,dibid,dibid,NL
dibiden,dibidan,dibid,dibid,NL
dibiden,dibidan,dibid,dibid,NL
dibiden,dibidan,dibid,dibid,NL
dibiden,dibidan,dibid,dibid,NL
dibiden,dibidan,dibid,dibid,NL
dibiden,dibidan,dibid,dibid,NL
dibiden,dibidan,dibid,dibid,NL
dibiden,dibidan,dibid,dibid,NL
dibiden,dibidan,dibid,dibid,NL
dibiden,dibidan,dibid,dibid,NL
dibiden,dibidan,dibid,dibid,NL
dibiden,dibidan,dibid,dibid,NL
dibiden,dibidan,dibid,dibid,NL
dibiden,dibidan,dibid,dibid,NL
dibiden,dibidan,dibid,dibid,NL
dibiden,dibidan,dibid,dibid,NL
dibiden,dibidan,dibid,dibid,NL
dibiden,dibidan,dibid,dibid,NL
dibiden,dibidan,dibid,dibid,NL
dibiden,dibidan,dibid,dibid,NL
dibiden,dibidan,dibid,dibid,NL
dibiden,dibidan,dibid,dibid,NL
dibiden,dibidan,dibid,dibid,NL
dibiden,dibidan,dibid,dibid,NL
dibiden,dibidan,dibid,dibid,NL
dibiden,dibidan,dibid,dibid,NL
dibiden,dibidan,dibid,dibid,NL
dibiden,dibidan,dibid,dibid,NL
dibiden,dibidan,dibid,dibid,NL
dibiden,dibidan,dibid,dibid,NL
dibiden,dibidan,dibid,dibid,NL
dibiden,dibidan,dibid,dibid,NL
dibiden,dibidan,dibid,dibid,NL
dibiden,dibidan,dibid,dibid,NL
dibiden,dibidan,dibid,dibid,NL
dibiden,dibidan,dibid,dibid,NL
dibiden,dibidan,dibid,dibid,NL
dibiden,dibidan,dibid,dibid,NL
dibiden,dibidan,dibid,dibid,NL
dibiden,dibidan,dibid,dibid,NL
dibiden,dibidan,dibid,dibid,NL
dibiden,dibidan,dibid,dibid,NL
dibiden,dibidan,dibid,dibid,NL
dibiden,dibidan,dibid,dibid,NL
dibiden,dibidan,dibid,dibid,NL
dibiden,dibidan,dibid,dibid,NL
dibiden,dibidan,dibid,dibid,NL
dibiden,dibidan,dibid,dibid,NL
dibiden,dibidan,dibid,dibid,NL
dibides,dibidas,dibid,dibid,NL
dibides,dibidas,dibid,dibid,NL
dibides,dibidas,dibid,dibid,NL
dibides,dibidas,dibid,dibid,NL
dibides,dibidas,dibid,dibid,NL
dibides,dibidas,dibid,dibid,NL
dibides,dibidas,dibid,dibid,NL
dibides,dibidas,dibid,dibid,NL
dibides,dibidas,dibid,dibid,NL
dibides,dibidas,dibid,dibid,NL
dibides,dibidas,dibid,dibid,NL
dibides,dibidas,dibid,dibid,NL
dibides,dibidas,dibid,dibid,NL
dibides,dibidas,dibid,dibid,NL
dibides,dibidas,dibid,dibid,NL
dibides,dibidas,dibid,dibid,NL
dibides,dibidas,dibid,dibid,NL
dibides,dibidas,dibid,dibid,NL
dibides,dibidas,dibid,dibid,NL
dibides,dibidas,dibid,dibid,NL
dibides,dibidas,dibid,dibid,NL
dibides,dibidas,dibid,dibid,NL
dibides,dibidas,dibid,dibid,NL
dibides,dibidas,dibid,dibid,NL
dibides,dibidas,dibid,dibid,NL
dibides,dibidas,dibid,dibid,NL
dibides,dibidas,dibid,dibid,NL
dibides,dibidas,dibid,dibid,NL
dibides,dibidas,dibid,dibid,NL
dibides,dibidas,dibid,dibid,NL
dibides,dibidas,dibid,dibid,NL
dibides,dibidas,dibid,dibid,NL
dibides,dibidas,dibid,dibid,NL
dibides,dibidas,dibid,dibid,NL
dibides,dibidas,dibid,dibid,NL
dibides,dibidas,dibid,dibid,NL
dibides,dibidas,dibid,dibid,NL
dibides,dibidas,dibid,dibid,NL
dibides,dibidas,dibid,dibid,NL
dibides,dibidas,dibid,dibid,NL
dibides,dibidas,dibid,dibid,NL
dibides,dibidas,dibid,dibid,NL
dibides,dibidas,dibid,dibid,NL
dibides,dibidas,dibid,dibid,NL
dibides,dibidas,dibid,dibid,NL
dibides,dibidas,dibid,dibid,NL
dibides,dibidas,dibid,dibid,NL
dibides,dibidas,dibid,dibid,NL
dibides,dibidas,dibid,dibid,NL
dibides,dibidas,dibid,dibid,NL
dibides,dibidas,dibid,dibid,NL
dibides,dibidas,dibid,dibid,NL
dibides,dibidas,dibid,dibid,NL
dibides,dibidas,dibid,dibid,NL
dibides,dibidas,dibid,dibid,NL
dibide,dibida,dibid,dibid,NL
dibide,dibida,dibid,dibid,NL
dibide,dibida,dibid,dibid,NL
dibide,dibida,dibid,dibid,NL
dibide,dibida,dibid,dibid,NL
dibide,dibida,dibid,dibid,NL
dibide,dibida,dibid,dibid,NL
dibide,dibida,dibid,dibid,NL
dibide,dibida,dibid,dibid,NL
dibide,dibida,dibid,dibid,NL
dibide,dibida,dibid,dibid,NL
dibide,dibida,dibid,dibid,NL
dibide,dibida,dibid,dibid,NL
dibide,dibida,dibid,dibid,NL
dibide,dibida,dibid,dibid,NL
dibide,dibida,dibid,dibid,NL
dibide,dibida,dibid,dibid,NL
dibide,dibida,dibid,dibid,NL
dibide,dibida,dibid,dibid,NL
dibide,dibida,dibid,dibid,NL
dibide,dibida,dibid,dibid,NL
dibide,dibida,dibid,dibid,NL
dibide,dibida,dibid,dibid,NL
dibide,dibida,dibid,dibid,NL
dibide,dibida,dibid,dibid,NL
dibide,dibida,dibid,dibid,NL
dibide,dibida,dibid,dibid,NL
dibide,dibida,dibid,dibid,NL
dibide,dibida,dibid,dibid,NL
dibide,dibida,dibid,dibid,NL
dibide,dibida,dibid,dibid,NL
dibide,dibida,dibid,dibid,NL
dibide,dibida,dibid,dibid,NL
dibide,dibida,dibid,dibid,NL
dibide,dibida,dibid,dibid,NL
dibide,dibida,dibid,dibid,NL
dibide,dibida,dibid,dibid,NL
dibide,dibida,dibid,dibid,NL
dibide,dibida,dibid,dibid,NL
dibide,dibida,dibid,dibid,NL
dibide,dibida,dibid,dibid,NL
dibide,dibida,dibid,dibid,NL
dibide,dibida,dibid,dibid,NL
dibide,dibida,dibid,dibid,NL
dibide,dibida,dibid,dibid,NL
dibide,dibida,dibid,dibid,NL
dibide,dibida,dibid,dibid,NL
dibide,dibida,dibid,dibid,NL
dibide,dibida,dibid,dibid,NL
dibide,dibida,dibid,dibid,NL
dibide,dibida,dibid,dibid,NL
dibide,dibida,dibid,dibid,NL
dibide,dibida,dibid,dibid,NL
dibide,dibida,dibid,dibid,NL
dibide,dibida,dibid,dibid,NL
dibidimos,dibidamos,dibid,dibid,NL
dibidimos,dibidamos,dibid,dibid,NL
dibidimos,dibidamos,dibid,dibid,NL
dibidimos,dibidamos,dibid,dibid,NL
dibidimos,dibidamos,dibid,dibid,NL
dibidimos,dibidamos,dibid,dibid,NL
dibidimos,dibidamos,dibid,dibid,NL
dibidimos,dibidamos,dibid,dibid,NL
dibidimos,dibidamos,dibid,dibid,NL
dibidimos,dibidamos,dibid,dibid,NL
dibidimos,dibidamos,dibid,dibid,NL
dibidimos,dibidamos,dibid,dibid,NL
dibidimos,dibidamos,dibid,dibid,NL
dibidimos,dibidamos,dibid,dibid,NL
dibidimos,dibidamos,dibid,dibid,NL
dibidimos,dibidamos,dibid,dibid,NL
dibidimos,dibidamos,dibid,dibid,NL
dibidimos,dibidamos,dibid,dibid,NL
dibidimos,dibidamos,dibid,dibid,NL
dibidimos,dibidamos,dibid,dibid,NL
dibidimos,dibidamos,dibid,dibid,NL
dibidimos,dibidamos,dibid,dibid,NL
dibidimos,dibidamos,dibid,dibid,NL
dibidimos,dibidamos,dibid,dibid,NL
dibidimos,dibidamos,dibid,dibid,NL
dibidimos,dibidamos,dibid,dibid,NL
dibidimos,dibidamos,dibid,dibid,NL
dibidimos,dibidamos,dibid,dibid,NL
dibidimos,dibidamos,dibid,dibid,NL
dibidimos,dibidamos,dibid,dibid,NL
dibidimos,dibidamos,dibid,dibid,NL
dibidimos,dibidamos,dibid,dibid,NL
dibidimos,dibidamos,dibid,dibid,NL
dibidimos,dibidamos,dibid,dibid,NL
dibidimos,dibidamos,dibid,dibid,NL
dibidimos,dibidamos,dibid,dibid,NL
dibidimos,dibidamos,dibid,dibid,NL
dibidimos,dibidamos,dibid,dibid,NL
dibidimos,dibidamos,dibid,dibid,NL
dibidimos,dibidamos,dibid,dibid,NL
dibidimos,dibidamos,dibid,dibid,NL
dibidimos,dibidamos,dibid,dibid,NL
dibidimos,dibidamos,dibid,dibid,NL
dibidimos,dibidamos,dibid,dibid,NL
dibidimos,dibidamos,dibid,dibid,NL
dibidimos,dibidamos,dibid,dibid,NL
dibidimos,dibidamos,dibid,dibid,NL
dibidimos,dibidamos,dibid,dibid,NL
dibidimos,dibidamos,dibid,dibid,NL
dibidimos,dibidamos,dibid,dibid,NL
dibidimos,dibidamos,dibid,dibid,NL
dibidimos,dibidamos,dibid,dibid,NL
dibidimos,dibidamos,dibid,dibid,NL
dibidimos,dibidamos,dibid,dibid,NL
dibidimos,dibidamos,dibid,dibid,NL
dibidis,dibidajs,dibid,dibid,NL
dibidis,dibidajs,dibid,dibid,NL
dibidis,dibidajs,dibid,dibid,NL
dibidis,dibidajs,dibid,dibid,NL
dibidis,dibidajs,dibid,dibid,NL
dibidis,dibidajs,dibid,dibid,NL
dibidis,dibidajs,dibid,dibid,NL
dibidis,dibidajs,dibid,dibid,NL
dibidis,dibidajs,dibid,dibid,NL
dibidis,dibidajs,dibid,dibid,NL
dibidis,dibidajs,dibid,dibid,NL
dibidis,dibidajs,dibid,dibid,NL
dibidis,dibidajs,dibid,dibid,NL
dibidis,dibidajs,dibid,dibid,NL
dibidis,dibidajs,dibid,dibid,NL
dibidis,dibidajs,dibid,dibid,NL
dibidis,dibidajs,dibid,dibid,NL
dibidis,dibidajs,dibid,dibid,NL
dibidis,dibidajs,dibid,dibid,NL
dibidis,dibidajs,dibid,dibid,NL
dibidis,dibidajs,dibid,dibid,NL
dibidis,dibidajs,dibid,dibid,NL
dibidis,dibidajs,dibid,dibid,NL
dibidis,dibidajs,dibid,dibid,NL
dibidis,dibidajs,dibid,dibid,NL
dibidis,dibidajs,dibid,dibid,NL
dibidis,dibidajs,dibid,dibid,NL
dibidis,dibidajs,dibid,dibid,NL
dibidis,dibidajs,dibid,dibid,NL
dibidis,dibidajs,dibid,dibid,NL
dibidis,dibidajs,dibid,dibid,NL
dibidis,dibidajs,dibid,dibid,NL
dibidis,dibidajs,dibid,dibid,NL
dibidis,dibidajs,dibid,dibid,NL
dibidis,dibidajs,dibid,dibid,NL
dibidis,dibidajs,dibid,dibid,NL
dibidis,dibidajs,dibid,dibid,NL
dibidis,dibidajs,dibid,dibid,NL
dibidis,dibidajs,dibid,dibid,NL
dibidis,dibidajs,dibid,dibid,NL
dibidis,dibidajs,dibid,dibid,NL
dibidis,dibidajs,dibid,dibid,NL
dibidis,dibidajs,dibid,dibid,NL
dibidis,dibidajs,dibid,dibid,NL
dibidis,dibidajs,dibid,dibid,NL
dibidis,dibidajs,dibid,dibid,NL
dibidis,dibidajs,dibid,dibid,NL
dibidis,dibidajs,dibid,dibid,NL
dibidis,dibidajs,dibid,dibid,NL
dibidis,dibidajs,dibid,dibid,NL
dibidis,dibidajs,dibid,dibid,NL
dibidis,dibidajs,dibid,dibid,NL
dibidis,dibidajs,dibid,dibid,NL
dibidis,dibidajs,dibid,dibid,NL
dibidis,dibidajs,dibid,dibid,NL
dibido,dibido,dibid,dibid,NL
dibido,dibido,dibid,dibid,NL
dibido,dibido,dibid,dibid,NL
dibido,dibido,dibid,dibid,NL
dibido,dibido,dibid,dibid,NL
dibido,dibido,dibid,dibid,NL
dibido,dibido,dibid,dibid,NL
dibido,dibido,dibid,dibid,NL
dibido,dibido,dibid,dibid,NL
dibido,dibido,dibid,dibid,NL
dibido,dibido,dibid,dibid,NL
dibido,dibido,dibid,dibid,NL
dibido,dibido,dibid,dibid,NL
dibido,dibido,dibid,dibid,NL
dibido,dibido,dibid,dibid,NL
dibido,dibido,dibid,dibid,NL
dibido,dibido,dibid,dibid,NL
dibido,dibido,dibid,dibid,NL
dibido,dibido,dibid,dibid,NL
dibido,dibido,dibid,dibid,NL
dibido,dibido,dibid,dibid,NL
dibido,dibido,dibid,dibid,NL
dibido,dibido,dibid,dibid,NL
dibido,dibido,dibid,dibid,NL
dibido,dibido,dibid,dibid,NL
dibido,dibido,dibid,dibid,NL
dibido,dibido,dibid,dibid,NL
dibido,dibido,dibid,dibid,NL
dibido,dibido,dibid,dibid,NL
dibido,dibido,dibid,dibid,NL
dibido,dibido,dibid,dibid,NL
dibido,dibido,dibid,dibid,NL
dibido,dibido,dibid,dibid,NL
dibido,dibido,dibid,dibid,NL
dibido,dibido,dibid,dibid,NL
dibido,dibido,dibid,dibid,NL
dibido,dibido,dibid,dibid,NL
dibido,dibido,dibid,dibid,NL
dibido,dibido,dibid,dibid,NL
dibido,dibido,dibid,dibid,NL
dibido,dibido,dibid,dibid,NL
dibido,dibido,dibid,dibid,NL
dibido,dibido,dibid,dibid,NL
dibido,dibido,dibid,dibid,NL
dibido,dibido,dibid,dibid,NL
dibido,dibido,dibid,dibid,NL
dibido,dibido,dibid,dibid,NL
dibido,dibido,dibid,dibid,NL
dibido,dibido,dibid,dibid,NL
dibido,dibido,dibid,dibid,NL
dibido,dibido,dibid,dibid,NL
dibido,dibido,dibid,dibid,NL
dibido,dibido,dibid,dibid,NL
dibido,dibido,dibid,dibid,NL
dibido,dibido,dibid,dibid,NL
indeksajs,indeksajs,indeks,indeks,NL
indeksajs,indeksajs,indeks,indeks,NL
indeksajs,indeksajs,indeks,indeks,NL
indeksajs,indeksajs,indeks,indeks,NL
indeksajs,indeksajs,indeks,indeks,NL
indeksajs,indeksajs,indeks,indeks,NL
indeksajs,indeksajs,indeks,indeks,NL
indeksajs,indeksajs,indeks,indeks,NL
indeksajs,indeksajs,indeks,indeks,NL
indeksajs,indeksajs,indeks,indeks,NL
indeksajs,indeksejs,indeks,indeks,NL
indeksajs,indeksejs,indeks,indeks,NL
indeksajs,indeksejs,indeks,indeks,NL
indeksajs,indeksejs,indeks,indeks,NL
indeksajs,indeksejs,indeks,indeks,NL
indeksajs,indeksajs,indeks,indeks,NL
indeksajs,indeksejs,indeks,indeks,NL
indeksajs,indeksejs,indeks,indeks,NL
indeksajs,indeksajs,indeks,indeks,NL
indeksajs,indeksejs,indeks,indeks,NL
indeksajs,indeksejs,indeks,indeks,NL
indeksajs,indeksejs,indeks,indeks,NL
indeksajs,indeksejs,indeks,indeks,NL
indeksajs,indeksejs,indeks,indeks,NL
indeksajs,indeksejs,indeks,indeks,NL
indeksajs,indeksejs,indeks,indeks,NL
indeksajs,indeksajs,indeks,indeks,NL
indeksajs,indeksejs,indeks,indeks,NL
indeksajs,indeksejs,indeks,indeks,NL
indeksajs,indeksejs,indeks,indeks,NL
indeksajs,indeksajs,indeks,indeks,NL
indeksajs,indeksajs,indeks,indeks,NL
indeksajs,indeksajs,indeks,indeks,NL
indeksajs,indeksajs,indeks,indeks,NL
indeksajs,indeksejs,indeks,indeks,NL
indeksajs,indeksajs,indeks,indeks,NL
indeksajs,indeksajs,indeks,indeks,NL
indeksajs,indeksajs,indeks,indeks,NL
indeksajs,indeksajs,indeks,indeks,NL
indeksajs,indeksajs,indeks,indeks,NL
indeksajs,indeksejs,indeks,indeks,NL
indeksajs,indeksajs,indeks,indeks,NL
indeksajs,indeksajs,indeks,indeks,NL
indeksajs,indeksajs,indeks,indeks,NL
indeksajs,indeksajs,indeks,indeks,NL
indeksajs,indeksejs,indeks,indeks,NL
indeksajs,indeksejs,indeks,indeks,NL
indeksajs,indeksejs,indeks,indeks,NL
indeksajs,indeksajs,indeks,indeks,NL
indeksajs,indeksejs,indeks,indeks,NL
indeksajs,indeksejs,indeks,indeks,NL
indeksajs,indeksejs,indeks,indeks,NL
indeksajs,indeksajs,indeks,indeks,NL
indeksajs,indeksajs,indeks,indeks,NL
indeksajs,indeksajs,indeks,indeks,NL
indeksamos,indeksamos,indeks,indeks,NL
indeksamos,indeksamos,indeks,indeks,NL
indeksamos,indeksamos,indeks,indeks,NL
indeksamos,indeksamos,indeks,indeks,NL
indeksamos,indeksamos,indeks,indeks,NL
indeksamos,indeksamos,indeks,indeks,NL
indeksamos,indeksamos,indeks,indeks,NL
indeksamos,indeksamos,indeks,indeks,NL
indeksamos,indeksamos,indeks,indeks,NL
indeksamos,indeksamos,indeks,indeks,NL
indeksamos,indeksemos,indeks,indeks,NL
indeksamos,indeksemos,indeks,indeks,NL
indeksamos,indeksemos,indeks,indeks,NL
indeksamos,indeksemos,indeks,indeks,NL
indeksamos,indeksemos,indeks,indeks,NL
indeksamos,indeksemos,indeks,indeks,NL
indeksamos,indeksemos,indeks,indeks,NL
indeksamos,indeksemos,indeks,indeks,NL
indeksamos,indeksamos,indeks,indeks,NL
indeksamos,indeksemos,indeks,indeks,NL
indeksamos,indeksemos,indeks,indeks,NL
indeksamos,indeksemos,indeks,indeks,NL
indeksamos,indeksemos,indeks,indeks,NL
indeksamos,indeksemos,indeks,indeks,NL
indeksamos,indeksemos,indeks,indeks,NL
indeksamos,indeksemos,indeks,indeks,NL
indeksamos,indeksemos,indeks,indeks,NL
indeksamos,indeksemos,indeks,indeks,NL
indeksamos,indeksemos,indeks,indeks,NL
indeksamos,indeksamos,indeks,indeks,NL
indeksamos,indeksamos,indeks,indeks,NL
indeksamos,indeksamos,indeks,indeks,NL
indeksamos,indeksamos,indeks,indeks,NL
indeksamos,indeksamos,indeks,indeks,NL
indeksamos,indeksemos,indeks,indeks,NL
indeksamos,indeksamos,indeks,indeks,NL
indeksamos,indeksamos,indeks,indeks,NL
indeksamos,indeksamos,indeks,indeks,NL
indeksamos,indeksamos,indeks,indeks,NL
indeksamos,indeksamos,indeks,indeks,NL
indeksamos,indeksemos,indeks,indeks,NL
indeksamos,indeksamos,indeks,indeks,NL
indeksamos,indeksamos,indeks,indeks,NL
indeksamos,indeksamos,indeks,indeks,NL
indeksamos,indeksamos,indeks,indeks,NL
indeksamos,indeksemos,indeks,indeks,NL
indeksamos,indeksemos,indeks,indeks,NL
indeksamos,indeksemos,indeks,indeks,NL
indeksamos,indeksamos,indeks,indeks,NL
indeksamos,indeksemos,indeks,indeks,NL
indeksamos,indeksemos,indeks,indeks,NL
indeksamos,indeksemos,indeks,indeks,NL
indeksamos,indeksamos,indeks,indeks,NL
indeksamos,indeksamos,indeks,indeks,NL
indeksamos,indeksamos,indeks,indeks,NL
indeksan,indeksen,indeks,indeks,NL
indeksan,indeksen,indeks,indeks,NL
indeksan,indeksen,indeks,indeks,NL
indeksan,indeksen,indeks,indeks,NL
indeksan,indeksen,indeks,indeks,NL
indeksan,indeksen,indeks,indeks,NL
indeksan,indeksen,indeks,indeks,NL
indeksan,indeksen,indeks,indeks,NL
indeksan,indeksen,indeks,indeks,NL
indeksan,indeksen,indeks,indeks,NL
indeksan,indeksen,indeks,indeks,NL
indeksan,indeksen,indeks,indeks,NL
indeksan,indeksen,indeks,indeks,NL
indeksan,indeksen,indeks,indeks,NL
indeksan,indeksen,indeks,indeks,NL
indeksan,indeksen,indeks,indeks,NL
indeksan,indeksen,indeks,indeks,NL
indeksan,indeksen,indeks,indeks,NL
indeksan,indeksen,indeks,indeks,NL
indeksan,indeksen,indeks,indeks,NL
indeksan,indeksen,indeks,indeks,NL
indeksan,indeksen,indeks,indeks,NL
indeksan,indeksen,indeks,indeks,NL
indeksan,indeksen,indeks,indeks,NL
indeksan,indeksen,indeks,indeks,NL
indeksan,indeksen,indeks,indeks,NL
indeksan,indeksen,indeks,indeks,NL
indeksan,indeksen,indeks,indeks,NL
indeksan,indeksen,indeks,indeks,NL
indeksan,indeksen,indeks,indeks,NL
indeksan,indeksen,indeks,indeks,NL
indeksan,indeksen,indeks,indeks,NL
indeksan,indeksen,indeks,indeks,NL
indeksan,indeksen,indeks,indeks,NL
indeksan,indeksen,indeks,indeks,NL
indeksan,indeksen,indeks,indeks,NL
indeksan,indeksen,indeks,indeks,NL
indeksan,indeksen,indeks,indeks,NL
indeksan,indeksen,indeks,indeks,NL
indeksan,indeksen,indeks,indeks,NL
indeksan,indeksen,indeks,indeks,NL
indeksan,indeksen,indeks,indeks,NL
indeksan,indeksen,indeks,indeks,NL
indeksan,indeksen,indeks,indeks,NL
indeksan,indeksen,indeks,indeks,NL
indeksan,indeksen,indeks,indeks,NL
indeksan,indeksen,indeks,indeks,NL
indeksan,indeksen,indeks,indeks,NL
indeksan,indeksen,indeks,indeks,NL
indeksan,indeksen,indeks,indeks,NL
indeksan,indeksen,indeks,indeks,NL
indeksan,indeksen,indeks,indeks,NL
indeksan,indeksen,indeks,indeks,NL
indeksan,indeksen,indeks,indeks,NL
indeksan,indeksen,indeks,indeks,NL
indeksas,indekses,indeks,indeks,NL
indeksas,indekses,indeks,indeks,NL
indeksas,indekses,indeks,indeks,NL
indeksas,indekses,indeks,indeks,NL
indeksas,indekses,indeks,indeks,NL
indeksas,indekses,indeks,indeks,NL
indeksas,indekses,indeks,indeks,NL
indeksas,indekses,indeks,indeks,NL
indeksas,indekses,indeks,indeks,NL
indeksas,indekses,indeks,indeks,NL
indeksas,indekses,indeks,indeks,NL
indeksas,indekses,indeks,indeks,NL
indeksas,indekses,indeks,indeks,NL
indeksas,indekses,indeks,indeks,NL
indeksas,indekses,indeks,indeks,NL
indeksas,indekses,indeks,indeks,NL
indeksas,indekses,indeks,indeks,NL
indeksas,indekses,indeks,indeks,NL
indeksas,indekses,indeks,indeks,NL
indeksas,indekses,indeks,indeks,NL
indeksas,indekses,indeks,indeks,NL
indeksas,indekses,indeks,indeks,NL
indeksas,indekses,indeks,indeks,NL
indeksas,indekses,indeks,indeks,NL
indeksas,indekses,indeks,indeks,NL
indeksas,indekses,indeks,indeks,NL
indeksas,indekses,indeks,indeks,NL
indeksas,indekses,indeks,indeks,NL
indeksas,indekses,indeks,indeks,NL
indeksas,indekses,indeks,indeks,NL
indeksas,indekses,indeks,indeks,NL
indeksas,indekses,indeks,indeks,NL
indeksas,indekses,indeks,indeks,NL
indeksas,indekses,indeks,indeks,NL
indeksas,indekses,indeks,indeks,NL
indeksas,indekses,indeks,indeks,NL
indeksas,indekses,indeks,indeks,NL
indeksas,indekses,indeks,indeks,NL
indeksas,indekses,indeks,indeks,NL
indeksas,indekses,indeks,indeks,NL
indeksas,indekses,indeks,indeks,NL
indeksas,indekses,indeks,indeks,NL
indeksas,indekses,indeks,indeks,NL
indeksas,indekses,indeks,indeks,NL
indeksas,indekses,indeks,indeks,NL
indeksas,indekses,indeks,indeks,NL
indeksas,indekses,indeks,indeks,NL
indeksas,indekses,indeks,indeks,NL
indeksas,indekses,indeks,indeks,NL
indeksas,indekses,indeks,indeks,NL
indeksas,indekses,indeks,indeks,NL
indeksas,indekses,indeks,indeks,NL
indeksas,indekses,indeks,indeks,NL
indeksas,indekses,indeks,indeks,NL
indeksas,indekses,indeks,indeks,NL
indeksa,indeksa,indeks,indeks,NL
indeksa,indekse,indeks,indeks,NL
indeksa,indekse,indeks,indeks,NL
indeksa,indekse,indeks,indeks,NL
indeksa,indeksa,indeks,indeks,NL
indeksa,indekse,indeks,indeks,NL
indeksa,indekse,indeks,indeks,NL
indeksa,indekse,indeks,indeks,NL
indeksa,indekse,indeks,indeks,NL
indeksa,indekse,indeks,indeks,NL
indeksa,indekse,indeks,indeks,NL
indeksa,indekse,indeks,indeks,NL
indeksa,indekse,indeks,indeks,NL
indeksa,indekse,indeks,indeks,NL
indeksa,indekse,indeks,indeks,NL
indeksa,indekse,indeks,indeks,NL
indeksa,indekse,indeks,indeks,NL
indeksa,indekse,indeks,indeks,NL
indeksa,indekse,indeks,indeks,NL
indeksa,indekse,indeks,indeks,NL
indeksa,indekse,indeks,indeks,NL
indeksa,indekse,indeks,indeks,NL
indeksa,indekse,indeks,indeks,NL
indeksa,indekse,indeks,indeks,NL
indeksa,indekse,indeks,indeks,NL
indeksa,indekse,indeks,indeks,NL
indeksa,indekse,indeks,indeks,NL
indeksa,indekse,indeks,indeks,NL
indeksa,indekse,indeks,indeks,NL
indeksa,indekse,indeks,indeks,NL
indeksa,indekse,indeks,indeks,NL
indeksa,indekse,indeks,indeks,NL
indeksa,indekse,indeks,indeks,NL
indeksa,indekse,indeks,indeks,NL
indeksa,indekse,indeks,indeks,NL
indeksa,indekse,indeks,indeks,NL
indeksa,indekse,indeks,indeks,NL
indeksa,indekse,indeks,indeks,NL
indeksa,indekse,indeks,indeks,NL
indeksa,indekse,indeks,indeks,NL
indeksa,indekse,indeks,indeks,NL
indeksa,indekse,indeks,indeks,NL
indeksa,indekse,indeks,indeks,NL
indeksa,indekse,indeks,indeks,NL
indeksa,indekse,indeks,indeks,NL
indeksa,indekse,indeks,indeks,NL
indeksa,indekse,indeks,indeks,NL
indeksa,indekse,indeks,indeks,NL
indeksa,indekse,indeks,indeks,NL
indeksa,indekse,indeks,indeks,NL
indeksa,indekse,indeks,indeks,NL
indeksa,indekse,indeks,indeks,NL
indeksa,indekse,indeks,indeks,NL
indeksa,indekse,indeks,indeks,NL
indeksa,indekse,indeks,indeks,NL
indeksejs,indeksejs,indeks,indeks,NL
indeksejs,indeksejs,indeks,indeks,NL
indeksejs,indeksejs,indeks,indeks,NL
indeksejs,indeksejs,indeks,indeks,NL
indeksejs,indeksejs,indeks,indeks,NL
indeksejs,indeksejs,indeks,indeks,NL
indeksejs,indeksejs,indeks,indeks,NL
indeksejs,indeksejs,indeks,indeks,NL
indeksejs,indeksejs,indeks,indeks,NL
indeksejs,indeksejs,indeks,indeks,NL
indeksejs,indeksejs,indeks,indeks,NL
indeksejs,indeksejs,indeks,indeks,NL
indeksejs,indeksejs,indeks,indeks,NL
indeksejs,indeksejs,indeks,indeks,NL
indeksejs,indeksejs,indeks,indeks,NL
indeksejs,indeksejs,indeks,indeks,NL
indeksejs,indeksejs,indeks,indeks,NL
indeksejs,indeksejs,indeks,indeks,NL
indeksejs,indeksejs,indeks,indeks,NL
indeksejs,indeksejs,indeks,indeks,NL
indeksejs,indeksejs,indeks,indeks,NL
indeksejs,indeksejs,indeks,indeks,NL
indeksejs,indeksejs,indeks,indeks,NL
indeksejs,indeksejs,indeks,indeks,NL
indeksejs,indeksejs,indeks,indeks,NL
indeksejs,indeksejs,indeks,indeks,NL
indeksejs,indeksejs,indeks,indeks,NL
indeksejs,indeksejs,indeks,indeks,NL
indeksejs,indeksejs,indeks,indeks,NL
indeksejs,indeksejs,indeks,indeks,NL
indeksejs,indeksejs,indeks,indeks,NL
indeksejs,indeksejs,indeks,indeks,NL
indeksejs,indeksejs,indeks,indeks,NL
indeksejs,indeksejs,indeks,indeks,NL
indeksejs,indeksejs,indeks,indeks,NL
indeksejs,indeksejs,indeks,indeks,NL
indeksejs,indeksejs,indeks,indeks,NL
indeksejs,indeksejs,indeks,indeks,NL
indeksejs,indeksejs,indeks,indeks,NL
indeksejs,indeksejs,indeks,indeks,NL
indeksejs,indeksejs,indeks,indeks,NL
indeksejs,indeksejs,indeks,indeks,NL
indeksejs,indeksejs,indeks,indeks,NL
indeksejs,indeksejs,indeks,indeks,NL
indeksejs,indeksejs,indeks,indeks,NL
indeksejs,indeksejs,indeks,indeks,NL
indeksejs,indeksejs,indeks,indeks,NL
indeksejs,indeksejs,indeks,indeks,NL
indeksejs,indeksejs,indeks,indeks,NL
indeksejs,indeksejs,indeks,indeks,NL
indeksejs,indeksejs,indeks,indeks,NL
indeksejs,indeksejs,indeks,indeks,NL
indeksejs,indeksejs,indeks,indeks,NL
indeksejs,indeksejs,indeks,indeks,NL
indeksejs,indeksejs,indeks,indeks,NL
indeksemos,indeksemos,indeks,indeks,NL
indeksemos,indeksemos,indeks,indeks,NL
indeksemos,indeksemos,indeks,indeks,NL
indeksemos,indeksemos,indeks,indeks,NL
indeksemos,indeksemos,indeks,indeks,NL
indeksemos,indeksemos,indeks,indeks,NL
indeksemos,indeksemos,indeks,indeks,NL
indeksemos,indeksemos,indeks,indeks,NL
indeksemos,indeksemos,indeks,indeks,NL
indeksemos,indeksemos,indeks,indeks,NL
indeksemos,indeksemos,indeks,indeks,NL
indeksemos,indeksemos,indeks,indeks,NL
indeksemos,indekskamos,indeksk,indeks,NL
indeksemos,indeksemos,indeks,indeks,NL
indeksemos,indeksemos,indeks,indeks,NL
indeksemos,indeksemos,indeks,indeks,NL
indeksemos,indeksemos,indeks,indeks,NL
indeksemos,indekskamos,indeksk,indeks,NL
indeksemos,indeksemos,indeks,indeks,NL
indeksemos,indeksemos,indeks,indeks,NL
indeksemos,indeksemos,indeks,indeks,NL
indeksemos,indekskamos,indeksk,indeks,NL
indeksemos,indeksemos,indeks,indeks,NL
indeksemos,indeksemos,indeks,indeks,NL
indeksemos,indeksemos,indeks,indeks,NL
indeksemos,indeksemos,indeks,indeks,NL
indeksemos,indeksemos,indeks,indeks,NL
indeksemos,indeksemos,indeks,indeks,NL
indeksemos,indekskamos,indeksk,indeks,NL
indeksemos,indeksemos,indeks,indeks,NL
indeksemos,indeksemos,indeks,indeks,NL
indeksemos,indeksemos,indeks,indeks,NL
indeksemos,indeksemos,indeks,indeks,NL
indeksemos,indeksemos,indeks,indeks,NL
indeksemos,indekskamos,indeksk,indeks,NL
indeksemos,indeksemos,indeks,indeks,NL
indeksemos,indeksemos,indeks,indeks,NL
indeksemos,indeksemos,indeks,indeks,NL
indeksemos,indeksemos,indeks,indeks,NL
indeksemos,indeksemos,indeks,indeks,NL
indeksemos,indekskamos,indeksk,indeks,NL
indeksemos,indeksemos,indeks,indeks,NL
indeksemos,indeksemos,indeks,indeks,NL
indeksemos,indeksemos,indeks,indeks,NL
indeksemos,indeksemos,indeks,indeks,NL
indeksemos,indeksemos,indeks,indeks,NL
indeksemos,indeksemos,indeks,indeks,NL
indeksemos,indeksemos,indeks,indeks,NL
indeksemos,indeksemos,indeks,indeks,NL
indeksemos,indeksemos,indeks,indeks,NL
indeksemos,indeksemos,indeks,indeks,NL
indeksemos,indeksemos,indeks,indeks,NL
indeksemos,indeksemos,indeks,indeks,NL
indeksemos,indeksemos,indeks,indeks,NL
indeksemos,indeksemos,indeks,indeks,NL
indeksen,indekskan,indeksk,indeks,NL
indeksen,indekskan,indeksk,indeks,NL
indeksen,indekskan,indeksk,indeks,NL
indeksen,indekskan,indeksk,indeks,NL
indeksen,indekskan,indeksk,indeks,NL
indeksen,indekskan,indeksk,indeks,NL
indeksen,indekskan,indeksk,indeks,NL
indeksen,indekskan,indeksk,indeks,NL
indeksen,indekskan,indeksk,indeks,NL
indeksen,indekskan,indeksk,indeks,NL
indeksen,indekskan,indeksk,indeks,NL
indeksen,indekskan,indeksk,indeks,NL
indeksen,indekskan,indeksk,indeks,NL
indeksen,indekskan,indeksk,indeks,NL
indeksen,indekskan,indeksk,indeks,NL
indeksen,indekskan,indeksk,indeks,NL
indeksen,indekskan,indeksk,indeks,NL
indeksen,indekskan,indeksk,indeks,NL
indeksen,indekskan,indeksk,indeks,NL
indeksen,indekskan,indeksk,indeks,NL
indeksen,indekskan,indeksk,indeks,NL
indeksen,indekskan,indeksk,indeks,NL
indeksen,indekskan,indeksk,indeks,NL
indeksen,indekskan,indeksk,indeks,NL
indeksen,indekskan,indeksk,indeks,NL
indeksen,indekskan,indeksk,indeks,NL
indeksen,indekskan,indeksk,indeks,NL
indeksen,indekskan,indeksk,indeks,NL
indeksen,indekskan,indeksk,indeks,NL
indeksen,indekskan,indeksk,indeks,NL
indeksen,indekskan,indeksk,indeks,NL
indeksen,indekskan,indeksk,indeks,NL
indeksen,indekskan,indeksk,indeks,NL
indeksen,indekskan,indeksk,indeks,NL
indeksen,indekskan,indeksk,indeks,NL
indeksen,indekskan,indeksk,indeks,NL
indeksen,indekskan,indeksk,indeks,NL
indeksen,indekskan,indeksk,indeks,NL
indeksen,indekskan,indeksk,indeks,NL
indeksen,indekskan,indeksk,indeks,NL
indeksen,indekskan,indeksk,indeks,NL
indeksen,indekskan,indeksk,indeks,NL
indeksen,indekskan,indeksk,indeks,NL
indeksen,indekskan,indeksk,indeks,NL
indeksen,indekskan,indeksk,indeks,NL
indeksen,indekskan,indeksk,indeks,NL
indeksen,indekskan,indeksk,indeks,NL
indeksen,indekskan,indeksk,indeks,NL
indeksen,indekskan,indeksk,indeks,NL
indeksen,indekskan,indeksk,indeks,NL
indeksen,indekskan,indeksk,indeks,NL
indeksen,indekskan,indeksk,indeks,NL
indeksen,indekskan,indeksk,indeks,NL
indeksen,indekskan,indeksk,indeks,NL
indeksen,indekskan,indeksk,indeks,NL
indekses,indekskas,indeksk,indeks,NL
indekses,indekskas,indeksk,indeks,NL
indekses,indekskas,indeksk,indeks,NL
indekses,indekskas,indeksk,indeks,NL
indekses,indekskas,indeksk,indeks,NL
indekses,indekskas,indeksk,indeks,NL
indekses,indekskas,indeksk,indeks,NL
indekses,indekskas,indeksk,indeks,NL
indekses,indekskas,indeksk,indeks,NL
indekses,indekskas,indeksk,indeks,NL
indekses,indekskas,indeksk,indeks,NL
indekses,indekskas,indeksk,indeks,NL
indekses,indekskas,indeksk,indeks,NL
indekses,indekskas,indeksk,indeks,NL
indekses,indekskas,indeksk,indeks,NL
indekses,indekskas,indeksk,indeks,NL
indekses,indekskas,indeksk,indeks,NL
indekses,indekskas,indeksk,indeks,NL
indekses,indekskas,indeksk,indeks,NL
indekses,indekskas,indeksk,indeks,NL
indekses,indekskas,indeksk,indeks,NL
indekses,indekskas,indeksk,indeks,NL
indekses,indekskas,indeksk,indeks,NL
indekses,indekskas,indeksk,indeks,NL
indekses,indekskas,indeksk,indeks,NL
indekses,indekskas,indeksk,indeks,NL
indekses,indekskas,indeksk,indeks,NL
indekses,indekskas,indeksk,indeks,NL
indekses,indekskas,indeksk,indeks,NL
indekses,indekskas,indeksk,indeks,NL
indekses,indekskas,indeksk,indeks,NL
indekses,indekskas,indeksk,indeks,NL
indekses,indekskas,indeksk,indeks,NL
indekses,indekskas,indeksk,indeks,NL
indekses,indekskas,indeksk,indeks,NL
indekses,indekskas,indeksk,indeks,NL
indekses,indekskas,indeksk,indeks,NL
indekses,indekskas,indeksk,indeks,NL
indekses,indekskas,indeksk,indeks,NL
indekses,indekskas,indeksk,indeks,NL
indekses,indekskas,indeksk,indeks,NL
indekses,indekskas,indeksk,indeks,NL
indekses,indekskas,indeksk,indeks,NL
indekses,indekskas,indeksk,indeks,NL
indekses,indekskas,indeksk,indeks,NL
indekses,indekskas,indeksk,indeks,NL
indekses,indekskas,indeksk,indeks,NL
indekses,indekskas,indeksk,indeks,NL
indekses,indekskas,indeksk,indeks,NL
indekses,indekskas,indeksk,indeks,NL
indekses,indekskas,indeksk,indeks,NL
indekses,indekskas,indeksk,indeks,NL
indekses,indekskas,indeksk,indeks,NL
indekses,indekskas,indeksk,indeks,NL
indekses,indekskas,indeksk,indeks,NL
indekse,indekska,indeksk,indeks,NL
indekse,indekska,indeksk,indeks,NL
indekse,indekska,indeksk,indeks,NL
indekse,indekska,indeksk,indeks,NL
indekse,indekska,indeksk,indeks,NL
indekse,indekska,indeksk,indeks,NL
indekse,indekska,indeksk,indeks,NL
indekse,indekska,indeksk,indeks,NL
indekse,indekska,indeksk,indeks,NL
indekse,indekska,indeksk,indeks,NL
indekse,indekska,indeksk,indeks,NL
indekse,indekska,indeksk,indeks,NL
indekse,indekska,indeksk,indeks,NL
indekse,indekska,indeksk,indeks,NL
indekse,indekska,indeksk,indeks,NL
indekse,indekska,indeksk,indeks,NL
indekse,indekska,indeksk,indeks,NL
indekse,indekska,indeksk,indeks,NL
indekse,indekska,indeksk,indeks,NL
indekse,indekska,indeksk,indeks,NL
indekse,indekska,indeksk,indeks,NL
indekse,indekska,indeksk,indeks,NL
indekse,indekska,indeksk,indeks,NL
indekse,indekska,indeksk,indeks,NL
indekse,indekska,indeksk,indeks,NL
indekse,indekska,indeksk,indeks,NL
indekse,indekska,indeksk,indeks,NL
indekse,indekska,indeksk,indeks,NL
indekse,indekska,indeksk,indeks,NL
indekse,indekska,indeksk,indeks,NL
indekse,indekska,indeksk,indeks,NL
indekse,indekska,indeksk,indeks,NL
indekse,indekska,indeksk,indeks,NL
indekse,indekska,indeksk,indeks,NL
indekse,indekska,indeksk,indeks,NL
indekse,indekska,indeksk,indeks,NL
indekse,indekska,indeksk,indeks,NL
indekse,indekska,indeksk,indeks,NL
indekse,indekska,indeksk,indeks,NL
indekse,indekska,indeksk,indeks,NL
indekse,indekska,indeksk,indeks,NL
indekse,indekska,indeksk,indeks,NL
indekse,indekska,indeksk,indeks,NL
indekse,indekska,indeksk,indeks,NL
indekse,indekska,indeksk,indeks,NL
indekse,indekska,indeksk,indeks,NL
indekse,indekska,indeksk,indeks,NL
indekse,indekska,indeksk,indeks,NL
indekse,indekska,indeksk,indeks,NL
indekse,indekska,indeksk,indeks,NL
indekse,indekska,indeksk,indeks,NL
indekse,indekska,indeksk,indeks,NL
indekse,indekska,indeksk,indeks,NL
indekse,indekska,indeksk,indeks,NL
indekse,indekska,indeksk,indeks,NL
indekse,indekska,indeksk,indeks,NL
indekse,indekska,indeksk,indeks,NL
indekse,indekska,indeksk,indeks,NL
indekse,indekska,indeksk,indeks,NL
indekse,indekska,indeksk,indeks,NL
indekse,indekska,indeksk,indeks,NL
indekse,indekska,indeksk,indeks,NL
indekse,indekska,indeksk,indeks,NL
indekse,indekska,indeksk,indeks,NL
indekse,indekska,indeksk,indeks,NL
indekse,indekska,indeksk,indeks,NL
indekse,indekska,indeksk,indeks,NL
indekse,indekska,indeksk,indeks,NL
indekse,indekska,indeksk,indeks,NL
indekse,indekska,indeksk,indeks,NL
indekse,indekska,indeksk,indeks,NL
indekse,indekska,indeksk,indeks,NL
indekse,indekska,indeksk,indeks,NL
indekse,indekska,indeksk,indeks,NL
indekse,indekska,indeksk,indeks,NL
indekse,indekska,indeksk,indeks,NL
indekse,indekska,indeksk,indeks,NL
indekse,indekska,indeksk,indeks,NL
indekse,indekska,indeksk,indeks,NL
indekse,indekska,indeksk,indeks,NL
indekse,indekska,indeksk,indeks,NL
indekse,indekska,indeksk,indeks,NL
indekse,indekska,indeksk,indeks,NL
indekse,indekska,indeksk,indeks,NL
indekse,indekska,indeksk,indeks,NL
indekse,indekska,indeksk,indeks,NL
indekse,indekska,indeksk,indeks,NL
indekse,indekska,indeksk,indeks,NL
indekse,indekska,indeksk,indeks,NL
indekse,indekska,indeksk,indeks,NL
indekse,indekska,indeksk,indeks,NL
indekse,indekska,indeksk,indeks,NL
indekse,indekska,indeksk,indeks,NL
indekse,indekska,indeksk,indeks,NL
indekse,indekska,indeksk,indeks,NL
indekse,indekska,indeksk,indeks,NL
indekse,indekska,indeksk,indeks,NL
indekse,indekska,indeksk,indeks,NL
indekse,indekska,indeksk,indeks,NL
indekse,indekska,indeksk,indeks,NL
indekse,indekska,indeksk,indeks,NL
indekse,indekska,indeksk,indeks,NL
indekse,indekska,indeksk,indeks,NL
indekse,indekska,indeksk,indeks,NL
indekse,indekska,indeksk,indeks,NL
indekse,indekska,indeksk,indeks,NL
indekse,indekska,indeksk,indeks,NL
indekse,indekska,indeksk,indeks,NL
indekse,indekska,indeksk,indeks,NL
indekse,indekska,indeksk,indeks,NL
indekso,indeksko,indeksk,indeks,NL
indekso,indeksko,indeksk,indeks,NL
indekso,indeksko,indeksk,indeks,NL
indekso,indeksko,indeksk,indeks,NL
indekso,indeksko,indeksk,indeks,NL
indekso,indeksko,indeksk,indeks,NL
indekso,indeksko,indeksk,indeks,NL
indekso,indeksko,indeksk,indeks,NL
indekso,indeksko,indeksk,indeks,NL
indekso,indeksko,indeksk,indeks,NL
indekso,indeksko,indeksk,indeks,NL
indekso,indeksko,indeksk,indeks,NL
indekso,indeksko,indeksk,indeks,NL
indekso,indeksko,indeksk,indeks,NL
indekso,indeksko,indeksk,indeks,NL
indekso,indeksko,indeksk,indeks,NL
indekso,indeksko,indeksk,indeks,NL
indekso,indeksko,indeksk,indeks,NL
indekso,indeksko,indeksk,indeks,NL
indekso,indeksko,indeksk,indeks,NL
indekso,indeksko,indeksk,indeks,NL
indekso,indeksko,indeksk,indeks,NL
indekso,indeksko,indeksk,indeks,NL
indekso,indeksko,indeksk,indeks,NL
indekso,indeksko,indeksk,indeks,NL
indekso,indeksko,indeksk,indeks,NL
indekso,indeksko,indeksk,indeks,NL
indekso,indeksko,indeksk,indeks,NL
indekso,indeksko,indeksk,indeks,NL
indekso,indeksko,indeksk,indeks,NL
indekso,indeksko,indeksk,indeks,NL
indekso,indeksko,indeksk,indeks,NL
indekso,indeksko,indeksk,indeks,NL
indekso,indeksko,indeksk,indeks,NL
indekso,indeksko,indeksk,indeks,NL
indekso,indeksko,indeksk,indeks,NL
indekso,indeksko,indeksk,indeks,NL
indekso,indeksko,indeksk,indeks,NL
indekso,indeksko,indeksk,indeks,NL
indekso,indeksko,indeksk,indeks,NL
indekso,indeksko,indeksk,indeks,NL
indekso,indeksko,indeksk,indeks,NL
indekso,indeksko,indeksk,indeks,NL
indekso,indeksko,indeksk,indeks,NL
indekso,indeksko,indeksk,indeks,NL
indekso,indeksko,indeksk,indeks,NL
indekso,indeksko,indeksk,indeks,NL
indekso,indeksko,indeksk,indeks,NL
indekso,indeksko,indeksk,indeks,NL
indekso,indeksko,indeksk,indeks,NL
indekso,indeksko,indeksk,indeks,NL
indekso,indeksko,indeksk,indeks,NL
indekso,indeksko,indeksk,indeks,NL
indekso,indeksko,indeksk,indeks,NL
indekso,indeksko,indeksk,indeks,NL
doktoɾajs,doktoɾajs,doktoɾ,doktoɾ,NL
doktoɾajs,doktoɾajs,doktoɾ,doktoɾ,NL
doktoɾajs,doktoɾajs,doktoɾ,doktoɾ,NL
doktoɾajs,doktoɾajs,doktoɾ,doktoɾ,NL
doktoɾajs,doktoɾajs,doktoɾ,doktoɾ,NL
doktoɾajs,doktoɾajs,doktoɾ,doktoɾ,NL
doktoɾajs,doktoɾajs,doktoɾ,doktoɾ,NL
doktoɾajs,doktoɾajs,doktoɾ,doktoɾ,NL
doktoɾajs,doktoɾajs,doktoɾ,doktoɾ,NL
doktoɾajs,doktoɾajs,doktoɾ,doktoɾ,NL
doktoɾajs,doktoɾajs,doktoɾ,doktoɾ,NL
doktoɾajs,doktoɾajs,doktoɾ,doktoɾ,NL
doktoɾajs,doktoɾajs,doktoɾ,doktoɾ,NL
doktoɾajs,doktoɾajs,doktoɾ,doktoɾ,NL
doktoɾajs,doktoɾajs,doktoɾ,doktoɾ,NL
doktoɾajs,doktoɾajs,doktoɾ,doktoɾ,NL
doktoɾajs,doktoɾajs,doktoɾ,doktoɾ,NL
doktoɾajs,doktoɾajs,doktoɾ,doktoɾ,NL
doktoɾajs,doktoɾajs,doktoɾ,doktoɾ,NL
doktoɾajs,doktoɾajs,doktoɾ,doktoɾ,NL
doktoɾajs,doktoɾajs,doktoɾ,doktoɾ,NL
doktoɾajs,doktoɾajs,doktoɾ,doktoɾ,NL
doktoɾajs,doktoɾajs,doktoɾ,doktoɾ,NL
doktoɾajs,doktoɾajs,doktoɾ,doktoɾ,NL
doktoɾajs,doktoɾajs,doktoɾ,doktoɾ,NL
doktoɾajs,doktoɾajs,doktoɾ,doktoɾ,NL
doktoɾajs,doktoɾajs,doktoɾ,doktoɾ,NL
doktoɾajs,doktoɾajs,doktoɾ,doktoɾ,NL
doktoɾajs,doktoɾajs,doktoɾ,doktoɾ,NL
doktoɾajs,doktoɾajs,doktoɾ,doktoɾ,NL
doktoɾajs,doktoɾajs,doktoɾ,doktoɾ,NL
doktoɾajs,doktoɾajs,doktoɾ,doktoɾ,NL
doktoɾajs,doktoɾajs,doktoɾ,doktoɾ,NL
doktoɾajs,doktoɾajs,doktoɾ,doktoɾ,NL
doktoɾajs,doktoɾajs,doktoɾ,doktoɾ,NL
doktoɾajs,doktoɾajs,doktoɾ,doktoɾ,NL
doktoɾajs,doktoɾajs,doktoɾ,doktoɾ,NL
doktoɾajs,doktoɾajs,doktoɾ,doktoɾ,NL
doktoɾajs,doktoɾajs,doktoɾ,doktoɾ,NL
doktoɾajs,doktoɾajs,doktoɾ,doktoɾ,NL
doktoɾajs,doktoɾajs,doktoɾ,doktoɾ,NL
doktoɾajs,doktoɾajs,doktoɾ,doktoɾ,NL
doktoɾajs,doktoɾajs,doktoɾ,doktoɾ,NL
doktoɾajs,doktoɾajs,doktoɾ,doktoɾ,NL
doktoɾajs,doktoɾajs,doktoɾ,doktoɾ,NL
doktoɾajs,doktoɾajs,doktoɾ,doktoɾ,NL
doktoɾajs,doktoɾajs,doktoɾ,doktoɾ,NL
doktoɾajs,doktoɾajs,doktoɾ,doktoɾ,NL
doktoɾajs,doktoɾajs,doktoɾ,doktoɾ,NL
doktoɾajs,doktoɾajs,doktoɾ,doktoɾ,NL
doktoɾajs,doktoɾajs,doktoɾ,doktoɾ,NL
doktoɾajs,doktoɾajs,doktoɾ,doktoɾ,NL
doktoɾajs,doktoɾajs,doktoɾ,doktoɾ,NL
doktoɾajs,doktoɾajs,doktoɾ,doktoɾ,NL
doktoɾajs,doktoɾajs,doktoɾ,doktoɾ,NL
doktoɾamos,doktoɾamos,doktoɾ,doktoɾ,NL
doktoɾamos,doktoɾamos,doktoɾ,doktoɾ,NL
doktoɾamos,doktoɾamos,doktoɾ,doktoɾ,NL
doktoɾamos,doktoɾamos,doktoɾ,doktoɾ,NL
doktoɾamos,doktoɾamos,doktoɾ,doktoɾ,NL
doktoɾamos,doktoɾamos,doktoɾ,doktoɾ,NL
doktoɾamos,doktoɾamos,doktoɾ,doktoɾ,NL
doktoɾamos,doktoɾamos,doktoɾ,doktoɾ,NL
doktoɾamos,doktoɾamos,doktoɾ,doktoɾ,NL
doktoɾamos,doktoɾamos,doktoɾ,doktoɾ,NL
doktoɾamos,doktoɾamos,doktoɾ,doktoɾ,NL
doktoɾamos,doktoɾamos,doktoɾ,doktoɾ,NL
doktoɾamos,doktoɾamos,doktoɾ,doktoɾ,NL
doktoɾamos,doktoɾamos,doktoɾ,doktoɾ,NL
doktoɾamos,doktoɾamos,doktoɾ,doktoɾ,NL
doktoɾamos,doktoɾamos,doktoɾ,doktoɾ,NL
doktoɾamos,doktoɾamos,doktoɾ,doktoɾ,NL
doktoɾamos,doktoɾamos,doktoɾ,doktoɾ,NL
doktoɾamos,doktoɾamos,doktoɾ,doktoɾ,NL
doktoɾamos,doktoɾamos,doktoɾ,doktoɾ,NL
doktoɾamos,doktoɾamos,doktoɾ,doktoɾ,NL
doktoɾamos,doktoɾamos,doktoɾ,doktoɾ,NL
doktoɾamos,doktoɾamos,doktoɾ,doktoɾ,NL
doktoɾamos,doktoɾamos,doktoɾ,doktoɾ,NL
doktoɾamos,doktoɾamos,doktoɾ,doktoɾ,NL
doktoɾamos,doktoɾamos,doktoɾ,doktoɾ,NL
doktoɾamos,doktoɾamos,doktoɾ,doktoɾ,NL
doktoɾamos,doktoɾamos,doktoɾ,doktoɾ,NL
doktoɾamos,doktoɾamos,doktoɾ,doktoɾ,NL
doktoɾamos,doktoɾamos,doktoɾ,doktoɾ,NL
doktoɾamos,doktoɾamos,doktoɾ,doktoɾ,NL
doktoɾamos,doktoɾamos,doktoɾ,doktoɾ,NL
doktoɾamos,doktoɾamos,doktoɾ,doktoɾ,NL
doktoɾamos,doktoɾamos,doktoɾ,doktoɾ,NL
doktoɾamos,doktoɾamos,doktoɾ,doktoɾ,NL
doktoɾamos,doktoɾamos,doktoɾ,doktoɾ,NL
doktoɾamos,doktoɾamos,doktoɾ,doktoɾ,NL
doktoɾamos,doktoɾamos,doktoɾ,doktoɾ,NL
doktoɾamos,doktoɾamos,doktoɾ,doktoɾ,NL
doktoɾamos,doktoɾamos,doktoɾ,doktoɾ,NL
doktoɾamos,doktoɾamos,doktoɾ,doktoɾ,NL
doktoɾamos,doktoɾamos,doktoɾ,doktoɾ,NL
doktoɾamos,doktoɾamos,doktoɾ,doktoɾ,NL
doktoɾamos,doktoɾamos,doktoɾ,doktoɾ,NL
doktoɾamos,doktoɾamos,doktoɾ,doktoɾ,NL
doktoɾamos,doktoɾamos,doktoɾ,doktoɾ,NL
doktoɾamos,doktoɾamos,doktoɾ,doktoɾ,NL
doktoɾamos,doktoɾamos,doktoɾ,doktoɾ,NL
doktoɾamos,doktoɾamos,doktoɾ,doktoɾ,NL
doktoɾamos,doktoɾamos,doktoɾ,doktoɾ,NL
doktoɾamos,doktoɾamos,doktoɾ,doktoɾ,NL
doktoɾamos,doktoɾamos,doktoɾ,doktoɾ,NL
doktoɾamos,doktoɾamos,doktoɾ,doktoɾ,NL
doktoɾamos,doktoɾamos,doktoɾ,doktoɾ,NL
doktoɾamos,doktoɾamos,doktoɾ,doktoɾ,NL
doktoɾan,doktoɾan,doktoɾ,doktoɾ,NL
doktoɾan,doktoɾan,doktoɾ,doktoɾ,NL
doktoɾan,doktoɾan,doktoɾ,doktoɾ,NL
doktoɾan,doktoɾan,doktoɾ,doktoɾ,NL
doktoɾan,doktoɾan,doktoɾ,doktoɾ,NL
doktoɾan,doktoɾan,doktoɾ,doktoɾ,NL
doktoɾan,doktoɾan,doktoɾ,doktoɾ,NL
doktoɾan,doktoɾan,doktoɾ,doktoɾ,NL
doktoɾan,doktoɾan,doktoɾ,doktoɾ,NL
doktoɾan,doktoɾan,doktoɾ,doktoɾ,NL
doktoɾan,doktoɾan,doktoɾ,doktoɾ,NL
doktoɾan,doktoɾan,doktoɾ,doktoɾ,NL
doktoɾan,doktoɾan,doktoɾ,doktoɾ,NL
doktoɾan,doktoɾan,doktoɾ,doktoɾ,NL
doktoɾan,doktoɾan,doktoɾ,doktoɾ,NL
doktoɾan,doktoɾan,doktoɾ,doktoɾ,NL
doktoɾan,doktoɾan,doktoɾ,doktoɾ,NL
doktoɾan,doktoɾan,doktoɾ,doktoɾ,NL
doktoɾan,doktoɾan,doktoɾ,doktoɾ,NL
doktoɾan,doktoɾan,doktoɾ,doktoɾ,NL
doktoɾan,doktoɾan,doktoɾ,doktoɾ,NL
doktoɾan,doktoɾan,doktoɾ,doktoɾ,NL
doktoɾan,doktoɾan,doktoɾ,doktoɾ,NL
doktoɾan,doktoɾan,doktoɾ,doktoɾ,NL
doktoɾan,doktoɾan,doktoɾ,doktoɾ,NL
doktoɾan,doktoɾan,doktoɾ,doktoɾ,NL
doktoɾan,doktoɾan,doktoɾ,doktoɾ,NL
doktoɾan,doktoɾan,doktoɾ,doktoɾ,NL
doktoɾan,doktoɾan,doktoɾ,doktoɾ,NL
doktoɾan,doktoɾan,doktoɾ,doktoɾ,NL
doktoɾan,doktoɾan,doktoɾ,doktoɾ,NL
doktoɾan,doktoɾan,doktoɾ,doktoɾ,NL
doktoɾan,doktoɾan,doktoɾ,doktoɾ,NL
doktoɾan,doktoɾan,doktoɾ,doktoɾ,NL
doktoɾan,doktoɾan,doktoɾ,doktoɾ,NL
doktoɾan,doktoɾan,doktoɾ,doktoɾ,NL
doktoɾan,doktoɾan,doktoɾ,doktoɾ,NL
doktoɾan,doktoɾan,doktoɾ,doktoɾ,NL
doktoɾan,doktoɾan,doktoɾ,doktoɾ,NL
doktoɾan,doktoɾan,doktoɾ,doktoɾ,NL
doktoɾan,doktoɾan,doktoɾ,doktoɾ,NL
doktoɾan,doktoɾan,doktoɾ,doktoɾ,NL
doktoɾan,doktoɾan,doktoɾ,doktoɾ,NL
doktoɾan,doktoɾan,doktoɾ,doktoɾ,NL
doktoɾan,doktoɾan,doktoɾ,doktoɾ,NL
doktoɾan,doktoɾan,doktoɾ,doktoɾ,NL
doktoɾan,doktoɾan,doktoɾ,doktoɾ,NL
doktoɾan,doktoɾan,doktoɾ,doktoɾ,NL
doktoɾan,doktoɾan,doktoɾ,doktoɾ,NL
doktoɾan,doktoɾan,doktoɾ,doktoɾ,NL
doktoɾan,doktoɾan,doktoɾ,doktoɾ,NL
doktoɾan,doktoɾan,doktoɾ,doktoɾ,NL
doktoɾan,doktoɾan,doktoɾ,doktoɾ,NL
doktoɾan,doktoɾan,doktoɾ,doktoɾ,NL
doktoɾan,doktoɾan,doktoɾ,doktoɾ,NL
doktoɾas,doktoɾas,doktoɾ,doktoɾ,NL
doktoɾas,doktoɾas,doktoɾ,doktoɾ,NL
doktoɾas,doktoɾas,doktoɾ,doktoɾ,NL
doktoɾas,doktoɾas,doktoɾ,doktoɾ,NL
doktoɾas,doktoɾas,doktoɾ,doktoɾ,NL
doktoɾas,doktoɾas,doktoɾ,doktoɾ,NL
doktoɾas,doktoɾas,doktoɾ,doktoɾ,NL
doktoɾas,doktoɾas,doktoɾ,doktoɾ,NL
doktoɾas,doktoɾas,doktoɾ,doktoɾ,NL
doktoɾas,doktoɾas,doktoɾ,doktoɾ,NL
doktoɾas,doktoɾas,doktoɾ,doktoɾ,NL
doktoɾas,doktoɾas,doktoɾ,doktoɾ,NL
doktoɾas,doktoɾas,doktoɾ,doktoɾ,NL
doktoɾas,doktoɾas,doktoɾ,doktoɾ,NL
doktoɾas,doktoɾas,doktoɾ,doktoɾ,NL
doktoɾas,doktoɾas,doktoɾ,doktoɾ,NL
doktoɾas,doktoɾas,doktoɾ,doktoɾ,NL
doktoɾas,doktoɾas,doktoɾ,doktoɾ,NL
doktoɾas,doktoɾas,doktoɾ,doktoɾ,NL
doktoɾas,doktoɾas,doktoɾ,doktoɾ,NL
doktoɾas,doktoɾas,doktoɾ,doktoɾ,NL
doktoɾas,doktoɾas,doktoɾ,doktoɾ,NL
doktoɾas,doktoɾas,doktoɾ,doktoɾ,NL
doktoɾas,doktoɾas,doktoɾ,doktoɾ,NL
doktoɾas,doktoɾas,doktoɾ,doktoɾ,NL
doktoɾas,doktoɾas,doktoɾ,doktoɾ,NL
doktoɾas,doktoɾas,doktoɾ,doktoɾ,NL
doktoɾas,doktoɾas,doktoɾ,doktoɾ,NL
doktoɾas,doktoɾas,doktoɾ,doktoɾ,NL
doktoɾas,doktoɾas,doktoɾ,doktoɾ,NL
doktoɾas,doktoɾas,doktoɾ,doktoɾ,NL
doktoɾas,doktoɾas,doktoɾ,doktoɾ,NL
doktoɾas,doktoɾas,doktoɾ,doktoɾ,NL
doktoɾas,doktoɾas,doktoɾ,doktoɾ,NL
doktoɾas,doktoɾas,doktoɾ,doktoɾ,NL
doktoɾas,doktoɾas,doktoɾ,doktoɾ,NL
doktoɾas,doktoɾas,doktoɾ,doktoɾ,NL
doktoɾas,doktoɾas,doktoɾ,doktoɾ,NL
doktoɾas,doktoɾas,doktoɾ,doktoɾ,NL
doktoɾas,doktoɾas,doktoɾ,doktoɾ,NL
doktoɾas,doktoɾas,doktoɾ,doktoɾ,NL
doktoɾas,doktoɾas,doktoɾ,doktoɾ,NL
doktoɾas,doktoɾas,doktoɾ,doktoɾ,NL
doktoɾas,doktoɾas,doktoɾ,doktoɾ,NL
doktoɾas,doktoɾas,doktoɾ,doktoɾ,NL
doktoɾas,doktoɾas,doktoɾ,doktoɾ,NL
doktoɾas,doktoɾas,doktoɾ,doktoɾ,NL
doktoɾas,doktoɾas,doktoɾ,doktoɾ,NL
doktoɾas,doktoɾas,doktoɾ,doktoɾ,NL
doktoɾas,doktoɾas,doktoɾ,doktoɾ,NL
doktoɾas,doktoɾas,doktoɾ,doktoɾ,NL
doktoɾas,doktoɾas,doktoɾ,doktoɾ,NL
doktoɾas,doktoɾas,doktoɾ,doktoɾ,NL
doktoɾas,doktoɾas,doktoɾ,doktoɾ,NL
doktoɾas,doktoɾas,doktoɾ,doktoɾ,NL
doktoɾa,doktoɾa,doktoɾ,doktoɾ,NL
doktoɾa,doktoɾa,doktoɾ,doktoɾ,NL
doktoɾa,doktoɾa,doktoɾ,doktoɾ,NL
doktoɾa,doktoɾa,doktoɾ,doktoɾ,NL
doktoɾa,doktoɾa,doktoɾ,doktoɾ,NL
doktoɾa,doktoɾa,doktoɾ,doktoɾ,NL
doktoɾa,doktoɾa,doktoɾ,doktoɾ,NL
doktoɾa,doktoɾa,doktoɾ,doktoɾ,NL
doktoɾa,doktoɾa,doktoɾ,doktoɾ,NL
doktoɾa,doktoɾa,doktoɾ,doktoɾ,NL
doktoɾa,doktoɾa,doktoɾ,doktoɾ,NL
doktoɾa,doktoɾa,doktoɾ,doktoɾ,NL
doktoɾa,doktoɾa,doktoɾ,doktoɾ,NL
doktoɾa,doktoɾa,doktoɾ,doktoɾ,NL
doktoɾa,doktoɾa,doktoɾ,doktoɾ,NL
doktoɾa,doktoɾa,doktoɾ,doktoɾ,NL
doktoɾa,doktoɾa,doktoɾ,doktoɾ,NL
doktoɾa,doktoɾa,doktoɾ,doktoɾ,NL
doktoɾa,doktoɾa,doktoɾ,doktoɾ,NL
doktoɾa,doktoɾa,doktoɾ,doktoɾ,NL
doktoɾa,doktoɾa,doktoɾ,doktoɾ,NL
doktoɾa,doktoɾa,doktoɾ,doktoɾ,NL
doktoɾa,doktoɾa,doktoɾ,doktoɾ,NL
doktoɾa,doktoɾa,doktoɾ,doktoɾ,NL
doktoɾa,doktoɾa,doktoɾ,doktoɾ,NL
doktoɾa,doktoɾa,doktoɾ,doktoɾ,NL
doktoɾa,doktoɾa,doktoɾ,doktoɾ,NL
doktoɾa,doktoɾa,doktoɾ,doktoɾ,NL
doktoɾa,doktoɾa,doktoɾ,doktoɾ,NL
doktoɾa,doktoɾa,doktoɾ,doktoɾ,NL
doktoɾa,doktoɾa,doktoɾ,doktoɾ,NL
doktoɾa,doktoɾa,doktoɾ,doktoɾ,NL
doktoɾa,doktoɾa,doktoɾ,doktoɾ,NL
doktoɾa,doktoɾa,doktoɾ,doktoɾ,NL
doktoɾa,doktoɾa,doktoɾ,doktoɾ,NL
doktoɾa,doktoɾa,doktoɾ,doktoɾ,NL
doktoɾa,doktoɾa,doktoɾ,doktoɾ,NL
doktoɾa,doktoɾa,doktoɾ,doktoɾ,NL
doktoɾa,doktoɾa,doktoɾ,doktoɾ,NL
doktoɾa,doktoɾa,doktoɾ,doktoɾ,NL
doktoɾa,doktoɾa,doktoɾ,doktoɾ,NL
doktoɾa,doktoɾa,doktoɾ,doktoɾ,NL
doktoɾa,doktoɾa,doktoɾ,doktoɾ,NL
doktoɾa,doktoɾa,doktoɾ,doktoɾ,NL
doktoɾa,doktoɾa,doktoɾ,doktoɾ,NL
doktoɾa,doktoɾa,doktoɾ,doktoɾ,NL
doktoɾa,doktoɾa,doktoɾ,doktoɾ,NL
doktoɾa,doktoɾa,doktoɾ,doktoɾ,NL
doktoɾa,doktoɾa,doktoɾ,doktoɾ,NL
doktoɾa,doktoɾa,doktoɾ,doktoɾ,NL
doktoɾa,doktoɾa,doktoɾ,doktoɾ,NL
doktoɾa,doktoɾa,doktoɾ,doktoɾ,NL
doktoɾa,doktoɾa,doktoɾ,doktoɾ,NL
doktoɾa,doktoɾa,doktoɾ,doktoɾ,NL
doktoɾa,doktoɾa,doktoɾ,doktoɾ,NL
doktoɾejs,doktoɾejs,doktoɾ,doktoɾ,NL
doktoɾejs,doktoɾejs,doktoɾ,doktoɾ,NL
doktoɾejs,doktoɾejs,doktoɾ,doktoɾ,NL
doktoɾejs,doktoɾejs,doktoɾ,doktoɾ,NL
doktoɾejs,doktoɾejs,doktoɾ,doktoɾ,NL
doktoɾejs,doktoɾejs,doktoɾ,doktoɾ,NL
doktoɾejs,doktoɾejs,doktoɾ,doktoɾ,NL
doktoɾejs,doktoɾejs,doktoɾ,doktoɾ,NL
doktoɾejs,doktoɾejs,doktoɾ,doktoɾ,NL
doktoɾejs,doktoɾejs,doktoɾ,doktoɾ,NL
doktoɾejs,doktoɾejs,doktoɾ,doktoɾ,NL
doktoɾejs,doktoɾejs,doktoɾ,doktoɾ,NL
doktoɾejs,doktoɾejs,doktoɾ,doktoɾ,NL
doktoɾejs,doktoɾejs,doktoɾ,doktoɾ,NL
doktoɾejs,doktoɾejs,doktoɾ,doktoɾ,NL
doktoɾejs,doktoɾejs,doktoɾ,doktoɾ,NL
doktoɾejs,doktoɾejs,doktoɾ,doktoɾ,NL
doktoɾejs,doktoɾejs,doktoɾ,doktoɾ,NL
doktoɾejs,doktoɾejs,doktoɾ,doktoɾ,NL
doktoɾejs,doktoɾejs,doktoɾ,doktoɾ,NL
doktoɾejs,doktoɾejs,doktoɾ,doktoɾ,NL
doktoɾejs,doktoɾejs,doktoɾ,doktoɾ,NL
doktoɾejs,doktoɾejs,doktoɾ,doktoɾ,NL
doktoɾejs,doktoɾejs,doktoɾ,doktoɾ,NL
doktoɾejs,doktoɾejs,doktoɾ,doktoɾ,NL
doktoɾejs,doktoɾejs,doktoɾ,doktoɾ,NL
doktoɾejs,doktoɾejs,doktoɾ,doktoɾ,NL
doktoɾejs,doktoɾejs,doktoɾ,doktoɾ,NL
doktoɾejs,doktoɾejs,doktoɾ,doktoɾ,NL
doktoɾejs,doktoɾejs,doktoɾ,doktoɾ,NL
doktoɾejs,doktoɾejs,doktoɾ,doktoɾ,NL
doktoɾejs,doktoɾejs,doktoɾ,doktoɾ,NL
doktoɾejs,doktoɾejs,doktoɾ,doktoɾ,NL
doktoɾejs,doktoɾejs,doktoɾ,doktoɾ,NL
doktoɾejs,doktoɾejs,doktoɾ,doktoɾ,NL
doktoɾejs,doktoɾejs,doktoɾ,doktoɾ,NL
doktoɾejs,doktoɾejs,doktoɾ,doktoɾ,NL
doktoɾejs,doktoɾejs,doktoɾ,doktoɾ,NL
doktoɾejs,doktoɾejs,doktoɾ,doktoɾ,NL
doktoɾejs,doktoɾejs,doktoɾ,doktoɾ,NL
doktoɾejs,doktoɾejs,doktoɾ,doktoɾ,NL
doktoɾejs,doktoɾejs,doktoɾ,doktoɾ,NL
doktoɾejs,doktoɾejs,doktoɾ,doktoɾ,NL
doktoɾejs,doktoɾejs,doktoɾ,doktoɾ,NL
doktoɾejs,doktoɾejs,doktoɾ,doktoɾ,NL
doktoɾejs,doktoɾejs,doktoɾ,doktoɾ,NL
doktoɾejs,doktoɾejs,doktoɾ,doktoɾ,NL
doktoɾejs,doktoɾejs,doktoɾ,doktoɾ,NL
doktoɾejs,doktoɾejs,doktoɾ,doktoɾ,NL
doktoɾejs,doktoɾejs,doktoɾ,doktoɾ,NL
doktoɾejs,doktoɾejs,doktoɾ,doktoɾ,NL
doktoɾejs,doktoɾejs,doktoɾ,doktoɾ,NL
doktoɾejs,doktoɾejs,doktoɾ,doktoɾ,NL
doktoɾejs,doktoɾejs,doktoɾ,doktoɾ,NL
doktoɾejs,doktoɾejs,doktoɾ,doktoɾ,NL
doktoɾemos,doktoɾemos,doktoɾ,doktoɾ,NL
doktoɾemos,doktoɾemos,doktoɾ,doktoɾ,NL
doktoɾemos,doktoɾemos,doktoɾ,doktoɾ,NL
doktoɾemos,doktoɾemos,doktoɾ,doktoɾ,NL
doktoɾemos,doktoɾemos,doktoɾ,doktoɾ,NL
doktoɾemos,doktoɾemos,doktoɾ,doktoɾ,NL
doktoɾemos,doktoɾemos,doktoɾ,doktoɾ,NL
doktoɾemos,doktoɾemos,doktoɾ,doktoɾ,NL
doktoɾemos,doktoɾemos,doktoɾ,doktoɾ,NL
doktoɾemos,doktoɾemos,doktoɾ,doktoɾ,NL
doktoɾemos,doktoɾemos,doktoɾ,doktoɾ,NL
doktoɾemos,doktoɾemos,doktoɾ,doktoɾ,NL
doktoɾemos,doktoɾemos,doktoɾ,doktoɾ,NL
doktoɾemos,doktoɾemos,doktoɾ,doktoɾ,NL
doktoɾemos,doktoɾemos,doktoɾ,doktoɾ,NL
doktoɾemos,doktoɾemos,doktoɾ,doktoɾ,NL
doktoɾemos,doktoɾemos,doktoɾ,doktoɾ,NL
doktoɾemos,doktoɾemos,doktoɾ,doktoɾ,NL
doktoɾemos,doktoɾemos,doktoɾ,doktoɾ,NL
doktoɾemos,doktoɾemos,doktoɾ,doktoɾ,NL
doktoɾemos,doktoɾemos,doktoɾ,doktoɾ,NL
doktoɾemos,doktoɾemos,doktoɾ,doktoɾ,NL
doktoɾemos,doktoɾemos,doktoɾ,doktoɾ,NL
doktoɾemos,doktoɾemos,doktoɾ,doktoɾ,NL
doktoɾemos,doktoɾemos,doktoɾ,doktoɾ,NL
doktoɾemos,doktoɾemos,doktoɾ,doktoɾ,NL
doktoɾemos,doktoɾemos,doktoɾ,doktoɾ,NL
doktoɾemos,doktoɾemos,doktoɾ,doktoɾ,NL
doktoɾemos,doktoɾemos,doktoɾ,doktoɾ,NL
doktoɾemos,doktoɾemos,doktoɾ,doktoɾ,NL
doktoɾemos,doktoɾemos,doktoɾ,doktoɾ,NL
doktoɾemos,doktoɾemos,doktoɾ,doktoɾ,NL
doktoɾemos,doktoɾemos,doktoɾ,doktoɾ,NL
doktoɾemos,doktoɾemos,doktoɾ,doktoɾ,NL
doktoɾemos,doktoɾemos,doktoɾ,doktoɾ,NL
doktoɾemos,doktoɾemos,doktoɾ,doktoɾ,NL
doktoɾemos,doktoɾemos,doktoɾ,doktoɾ,NL
doktoɾemos,doktoɾemos,doktoɾ,doktoɾ,NL
doktoɾemos,doktoɾemos,doktoɾ,doktoɾ,NL
doktoɾemos,doktoɾemos,doktoɾ,doktoɾ,NL
doktoɾemos,doktoɾemos,doktoɾ,doktoɾ,NL
doktoɾemos,doktoɾemos,doktoɾ,doktoɾ,NL
doktoɾemos,doktoɾemos,doktoɾ,doktoɾ,NL
doktoɾemos,doktoɾemos,doktoɾ,doktoɾ,NL
doktoɾemos,doktoɾemos,doktoɾ,doktoɾ,NL
doktoɾemos,doktoɾemos,doktoɾ,doktoɾ,NL
doktoɾemos,doktoɾemos,doktoɾ,doktoɾ,NL
doktoɾemos,doktoɾemos,doktoɾ,doktoɾ,NL
doktoɾemos,doktoɾemos,doktoɾ,doktoɾ,NL
doktoɾemos,doktoɾemos,doktoɾ,doktoɾ,NL
doktoɾemos,doktoɾemos,doktoɾ,doktoɾ,NL
doktoɾemos,doktoɾemos,doktoɾ,doktoɾ,NL
doktoɾemos,doktoɾemos,doktoɾ,doktoɾ,NL
doktoɾemos,doktoɾemos,doktoɾ,doktoɾ,NL
doktoɾemos,doktoɾemos,doktoɾ,doktoɾ,NL
doktoɾen,doktoɾen,doktoɾ,doktoɾ,NL
doktoɾen,doktoɾen,doktoɾ,doktoɾ,NL
doktoɾen,doktoɾen,doktoɾ,doktoɾ,NL
doktoɾen,doktoɾen,doktoɾ,doktoɾ,NL
doktoɾen,doktoɾen,doktoɾ,doktoɾ,NL
doktoɾen,doktoɾen,doktoɾ,doktoɾ,NL
doktoɾen,doktoɾen,doktoɾ,doktoɾ,NL
doktoɾen,doktoɾen,doktoɾ,doktoɾ,NL
doktoɾen,doktoɾen,doktoɾ,doktoɾ,NL
doktoɾen,doktoɾen,doktoɾ,doktoɾ,NL
doktoɾen,doktoɾen,doktoɾ,doktoɾ,NL
doktoɾen,doktoɾen,doktoɾ,doktoɾ,NL
doktoɾen,doktoɾen,doktoɾ,doktoɾ,NL
doktoɾen,doktoɾen,doktoɾ,doktoɾ,NL
doktoɾen,doktoɾen,doktoɾ,doktoɾ,NL
doktoɾen,doktoɾen,doktoɾ,doktoɾ,NL
doktoɾen,doktoɾen,doktoɾ,doktoɾ,NL
doktoɾen,doktoɾen,doktoɾ,doktoɾ,NL
doktoɾen,doktoɾen,doktoɾ,doktoɾ,NL
doktoɾen,doktoɾen,doktoɾ,doktoɾ,NL
doktoɾen,doktoɾen,doktoɾ,doktoɾ,NL
doktoɾen,doktoɾen,doktoɾ,doktoɾ,NL
doktoɾen,doktoɾen,doktoɾ,doktoɾ,NL
doktoɾen,doktoɾen,doktoɾ,doktoɾ,NL
doktoɾen,doktoɾen,doktoɾ,doktoɾ,NL
doktoɾen,doktoɾen,doktoɾ,doktoɾ,NL
doktoɾen,doktoɾen,doktoɾ,doktoɾ,NL
doktoɾen,doktoɾen,doktoɾ,doktoɾ,NL
doktoɾen,doktoɾen,doktoɾ,doktoɾ,NL
doktoɾen,doktoɾen,doktoɾ,doktoɾ,NL
doktoɾen,doktoɾen,doktoɾ,doktoɾ,NL
doktoɾen,doktoɾen,doktoɾ,doktoɾ,NL
doktoɾen,doktoɾen,doktoɾ,doktoɾ,NL
doktoɾen,doktoɾen,doktoɾ,doktoɾ,NL
doktoɾen,doktoɾen,doktoɾ,doktoɾ,NL
doktoɾen,doktoɾen,doktoɾ,doktoɾ,NL
doktoɾen,doktoɾen,doktoɾ,doktoɾ,NL
doktoɾen,doktoɾen,doktoɾ,doktoɾ,NL
doktoɾen,doktoɾen,doktoɾ,doktoɾ,NL
doktoɾen,doktoɾen,doktoɾ,doktoɾ,NL
doktoɾen,doktoɾen,doktoɾ,doktoɾ,NL
doktoɾen,doktoɾen,doktoɾ,doktoɾ,NL
doktoɾen,doktoɾen,doktoɾ,doktoɾ,NL
doktoɾen,doktoɾen,doktoɾ,doktoɾ,NL
doktoɾen,doktoɾen,doktoɾ,doktoɾ,NL
doktoɾen,doktoɾen,doktoɾ,doktoɾ,NL
doktoɾen,doktoɾen,doktoɾ,doktoɾ,NL
doktoɾen,doktoɾen,doktoɾ,doktoɾ,NL
doktoɾen,doktoɾen,doktoɾ,doktoɾ,NL
doktoɾen,doktoɾen,doktoɾ,doktoɾ,NL
doktoɾen,doktoɾen,doktoɾ,doktoɾ,NL
doktoɾen,doktoɾen,doktoɾ,doktoɾ,NL
doktoɾen,doktoɾen,doktoɾ,doktoɾ,NL
doktoɾen,doktoɾen,doktoɾ,doktoɾ,NL
doktoɾen,doktoɾen,doktoɾ,doktoɾ,NL
doktoɾes,doktoɾes,doktoɾ,doktoɾ,NL
doktoɾes,doktoɾes,doktoɾ,doktoɾ,NL
doktoɾes,doktoɾes,doktoɾ,doktoɾ,NL
doktoɾes,doktoɾes,doktoɾ,doktoɾ,NL
doktoɾes,doktoɾes,doktoɾ,doktoɾ,NL
doktoɾes,doktoɾes,doktoɾ,doktoɾ,NL
doktoɾes,doktoɾes,doktoɾ,doktoɾ,NL
doktoɾes,doktoɾes,doktoɾ,doktoɾ,NL
doktoɾes,doktoɾes,doktoɾ,doktoɾ,NL
doktoɾes,doktoɾes,doktoɾ,doktoɾ,NL
doktoɾes,doktoɾes,doktoɾ,doktoɾ,NL
doktoɾes,doktoɾes,doktoɾ,doktoɾ,NL
doktoɾes,doktoɾes,doktoɾ,doktoɾ,NL
doktoɾes,doktoɾes,doktoɾ,doktoɾ,NL
doktoɾes,doktoɾes,doktoɾ,doktoɾ,NL
doktoɾes,doktoɾes,doktoɾ,doktoɾ,NL
doktoɾes,doktoɾes,doktoɾ,doktoɾ,NL
doktoɾes,doktoɾes,doktoɾ,doktoɾ,NL
doktoɾes,doktoɾes,doktoɾ,doktoɾ,NL
doktoɾes,doktoɾes,doktoɾ,doktoɾ,NL
doktoɾes,doktoɾes,doktoɾ,doktoɾ,NL
doktoɾes,doktoɾes,doktoɾ,doktoɾ,NL
doktoɾes,doktoɾes,doktoɾ,doktoɾ,NL
doktoɾes,doktoɾes,doktoɾ,doktoɾ,NL
doktoɾes,doktoɾes,doktoɾ,doktoɾ,NL
doktoɾes,doktoɾes,doktoɾ,doktoɾ,NL
doktoɾes,doktoɾes,doktoɾ,doktoɾ,NL
doktoɾes,doktoɾes,doktoɾ,doktoɾ,NL
doktoɾes,doktoɾes,doktoɾ,doktoɾ,NL
doktoɾes,doktoɾes,doktoɾ,doktoɾ,NL
doktoɾes,doktoɾes,doktoɾ,doktoɾ,NL
doktoɾes,doktoɾes,doktoɾ,doktoɾ,NL
doktoɾes,doktoɾes,doktoɾ,doktoɾ,NL
doktoɾes,doktoɾes,doktoɾ,doktoɾ,NL
doktoɾes,doktoɾes,doktoɾ,doktoɾ,NL
doktoɾes,doktoɾes,doktoɾ,doktoɾ,NL
doktoɾes,doktoɾes,doktoɾ,doktoɾ,NL
doktoɾes,doktoɾes,doktoɾ,doktoɾ,NL
doktoɾes,doktoɾes,doktoɾ,doktoɾ,NL
doktoɾes,doktoɾes,doktoɾ,doktoɾ,NL
doktoɾes,doktoɾes,doktoɾ,doktoɾ,NL
doktoɾes,doktoɾes,doktoɾ,doktoɾ,NL
doktoɾes,doktoɾes,doktoɾ,doktoɾ,NL
doktoɾes,doktoɾes,doktoɾ,doktoɾ,NL
doktoɾes,doktoɾes,doktoɾ,doktoɾ,NL
doktoɾes,doktoɾes,doktoɾ,doktoɾ,NL
doktoɾes,doktoɾes,doktoɾ,doktoɾ,NL
doktoɾes,doktoɾes,doktoɾ,doktoɾ,NL
doktoɾes,doktoɾes,doktoɾ,doktoɾ,NL
doktoɾes,doktoɾes,doktoɾ,doktoɾ,NL
doktoɾes,doktoɾes,doktoɾ,doktoɾ,NL
doktoɾes,doktoɾes,doktoɾ,doktoɾ,NL
doktoɾes,doktoɾes,doktoɾ,doktoɾ,NL
doktoɾes,doktoɾes,doktoɾ,doktoɾ,NL
doktoɾes,doktoɾes,doktoɾ,doktoɾ,NL
doktoɾe,doktoɾe,doktoɾ,doktoɾ,NL
doktoɾe,doktoɾe,doktoɾ,doktoɾ,NL
doktoɾe,doktoɾe,doktoɾ,doktoɾ,NL
doktoɾe,doktoɾe,doktoɾ,doktoɾ,NL
doktoɾe,doktoɾe,doktoɾ,doktoɾ,NL
doktoɾe,doktoɾe,doktoɾ,doktoɾ,NL
doktoɾe,doktoɾe,doktoɾ,doktoɾ,NL
doktoɾe,doktoɾe,doktoɾ,doktoɾ,NL
doktoɾe,doktoɾe,doktoɾ,doktoɾ,NL
doktoɾe,doktoɾe,doktoɾ,doktoɾ,NL
doktoɾe,doktoɾe,doktoɾ,doktoɾ,NL
doktoɾe,doktoɾe,doktoɾ,doktoɾ,NL
doktoɾe,doktoɾe,doktoɾ,doktoɾ,NL
doktoɾe,doktoɾe,doktoɾ,doktoɾ,NL
doktoɾe,doktoɾe,doktoɾ,doktoɾ,NL
doktoɾe,doktoɾe,doktoɾ,doktoɾ,NL
doktoɾe,doktoɾe,doktoɾ,doktoɾ,NL
doktoɾe,doktoɾe,doktoɾ,doktoɾ,NL
doktoɾe,doktoɾe,doktoɾ,doktoɾ,NL
doktoɾe,doktoɾe,doktoɾ,doktoɾ,NL
doktoɾe,doktoɾe,doktoɾ,doktoɾ,NL
doktoɾe,doktoɾe,doktoɾ,doktoɾ,NL
doktoɾe,doktoɾe,doktoɾ,doktoɾ,NL
doktoɾe,doktoɾe,doktoɾ,doktoɾ,NL
doktoɾe,doktoɾe,doktoɾ,doktoɾ,NL
doktoɾe,doktoɾe,doktoɾ,doktoɾ,NL
doktoɾe,doktoɾe,doktoɾ,doktoɾ,NL
doktoɾe,doktoɾe,doktoɾ,doktoɾ,NL
doktoɾe,doktoɾe,doktoɾ,doktoɾ,NL
doktoɾe,doktoɾe,doktoɾ,doktoɾ,NL
doktoɾe,doktoɾe,doktoɾ,doktoɾ,NL
doktoɾe,doktoɾe,doktoɾ,doktoɾ,NL
doktoɾe,doktoɾe,doktoɾ,doktoɾ,NL
doktoɾe,doktoɾe,doktoɾ,doktoɾ,NL
doktoɾe,doktoɾe,doktoɾ,doktoɾ,NL
doktoɾe,doktoɾe,doktoɾ,doktoɾ,NL
doktoɾe,doktoɾe,doktoɾ,doktoɾ,NL
doktoɾe,doktoɾe,doktoɾ,doktoɾ,NL
doktoɾe,doktoɾe,doktoɾ,doktoɾ,NL
doktoɾe,doktoɾe,doktoɾ,doktoɾ,NL
doktoɾe,doktoɾe,doktoɾ,doktoɾ,NL
doktoɾe,doktoɾe,doktoɾ,doktoɾ,NL
doktoɾe,doktoɾe,doktoɾ,doktoɾ,NL
doktoɾe,doktoɾe,doktoɾ,doktoɾ,NL
doktoɾe,doktoɾe,doktoɾ,doktoɾ,NL
doktoɾe,doktoɾe,doktoɾ,doktoɾ,NL
doktoɾe,doktoɾe,doktoɾ,doktoɾ,NL
doktoɾe,doktoɾe,doktoɾ,doktoɾ,NL
doktoɾe,doktoɾe,doktoɾ,doktoɾ,NL
doktoɾe,doktoɾe,doktoɾ,doktoɾ,NL
doktoɾe,doktoɾe,doktoɾ,doktoɾ,NL
doktoɾe,doktoɾe,doktoɾ,doktoɾ,NL
doktoɾe,doktoɾe,doktoɾ,doktoɾ,NL
doktoɾe,doktoɾe,doktoɾ,doktoɾ,NL
doktoɾe,doktoɾe,doktoɾ,doktoɾ,NL
doktoɾe,doktoɾe,doktoɾ,doktoɾ,NL
doktoɾe,doktoɾe,doktoɾ,doktoɾ,NL
doktoɾe,doktoɾe,doktoɾ,doktoɾ,NL
doktoɾe,doktoɾe,doktoɾ,doktoɾ,NL
doktoɾe,doktoɾe,doktoɾ,doktoɾ,NL
doktoɾe,doktoɾe,doktoɾ,doktoɾ,NL
doktoɾe,doktoɾe,doktoɾ,doktoɾ,NL
doktoɾe,doktoɾe,doktoɾ,doktoɾ,NL
doktoɾe,doktoɾe,doktoɾ,doktoɾ,NL
doktoɾe,doktoɾe,doktoɾ,doktoɾ,NL
doktoɾe,doktoɾe,doktoɾ,doktoɾ,NL
doktoɾe,doktoɾe,doktoɾ,doktoɾ,NL
doktoɾe,doktoɾe,doktoɾ,doktoɾ,NL
doktoɾe,doktoɾe,doktoɾ,doktoɾ,NL
doktoɾe,doktoɾe,doktoɾ,doktoɾ,NL
doktoɾe,doktoɾe,doktoɾ,doktoɾ,NL
doktoɾe,doktoɾe,doktoɾ,doktoɾ,NL
doktoɾe,doktoɾe,doktoɾ,doktoɾ,NL
doktoɾe,doktoɾe,doktoɾ,doktoɾ,NL
doktoɾe,doktoɾe,doktoɾ,doktoɾ,NL
doktoɾe,doktoɾe,doktoɾ,doktoɾ,NL
doktoɾe,doktoɾe,doktoɾ,doktoɾ,NL
doktoɾe,doktoɾe,doktoɾ,doktoɾ,NL
doktoɾe,doktoɾe,doktoɾ,doktoɾ,NL
doktoɾe,doktoɾe,doktoɾ,doktoɾ,NL
doktoɾe,doktoɾe,doktoɾ,doktoɾ,NL
doktoɾe,doktoɾe,doktoɾ,doktoɾ,NL
doktoɾe,doktoɾe,doktoɾ,doktoɾ,NL
doktoɾe,doktoɾe,doktoɾ,doktoɾ,NL
doktoɾe,doktoɾe,doktoɾ,doktoɾ,NL
doktoɾe,doktoɾe,doktoɾ,doktoɾ,NL
doktoɾe,doktoɾe,doktoɾ,doktoɾ,NL
doktoɾe,doktoɾe,doktoɾ,doktoɾ,NL
doktoɾe,doktoɾe,doktoɾ,doktoɾ,NL
doktoɾe,doktoɾe,doktoɾ,doktoɾ,NL
doktoɾe,doktoɾe,doktoɾ,doktoɾ,NL
doktoɾe,doktoɾe,doktoɾ,doktoɾ,NL
doktoɾe,doktoɾe,doktoɾ,doktoɾ,NL
doktoɾe,doktoɾe,doktoɾ,doktoɾ,NL
doktoɾe,doktoɾe,doktoɾ,doktoɾ,NL
doktoɾe,doktoɾe,doktoɾ,doktoɾ,NL
doktoɾe,doktoɾe,doktoɾ,doktoɾ,NL
doktoɾe,doktoɾe,doktoɾ,doktoɾ,NL
doktoɾe,doktoɾe,doktoɾ,doktoɾ,NL
doktoɾe,doktoɾe,doktoɾ,doktoɾ,NL
doktoɾe,doktoɾe,doktoɾ,doktoɾ,NL
doktoɾe,doktoɾe,doktoɾ,doktoɾ,NL
doktoɾe,doktoɾe,doktoɾ,doktoɾ,NL
doktoɾe,doktoɾe,doktoɾ,doktoɾ,NL
doktoɾe,doktoɾe,doktoɾ,doktoɾ,NL
doktoɾe,doktoɾe,doktoɾ,doktoɾ,NL
doktoɾe,doktoɾe,doktoɾ,doktoɾ,NL
doktoɾe,doktoɾe,doktoɾ,doktoɾ,NL
doktoɾe,doktoɾe,doktoɾ,doktoɾ,NL
doktoɾe,doktoɾe,doktoɾ,doktoɾ,NL
doktoɾo,doktoɾo,doktoɾ,doktoɾ,NL
doktoɾo,doktoɾo,doktoɾ,doktoɾ,NL
doktoɾo,doktoɾo,doktoɾ,doktoɾ,NL
doktoɾo,doktoɾo,doktoɾ,doktoɾ,NL
doktoɾo,doktoɾo,doktoɾ,doktoɾ,NL
doktoɾo,doktoɾo,doktoɾ,doktoɾ,NL
doktoɾo,doktoɾo,doktoɾ,doktoɾ,NL
doktoɾo,doktoɾo,doktoɾ,doktoɾ,NL
doktoɾo,doktoɾo,doktoɾ,doktoɾ,NL
doktoɾo,doktoɾo,doktoɾ,doktoɾ,NL
doktoɾo,doktoɾo,doktoɾ,doktoɾ,NL
doktoɾo,doktoɾo,doktoɾ,doktoɾ,NL
doktoɾo,doktoɾo,doktoɾ,doktoɾ,NL
doktoɾo,doktoɾo,doktoɾ,doktoɾ,NL
doktoɾo,doktoɾo,doktoɾ,doktoɾ,NL
doktoɾo,doktoɾo,doktoɾ,doktoɾ,NL
doktoɾo,doktoɾo,doktoɾ,doktoɾ,NL
doktoɾo,doktoɾo,doktoɾ,doktoɾ,NL
doktoɾo,doktoɾo,doktoɾ,doktoɾ,NL
doktoɾo,doktoɾo,doktoɾ,doktoɾ,NL
doktoɾo,doktoɾo,doktoɾ,doktoɾ,NL
doktoɾo,doktoɾo,doktoɾ,doktoɾ,NL
doktoɾo,doktoɾo,doktoɾ,doktoɾ,NL
doktoɾo,doktoɾo,doktoɾ,doktoɾ,NL
doktoɾo,doktoɾo,doktoɾ,doktoɾ,NL
doktoɾo,doktoɾo,doktoɾ,doktoɾ,NL
doktoɾo,doktoɾo,doktoɾ,doktoɾ,NL
doktoɾo,doktoɾo,doktoɾ,doktoɾ,NL
doktoɾo,doktoɾo,doktoɾ,doktoɾ,NL
doktoɾo,doktoɾo,doktoɾ,doktoɾ,NL
doktoɾo,doktoɾo,doktoɾ,doktoɾ,NL
doktoɾo,doktoɾo,doktoɾ,doktoɾ,NL
doktoɾo,doktoɾo,doktoɾ,doktoɾ,NL
doktoɾo,doktoɾo,doktoɾ,doktoɾ,NL
doktoɾo,doktoɾo,doktoɾ,doktoɾ,NL
doktoɾo,doktoɾo,doktoɾ,doktoɾ,NL
doktoɾo,doktoɾo,doktoɾ,doktoɾ,NL
doktoɾo,doktoɾo,doktoɾ,doktoɾ,NL
doktoɾo,doktoɾo,doktoɾ,doktoɾ,NL
doktoɾo,doktoɾo,doktoɾ,doktoɾ,NL
doktoɾo,doktoɾo,doktoɾ,doktoɾ,NL
doktoɾo,doktoɾo,doktoɾ,doktoɾ,NL
doktoɾo,doktoɾo,doktoɾ,doktoɾ,NL
doktoɾo,doktoɾo,doktoɾ,doktoɾ,NL
doktoɾo,doktoɾo,doktoɾ,doktoɾ,NL
doktoɾo,doktoɾo,doktoɾ,doktoɾ,NL
doktoɾo,doktoɾo,doktoɾ,doktoɾ,NL
doktoɾo,doktoɾo,doktoɾ,doktoɾ,NL
doktoɾo,doktoɾo,doktoɾ,doktoɾ,NL
doktoɾo,doktoɾo,doktoɾ,doktoɾ,NL
doktoɾo,doktoɾo,doktoɾ,doktoɾ,NL
doktoɾo,doktoɾo,doktoɾ,doktoɾ,NL
doktoɾo,doktoɾo,doktoɾ,doktoɾ,NL
doktoɾo,doktoɾo,doktoɾ,doktoɾ,NL
doktoɾo,doktoɾo,doktoɾ,doktoɾ,NL
manifestajs,manifestajs,manifest,manifest,NL
manifestajs,manifestajs,manifest,manifest,NL
manifestajs,manifestajs,manifest,manifest,NL
manifestajs,manifestajs,manifest,manifest,NL
manifestajs,manifestajs,manifest,manifest,NL
manifestajs,manifestajs,manifest,manifest,NL
manifestajs,manifestajs,manifest,manifest,NL
manifestajs,manifestajs,manifest,manifest,NL
manifestajs,manifestajs,manifest,manifest,NL
manifestajs,manifestajs,manifest,manifest,NL
manifestajs,manifestajs,manifest,manifest,NL
manifestajs,manifestajs,manifest,manifest,NL
manifestajs,manifestajs,manifest,manifest,NL
manifestajs,manifestajs,manifest,manifest,NL
manifestajs,manifestajs,manifest,manifest,NL
manifestajs,manifestajs,manifest,manifest,NL
manifestajs,manifestajs,manifest,manifest,NL
manifestajs,manifestajs,manifest,manifest,NL
manifestajs,manifestajs,manifest,manifest,NL
manifestajs,manifestajs,manifest,manifest,NL
manifestajs,manifestajs,manifest,manifest,NL
manifestajs,manifestajs,manifest,manifest,NL
manifestajs,manifestajs,manifest,manifest,NL
manifestajs,manifestajs,manifest,manifest,NL
manifestajs,manifestajs,manifest,manifest,NL
manifestajs,manifestajs,manifest,manifest,NL
manifestajs,manifestajs,manifest,manifest,NL
manifestajs,manifestajs,manifest,manifest,NL
manifestajs,manifestajs,manifest,manifest,NL
manifestajs,manifestajs,manifest,manifest,NL
manifestajs,manifestajs,manifest,manifest,NL
manifestajs,manifestajs,manifest,manifest,NL
manifestajs,manifestajs,manifest,manifest,NL
manifestajs,manifestajs,manifest,manifest,NL
manifestajs,manifestajs,manifest,manifest,NL
manifestajs,manifestajs,manifest,manifest,NL
manifestajs,manifestajs,manifest,manifest,NL
manifestajs,manifestajs,manifest,manifest,NL
manifestajs,manifestajs,manifest,manifest,NL
manifestajs,manifestajs,manifest,manifest,NL
manifestajs,manifestajs,manifest,manifest,NL
manifestajs,manifestajs,manifest,manifest,NL
manifestajs,manifestajs,manifest,manifest,NL
manifestajs,manifestajs,manifest,manifest,NL
manifestajs,manifestajs,manifest,manifest,NL
manifestajs,manifestajs,manifest,manifest,NL
manifestajs,manifestajs,manifest,manifest,NL
manifestajs,manifestajs,manifest,manifest,NL
manifestajs,manifestajs,manifest,manifest,NL
manifestajs,manifestajs,manifest,manifest,NL
manifestajs,manifestajs,manifest,manifest,NL
manifestajs,manifestajs,manifest,manifest,NL
manifestajs,manifestajs,manifest,manifest,NL
manifestajs,manifestajs,manifest,manifest,NL
manifestajs,manifestajs,manifest,manifest,NL
manifestamos,manifestamos,manifest,manifest,NL
manifestamos,manifestamos,manifest,manifest,NL
manifestamos,manifestamos,manifest,manifest,NL
manifestamos,manifestamos,manifest,manifest,NL
manifestamos,manifestamos,manifest,manifest,NL
manifestamos,manifestamos,manifest,manifest,NL
manifestamos,manifestamos,manifest,manifest,NL
manifestamos,manifestamos,manifest,manifest,NL
manifestamos,manifestamos,manifest,manifest,NL
manifestamos,manifestamos,manifest,manifest,NL
manifestamos,manifestamos,manifest,manifest,NL
manifestamos,manifestamos,manifest,manifest,NL
manifestamos,manifestamos,manifest,manifest,NL
manifestamos,manifestamos,manifest,manifest,NL
manifestamos,manifestamos,manifest,manifest,NL
manifestamos,manifestamos,manifest,manifest,NL
manifestamos,manifestamos,manifest,manifest,NL
manifestamos,manifestamos,manifest,manifest,NL
manifestamos,manifestamos,manifest,manifest,NL
manifestamos,manifestamos,manifest,manifest,NL
manifestamos,manifestamos,manifest,manifest,NL
manifestamos,manifestamos,manifest,manifest,NL
manifestamos,manifestamos,manifest,manifest,NL
manifestamos,manifestamos,manifest,manifest,NL
manifestamos,manifestamos,manifest,manifest,NL
manifestamos,manifestamos,manifest,manifest,NL
manifestamos,manifestamos,manifest,manifest,NL
manifestamos,manifestamos,manifest,manifest,NL
manifestamos,manifestamos,manifest,manifest,NL
manifestamos,manifestamos,manifest,manifest,NL
manifestamos,manifestamos,manifest,manifest,NL
manifestamos,manifestamos,manifest,manifest,NL
manifestamos,manifestamos,manifest,manifest,NL
manifestamos,manifestamos,manifest,manifest,NL
manifestamos,manifestamos,manifest,manifest,NL
manifestamos,manifestamos,manifest,manifest,NL
manifestamos,manifestamos,manifest,manifest,NL
manifestamos,manifestamos,manifest,manifest,NL
manifestamos,manifestamos,manifest,manifest,NL
manifestamos,manifestamos,manifest,manifest,NL
manifestamos,manifestamos,manifest,manifest,NL
manifestamos,manifestamos,manifest,manifest,NL
manifestamos,manifestamos,manifest,manifest,NL
manifestamos,manifestamos,manifest,manifest,NL
manifestamos,manifestamos,manifest,manifest,NL
manifestamos,manifestamos,manifest,manifest,NL
manifestamos,manifestamos,manifest,manifest,NL
manifestamos,manifestamos,manifest,manifest,NL
manifestamos,manifestamos,manifest,manifest,NL
manifestamos,manifestamos,manifest,manifest,NL
manifestamos,manifestamos,manifest,manifest,NL
manifestamos,manifestamos,manifest,manifest,NL
manifestamos,manifestamos,manifest,manifest,NL
manifestamos,manifestamos,manifest,manifest,NL
manifestamos,manifestamos,manifest,manifest,NL
manifestejs,manifestejs,manifest,manifest,NL
manifestejs,manifestejs,manifest,manifest,NL
manifestejs,manifestejs,manifest,manifest,NL
manifestejs,manifestejs,manifest,manifest,NL
manifestejs,manifestejs,manifest,manifest,NL
manifestejs,manifestejs,manifest,manifest,NL
manifestejs,manifestejs,manifest,manifest,NL
manifestejs,manifestejs,manifest,manifest,NL
manifestejs,manifestejs,manifest,manifest,NL
manifestejs,manifestejs,manifest,manifest,NL
manifestejs,manifestejs,manifest,manifest,NL
manifestejs,manifestejs,manifest,manifest,NL
manifestejs,manifestejs,manifest,manifest,NL
manifestejs,manifestejs,manifest,manifest,NL
manifestejs,manifestejs,manifest,manifest,NL
manifestejs,manifestejs,manifest,manifest,NL
manifestejs,manifestejs,manifest,manifest,NL
manifestejs,manifestejs,manifest,manifest,NL
manifestejs,manifestejs,manifest,manifest,NL
manifestejs,manifestejs,manifest,manifest,NL
manifestejs,manifestejs,manifest,manifest,NL
manifestejs,manifestejs,manifest,manifest,NL
manifestejs,manifestejs,manifest,manifest,NL
manifestejs,manifestejs,manifest,manifest,NL
manifestejs,manifestejs,manifest,manifest,NL
manifestejs,manifestejs,manifest,manifest,NL
manifestejs,manifestejs,manifest,manifest,NL
manifestejs,manifestejs,manifest,manifest,NL
manifestejs,manifestejs,manifest,manifest,NL
manifestejs,manifestejs,manifest,manifest,NL
manifestejs,manifestejs,manifest,manifest,NL
manifestejs,manifestejs,manifest,manifest,NL
manifestejs,manifestejs,manifest,manifest,NL
manifestejs,manifestejs,manifest,manifest,NL
manifestejs,manifestejs,manifest,manifest,NL
manifestejs,manifestejs,manifest,manifest,NL
manifestejs,manifestejs,manifest,manifest,NL
manifestejs,manifestejs,manifest,manifest,NL
manifestejs,manifestejs,manifest,manifest,NL
manifestejs,manifestejs,manifest,manifest,NL
manifestejs,manifestejs,manifest,manifest,NL
manifestejs,manifestejs,manifest,manifest,NL
manifestejs,manifestejs,manifest,manifest,NL
manifestejs,manifestejs,manifest,manifest,NL
manifestejs,manifestejs,manifest,manifest,NL
manifestejs,manifestejs,manifest,manifest,NL
manifestejs,manifestejs,manifest,manifest,NL
manifestejs,manifestejs,manifest,manifest,NL
manifestejs,manifestejs,manifest,manifest,NL
manifestejs,manifestejs,manifest,manifest,NL
manifestejs,manifestejs,manifest,manifest,NL
manifestejs,manifestejs,manifest,manifest,NL
manifestejs,manifestejs,manifest,manifest,NL
manifestejs,manifestejs,manifest,manifest,NL
manifestejs,manifestejs,manifest,manifest,NL
manifestemos,manifestemos,manifest,manifest,NL
manifestemos,manifestemos,manifest,manifest,NL
manifestemos,manifestemos,manifest,manifest,NL
manifestemos,manifestemos,manifest,manifest,NL
manifestemos,manifestemos,manifest,manifest,NL
manifestemos,manifestemos,manifest,manifest,NL
manifestemos,manifestemos,manifest,manifest,NL
manifestemos,manifestemos,manifest,manifest,NL
manifestemos,manifestemos,manifest,manifest,NL
manifestemos,manifestemos,manifest,manifest,NL
manifestemos,manifestemos,manifest,manifest,NL
manifestemos,manifestemos,manifest,manifest,NL
manifestemos,manifestemos,manifest,manifest,NL
manifestemos,manifestemos,manifest,manifest,NL
manifestemos,manifestemos,manifest,manifest,NL
manifestemos,manifestemos,manifest,manifest,NL
manifestemos,manifestemos,manifest,manifest,NL
manifestemos,manifestemos,manifest,manifest,NL
manifestemos,manifestemos,manifest,manifest,NL
manifestemos,manifestemos,manifest,manifest,NL
manifestemos,manifestemos,manifest,manifest,NL
manifestemos,manifestemos,manifest,manifest,NL
manifestemos,manifestemos,manifest,manifest,NL
manifestemos,manifestemos,manifest,manifest,NL
manifestemos,manifestemos,manifest,manifest,NL
manifestemos,manifestemos,manifest,manifest,NL
manifestemos,manifestemos,manifest,manifest,NL
manifestemos,manifestemos,manifest,manifest,NL
manifestemos,manifestemos,manifest,manifest,NL
manifestemos,manifjestos,manifjestos,manifest,NL
manifestemos,manifestemos,manifest,manifest,NL
manifestemos,manifestemos,manifest,manifest,NL
manifestemos,manifestemos,manifest,manifest,NL
manifestemos,manifestemos,manifest,manifest,NL
manifestemos,manifestemos,manifest,manifest,NL
manifestemos,manifjestos,manifjestos,manifest,NL
manifestemos,manifestemos,manifest,manifest,NL
manifestemos,manifestemos,manifest,manifest,NL
manifestemos,manifestemos,manifest,manifest,NL
manifestemos,manifestemos,manifest,manifest,NL
manifestemos,manifestemos,manifest,manifest,NL
manifestemos,manifestemos,manifest,manifest,NL
manifestemos,manifestemos,manifest,manifest,NL
manifestemos,manifestemos,manifest,manifest,NL
manifestemos,manifestemos,manifest,manifest,NL
manifestemos,manifestemos,manifest,manifest,NL
manifestemos,manifestemos,manifest,manifest,NL
manifestemos,manifestemos,manifest,manifest,NL
manifestemos,manifestemos,manifest,manifest,NL
manifestemos,manifestemos,manifest,manifest,NL
manifestemos,manifestemos,manifest,manifest,NL
manifestemos,manifestemos,manifest,manifest,NL
manifestemos,manifestemos,manifest,manifest,NL
manifestemos,manifestemos,manifest,manifest,NL
manifestemos,manifestemos,manifest,manifest,NL
manifjestan,manifestan,manifest,manifjest,NL
manifjestan,manifestan,manifest,manifjest,NL
manifjestan,manifestan,manifest,manifjest,NL
manifjestan,manifestan,manifest,manifjest,NL
manifjestan,manifestan,manifest,manifjest,NL
manifjestan,manifestan,manifest,manifjest,NL
manifjestan,manifestan,manifest,manifjest,NL
manifjestan,manifestan,manifest,manifjest,NL
manifjestan,manifestan,manifest,manifjest,NL
manifjestan,manifestan,manifest,manifjest,NL
manifjestan,manifestan,manifest,manifjest,NL
manifjestan,manifestan,manifest,manifjest,NL
manifjestan,manifestan,manifest,manifjest,NL
manifjestan,manifestan,manifest,manifjest,NL
manifjestan,manifestan,manifest,manifjest,NL
manifjestan,manifestan,manifest,manifjest,NL
manifjestan,manifestan,manifest,manifjest,NL
manifjestan,manifestan,manifest,manifjest,NL
manifjestan,manifestan,manifest,manifjest,NL
manifjestan,manifestan,manifest,manifjest,NL
manifjestan,manifestan,manifest,manifjest,NL
manifjestan,manifestan,manifest,manifjest,NL
manifjestan,manifestan,manifest,manifjest,NL
manifjestan,manifestan,manifest,manifjest,NL
manifjestan,manifestan,manifest,manifjest,NL
manifjestan,manifestan,manifest,manifjest,NL
manifjestan,manifestan,manifest,manifjest,NL
manifjestan,manifestan,manifest,manifjest,NL
manifjestan,manifestan,manifest,manifjest,NL
manifjestan,manifestan,manifest,manifjest,NL
manifjestan,manifestan,manifest,manifjest,NL
manifjestan,manifestan,manifest,manifjest,NL
manifjestan,manifestan,manifest,manifjest,NL
manifjestan,manifestan,manifest,manifjest,NL
manifjestan,manifjestan,manifjest,manifjest,NL
manifjestan,manifjestan,manifjest,manifjest,NL
manifjestan,manifjestan,manifjest,manifjest,NL
manifjestan,manifjestan,manifjest,manifjest,NL
manifjestan,manifjestan,manifjest,manifjest,NL
manifjestan,manifjestan,manifjest,manifjest,NL
manifjestan,manifjestan,manifjest,manifjest,NL
manifjestan,manifjestan,manifjest,manifjest,NL
manifjestan,manifjestan,manifjest,manifjest,NL
manifjestan,manifjestan,manifjest,manifjest,NL
manifjestan,manifjestan,manifjest,manifjest,NL
manifjestan,manifjestan,manifjest,manifjest,NL
manifjestan,manifjestan,manifjest,manifjest,NL
manifjestan,manifjestan,manifjest,manifjest,NL
manifjestan,manifjestan,manifjest,manifjest,NL
manifjestan,manifjestan,manifjest,manifjest,NL
manifjestan,manifjestan,manifjest,manifjest,NL
manifjestan,manifjestan,manifjest,manifjest,NL
manifjestan,manifjestan,manifjest,manifjest,NL
manifjestan,manifjestan,manifjest,manifjest,NL
manifjestan,manifjestan,manifjest,manifjest,NL
manifjestas,manifestas,manifest,manifjest,NL
manifjestas,manifestas,manifest,manifjest,NL
manifjestas,manifestas,manifest,manifjest,NL
manifjestas,manifestas,manifest,manifjest,NL
manifjestas,manifestas,manifest,manifjest,NL
manifjestas,manifestas,manifest,manifjest,NL
manifjestas,manifestas,manifest,manifjest,NL
manifjestas,manifestas,manifest,manifjest,NL
manifjestas,manifestas,manifest,manifjest,NL
manifjestas,manifestas,manifest,manifjest,NL
manifjestas,manifestas,manifest,manifjest,NL
manifjestas,manifestas,manifest,manifjest,NL
manifjestas,manifestas,manifest,manifjest,NL
manifjestas,manifestas,manifest,manifjest,NL
manifjestas,manifestas,manifest,manifjest,NL
manifjestas,manifestas,manifest,manifjest,NL
manifjestas,manifestas,manifest,manifjest,NL
manifjestas,manifestas,manifest,manifjest,NL
manifjestas,manifestas,manifest,manifjest,NL
manifjestas,manifestas,manifest,manifjest,NL
manifjestas,manifestas,manifest,manifjest,NL
manifjestas,manifestas,manifest,manifjest,NL
manifjestas,manifestas,manifest,manifjest,NL
manifjestas,manifestas,manifest,manifjest,NL
manifjestas,manifestas,manifest,manifjest,NL
manifjestas,manifestas,manifest,manifjest,NL
manifjestas,manifestas,manifest,manifjest,NL
manifjestas,manifestas,manifest,manifjest,NL
manifjestas,manifestas,manifest,manifjest,NL
manifjestas,manifestas,manifest,manifjest,NL
manifjestas,manifestas,manifest,manifjest,NL
manifjestas,manifestas,manifest,manifjest,NL
manifjestas,manifestas,manifest,manifjest,NL
manifjestas,manifestas,manifest,manifjest,NL
manifjestas,manifjestas,manifjest,manifjest,NL
manifjestas,manifjestas,manifjest,manifjest,NL
manifjestas,manifjestas,manifjest,manifjest,NL
manifjestas,manifjestas,manifjest,manifjest,NL
manifjestas,manifjestas,manifjest,manifjest,NL
manifjestas,manifjestas,manifjest,manifjest,NL
manifjestas,manifjestas,manifjest,manifjest,NL
manifjestas,manifjestas,manifjest,manifjest,NL
manifjestas,manifjestas,manifjest,manifjest,NL
manifjestas,manifjestas,manifjest,manifjest,NL
manifjestas,manifjestas,manifjest,manifjest,NL
manifjestas,manifjestas,manifjest,manifjest,NL
manifjestas,manifjestas,manifjest,manifjest,NL
manifjestas,manifjestas,manifjest,manifjest,NL
manifjestas,manifjestas,manifjest,manifjest,NL
manifjestas,manifjestas,manifjest,manifjest,NL
manifjestas,manifjestas,manifjest,manifjest,NL
manifjestas,manifjestas,manifjest,manifjest,NL
manifjestas,manifjestas,manifjest,manifjest,NL
manifjestas,manifjestas,manifjest,manifjest,NL
manifjestas,manifjestas,manifjest,manifjest,NL
manifjesta,manifesta,manifest,manifjest,NL
manifjesta,manifesta,manifest,manifjest,NL
manifjesta,manifesta,manifest,manifjest,NL
manifjesta,manifesta,manifest,manifjest,NL
manifjesta,manifesta,manifest,manifjest,NL
manifjesta,manifesta,manifest,manifjest,NL
manifjesta,manifesta,manifest,manifjest,NL
manifjesta,manifesta,manifest,manifjest,NL
manifjesta,manifesta,manifest,manifjest,NL
manifjesta,manifesta,manifest,manifjest,NL
manifjesta,manifesta,manifest,manifjest,NL
manifjesta,manifesta,manifest,manifjest,NL
manifjesta,manifesta,manifest,manifjest,NL
manifjesta,manifesta,manifest,manifjest,NL
manifjesta,manifesta,manifest,manifjest,NL
manifjesta,manifesta,manifest,manifjest,NL
manifjesta,manifesta,manifest,manifjest,NL
manifjesta,manifesta,manifest,manifjest,NL
manifjesta,manifesta,manifest,manifjest,NL
manifjesta,manifesta,manifest,manifjest,NL
manifjesta,manifesta,manifest,manifjest,NL
manifjesta,manifesta,manifest,manifjest,NL
manifjesta,manifesta,manifest,manifjest,NL
manifjesta,manifesta,manifest,manifjest,NL
manifjesta,manifesta,manifest,manifjest,NL
manifjesta,manifesta,manifest,manifjest,NL
manifjesta,manifesta,manifest,manifjest,NL
manifjesta,manifesta,manifest,manifjest,NL
manifjesta,manifesta,manifest,manifjest,NL
manifjesta,manifesta,manifest,manifjest,NL
manifjesta,manifesta,manifest,manifjest,NL
manifjesta,manifesta,manifest,manifjest,NL
manifjesta,manifesta,manifest,manifjest,NL
manifjesta,manifesta,manifest,manifjest,NL
manifjesta,manifjesta,manifjest,manifjest,NL
manifjesta,manifjesta,manifjest,manifjest,NL
manifjesta,manifjesta,manifjest,manifjest,NL
manifjesta,manifjesta,manifjest,manifjest,NL
manifjesta,manifjesta,manifjest,manifjest,NL
manifjesta,manifjesta,manifjest,manifjest,NL
manifjesta,manifjesta,manifjest,manifjest,NL
manifjesta,manifjesta,manifjest,manifjest,NL
manifjesta,manifjesta,manifjest,manifjest,NL
manifjesta,manifjesta,manifjest,manifjest,NL
manifjesta,manifjesta,manifjest,manifjest,NL
manifjesta,manifjesta,manifjest,manifjest,NL
manifjesta,manifjesta,manifjest,manifjest,NL
manifjesta,manifjesta,manifjest,manifjest,NL
manifjesta,manifjesta,manifjest,manifjest,NL
manifjesta,manifjesta,manifjest,manifjest,NL
manifjesta,manifjesta,manifjest,manifjest,NL
manifjesta,manifjesta,manifjest,manifjest,NL
manifjesta,manifjesta,manifjest,manifjest,NL
manifjesta,manifjesta,manifjest,manifjest,NL
manifjesta,manifjesta,manifjest,manifjest,NL
manifjesten,manifesten,manifest,manifjest,NL
manifjesten,manifesten,manifest,manifjest,NL
manifjesten,manifesten,manifest,manifjest,NL
manifjesten,manifesten,manifest,manifjest,NL
manifjesten,manifesten,manifest,manifjest,NL
manifjesten,manifesten,manifest,manifjest,NL
manifjesten,manifesten,manifest,manifjest,NL
manifjesten,manifesten,manifest,manifjest,NL
manifjesten,manifesten,manifest,manifjest,NL
manifjesten,manifesten,manifest,manifjest,NL
manifjesten,manifesten,manifest,manifjest,NL
manifjesten,manifesten,manifest,manifjest,NL
manifjesten,manifesten,manifest,manifjest,NL
manifjesten,manifesten,manifest,manifjest,NL
manifjesten,manifesten,manifest,manifjest,NL
manifjesten,manifesten,manifest,manifjest,NL
manifjesten,manifesten,manifest,manifjest,NL
manifjesten,manifesten,manifest,manifjest,NL
manifjesten,manifesten,manifest,manifjest,NL
manifjesten,manifesten,manifest,manifjest,NL
manifjesten,manifesten,manifest,manifjest,NL
manifjesten,manifesten,manifest,manifjest,NL
manifjesten,manifesten,manifest,manifjest,NL
manifjesten,manifesten,manifest,manifjest,NL
manifjesten,manifesten,manifest,manifjest,NL
manifjesten,manifesten,manifest,manifjest,NL
manifjesten,manifesten,manifest,manifjest,NL
manifjesten,manifesten,manifest,manifjest,NL
manifjesten,manifesten,manifest,manifjest,NL
manifjesten,manifesten,manifest,manifjest,NL
manifjesten,manifesten,manifest,manifjest,NL
manifjesten,manifesten,manifest,manifjest,NL
manifjesten,manifesten,manifest,manifjest,NL
manifjesten,manifesten,manifest,manifjest,NL
manifjesten,manifjesten,manifjest,manifjest,NL
manifjesten,manifjesten,manifjest,manifjest,NL
manifjesten,manifjesten,manifjest,manifjest,NL
manifjesten,manifjesten,manifjest,manifjest,NL
manifjesten,manifjesten,manifjest,manifjest,NL
manifjesten,manifjesten,manifjest,manifjest,NL
manifjesten,manifjesten,manifjest,manifjest,NL
manifjesten,manifjesten,manifjest,manifjest,NL
manifjesten,manifjesten,manifjest,manifjest,NL
manifjesten,manifjesten,manifjest,manifjest,NL
manifjesten,manifjesten,manifjest,manifjest,NL
manifjesten,manifjesten,manifjest,manifjest,NL
manifjesten,manifjesten,manifjest,manifjest,NL
manifjesten,manifjesten,manifjest,manifjest,NL
manifjesten,manifjesten,manifjest,manifjest,NL
manifjesten,manifjesten,manifjest,manifjest,NL
manifjesten,manifjesten,manifjest,manifjest,NL
manifjesten,manifjesten,manifjest,manifjest,NL
manifjesten,manifjesten,manifjest,manifjest,NL
manifjesten,manifjesten,manifjest,manifjest,NL
manifjesten,manifjesten,manifjest,manifjest,NL
manifjestes,manifestes,manifest,manifjest,NL
manifjestes,manifestes,manifest,manifjest,NL
manifjestes,manifestes,manifest,manifjest,NL
manifjestes,manifestes,manifest,manifjest,NL
manifjestes,manifestes,manifest,manifjest,NL
manifjestes,manifestes,manifest,manifjest,NL
manifjestes,manifestes,manifest,manifjest,NL
manifjestes,manifestes,manifest,manifjest,NL
manifjestes,manifestes,manifest,manifjest,NL
manifjestes,manifestes,manifest,manifjest,NL
manifjestes,manifestes,manifest,manifjest,NL
manifjestes,manifestes,manifest,manifjest,NL
manifjestes,manifestes,manifest,manifjest,NL
manifjestes,manifestes,manifest,manifjest,NL
manifjestes,manifestes,manifest,manifjest,NL
manifjestes,manifestes,manifest,manifjest,NL
manifjestes,manifestes,manifest,manifjest,NL
manifjestes,manifestes,manifest,manifjest,NL
manifjestes,manifestes,manifest,manifjest,NL
manifjestes,manifestes,manifest,manifjest,NL
manifjestes,manifestes,manifest,manifjest,NL
manifjestes,manifestes,manifest,manifjest,NL
manifjestes,manifestes,manifest,manifjest,NL
manifjestes,manifestes,manifest,manifjest,NL
manifjestes,manifestes,manifest,manifjest,NL
manifjestes,manifestes,manifest,manifjest,NL
manifjestes,manifestes,manifest,manifjest,NL
manifjestes,manifestes,manifest,manifjest,NL
manifjestes,manifestes,manifest,manifjest,NL
manifjestes,manifestes,manifest,manifjest,NL
manifjestes,manifestes,manifest,manifjest,NL
manifjestes,manifestes,manifest,manifjest,NL
manifjestes,manifestes,manifest,manifjest,NL
manifjestes,manifestes,manifest,manifjest,NL
manifjestes,manifjestes,manifjest,manifjest,NL
manifjestes,manifjestes,manifjest,manifjest,NL
manifjestes,manifjestes,manifjest,manifjest,NL
manifjestes,manifjestes,manifjest,manifjest,NL
manifjestes,manifjestes,manifjest,manifjest,NL
manifjestes,manifjestes,manifjest,manifjest,NL
manifjestes,manifjestes,manifjest,manifjest,NL
manifjestes,manifjestes,manifjest,manifjest,NL
manifjestes,manifjestes,manifjest,manifjest,NL
manifjestes,manifjestes,manifjest,manifjest,NL
manifjestes,manifjestes,manifjest,manifjest,NL
manifjestes,manifjestes,manifjest,manifjest,NL
manifjestes,manifjestes,manifjest,manifjest,NL
manifjestes,manifjestes,manifjest,manifjest,NL
manifjestes,manifjestes,manifjest,manifjest,NL
manifjestes,manifjestes,manifjest,manifjest,NL
manifjestes,manifjestes,manifjest,manifjest,NL
manifjestes,manifjestes,manifjest,manifjest,NL
manifjestes,manifjestes,manifjest,manifjest,NL
manifjestes,manifjestes,manifjest,manifjest,NL
manifjestes,manifjestes,manifjest,manifjest,NL
manifjeste,manifeste,manifest,manifjest,NL
manifjeste,manifeste,manifest,manifjest,NL
manifjeste,manifeste,manifest,manifjest,NL
manifjeste,manifeste,manifest,manifjest,NL
manifjeste,manifeste,manifest,manifjest,NL
manifjeste,manifeste,manifest,manifjest,NL
manifjeste,manifeste,manifest,manifjest,NL
manifjeste,manifeste,manifest,manifjest,NL
manifjeste,manifeste,manifest,manifjest,NL
manifjeste,manifeste,manifest,manifjest,NL
manifjeste,manifeste,manifest,manifjest,NL
manifjeste,manifeste,manifest,manifjest,NL
manifjeste,manifeste,manifest,manifjest,NL
manifjeste,manifeste,manifest,manifjest,NL
manifjeste,manifeste,manifest,manifjest,NL
manifjeste,manifeste,manifest,manifjest,NL
manifjeste,manifeste,manifest,manifjest,NL
manifjeste,manifeste,manifest,manifjest,NL
manifjeste,manifeste,manifest,manifjest,NL
manifjeste,manifeste,manifest,manifjest,NL
manifjeste,manifeste,manifest,manifjest,NL
manifjeste,manifeste,manifest,manifjest,NL
manifjeste,manifeste,manifest,manifjest,NL
manifjeste,manifeste,manifest,manifjest,NL
manifjeste,manifeste,manifest,manifjest,NL
manifjeste,manifeste,manifest,manifjest,NL
manifjeste,manifeste,manifest,manifjest,NL
manifjeste,manifeste,manifest,manifjest,NL
manifjeste,manifeste,manifest,manifjest,NL
manifjeste,manifeste,manifest,manifjest,NL
manifjeste,manifeste,manifest,manifjest,NL
manifjeste,manifeste,manifest,manifjest,NL
manifjeste,manifeste,manifest,manifjest,NL
manifjeste,manifeste,manifest,manifjest,NL
manifjeste,manifjeste,manifjest,manifjest,NL
manifjeste,manifjeste,manifjest,manifjest,NL
manifjeste,manifjeste,manifjest,manifjest,NL
manifjeste,manifjeste,manifjest,manifjest,NL
manifjeste,manifjeste,manifjest,manifjest,NL
manifjeste,manifjeste,manifjest,manifjest,NL
manifjeste,manifjeste,manifjest,manifjest,NL
manifjeste,manifjeste,manifjest,manifjest,NL
manifjeste,manifjeste,manifjest,manifjest,NL
manifjeste,manifjeste,manifjest,manifjest,NL
manifjeste,manifjeste,manifjest,manifjest,NL
manifjeste,manifjeste,manifjest,manifjest,NL
manifjeste,manifjeste,manifjest,manifjest,NL
manifjeste,manifjeste,manifjest,manifjest,NL
manifjeste,manifjeste,manifjest,manifjest,NL
manifjeste,manifjeste,manifjest,manifjest,NL
manifjeste,manifjeste,manifjest,manifjest,NL
manifjeste,manifjeste,manifjest,manifjest,NL
manifjeste,manifjeste,manifjest,manifjest,NL
manifjeste,manifjeste,manifjest,manifjest,NL
manifjeste,manifjeste,manifjest,manifjest,NL
manifjeste,manifeste,manifest,manifjest,NL
manifjeste,manifeste,manifest,manifjest,NL
manifjeste,manifeste,manifest,manifjest,NL
manifjeste,manifeste,manifest,manifjest,NL
manifjeste,manifeste,manifest,manifjest,NL
manifjeste,manifeste,manifest,manifjest,NL
manifjeste,manifeste,manifest,manifjest,NL
manifjeste,manifeste,manifest,manifjest,NL
manifjeste,manifeste,manifest,manifjest,NL
manifjeste,manifeste,manifest,manifjest,NL
manifjeste,manifeste,manifest,manifjest,NL
manifjeste,manifeste,manifest,manifjest,NL
manifjeste,manifeste,manifest,manifjest,NL
manifjeste,manifeste,manifest,manifjest,NL
manifjeste,manifeste,manifest,manifjest,NL
manifjeste,manifeste,manifest,manifjest,NL
manifjeste,manifeste,manifest,manifjest,NL
manifjeste,manifeste,manifest,manifjest,NL
manifjeste,manifeste,manifest,manifjest,NL
manifjeste,manifeste,manifest,manifjest,NL
manifjeste,manifeste,manifest,manifjest,NL
manifjeste,manifeste,manifest,manifjest,NL
manifjeste,manifeste,manifest,manifjest,NL
manifjeste,manifeste,manifest,manifjest,NL
manifjeste,manifeste,manifest,manifjest,NL
manifjeste,manifeste,manifest,manifjest,NL
manifjeste,manifeste,manifest,manifjest,NL
manifjeste,manifeste,manifest,manifjest,NL
manifjeste,manifeste,manifest,manifjest,NL
manifjeste,manifeste,manifest,manifjest,NL
manifjeste,manifeste,manifest,manifjest,NL
manifjeste,manifeste,manifest,manifjest,NL
manifjeste,manifeste,manifest,manifjest,NL
manifjeste,manifeste,manifest,manifjest,NL
manifjeste,manifjeste,manifjest,manifjest,NL
manifjeste,manifjeste,manifjest,manifjest,NL
manifjeste,manifjeste,manifjest,manifjest,NL
manifjeste,manifjeste,manifjest,manifjest,NL
manifjeste,manifjeste,manifjest,manifjest,NL
manifjeste,manifjeste,manifjest,manifjest,NL
manifjeste,manifjeste,manifjest,manifjest,NL
manifjeste,manifjeste,manifjest,manifjest,NL
manifjeste,manifjeste,manifjest,manifjest,NL
manifjeste,manifjeste,manifjest,manifjest,NL
manifjeste,manifjeste,manifjest,manifjest,NL
manifjeste,manifjeste,manifjest,manifjest,NL
manifjeste,manifjeste,manifjest,manifjest,NL
manifjeste,manifjeste,manifjest,manifjest,NL
manifjeste,manifjeste,manifjest,manifjest,NL
manifjeste,manifjeste,manifjest,manifjest,NL
manifjeste,manifjeste,manifjest,manifjest,NL
manifjeste,manifjeste,manifjest,manifjest,NL
manifjeste,manifjeste,manifjest,manifjest,NL
manifjeste,manifjeste,manifjest,manifjest,NL
manifjeste,manifjeste,manifjest,manifjest,NL
manifjesto,manifesto,manifest,manifjest,NL
manifjesto,manifesto,manifest,manifjest,NL
manifjesto,manifesto,manifest,manifjest,NL
manifjesto,manifesto,manifest,manifjest,NL
manifjesto,manifesto,manifest,manifjest,NL
manifjesto,manifesto,manifest,manifjest,NL
manifjesto,manifesto,manifest,manifjest,NL
manifjesto,manifesto,manifest,manifjest,NL
manifjesto,manifesto,manifest,manifjest,NL
manifjesto,manifesto,manifest,manifjest,NL
manifjesto,manifesto,manifest,manifjest,NL
manifjesto,manifesto,manifest,manifjest,NL
manifjesto,manifesto,manifest,manifjest,NL
manifjesto,manifesto,manifest,manifjest,NL
manifjesto,manifesto,manifest,manifjest,NL
manifjesto,manifesto,manifest,manifjest,NL
manifjesto,manifesto,manifest,manifjest,NL
manifjesto,manifesto,manifest,manifjest,NL
manifjesto,manifesto,manifest,manifjest,NL
manifjesto,manifesto,manifest,manifjest,NL
manifjesto,manifesto,manifest,manifjest,NL
manifjesto,manifesto,manifest,manifjest,NL
manifjesto,manifesto,manifest,manifjest,NL
manifjesto,manifesto,manifest,manifjest,NL
manifjesto,manifesto,manifest,manifjest,NL
manifjesto,manifesto,manifest,manifjest,NL
manifjesto,manifesto,manifest,manifjest,NL
manifjesto,manifesto,manifest,manifjest,NL
manifjesto,manifesto,manifest,manifjest,NL
manifjesto,manifesto,manifest,manifjest,NL
manifjesto,manifesto,manifest,manifjest,NL
manifjesto,manifesto,manifest,manifjest,NL
manifjesto,manifesto,manifest,manifjest,NL
manifjesto,manifesto,manifest,manifjest,NL
manifjesto,manifjesto,manifjest,manifjest,NL
manifjesto,manifjesto,manifjest,manifjest,NL
manifjesto,manifjesto,manifjest,manifjest,NL
manifjesto,manifjesto,manifjest,manifjest,NL
manifjesto,manifjesto,manifjest,manifjest,NL
manifjesto,manifjesto,manifjest,manifjest,NL
manifjesto,manifjesto,manifjest,manifjest,NL
manifjesto,manifjesto,manifjest,manifjest,NL
manifjesto,manifjesto,manifjest,manifjest,NL
manifjesto,manifjesto,manifjest,manifjest,NL
manifjesto,manifjesto,manifjest,manifjest,NL
manifjesto,manifjesto,manifjest,manifjest,NL
manifjesto,manifjesto,manifjest,manifjest,NL
manifjesto,manifjesto,manifjest,manifjest,NL
manifjesto,manifjesto,manifjest,manifjest,NL
manifjesto,manifjesto,manifjest,manifjest,NL
manifjesto,manifjesto,manifjest,manifjest,NL
manifjesto,manifjesto,manifjest,manifjest,NL
manifjesto,manifjesto,manifjest,manifjest,NL
manifjesto,manifjesto,manifjest,manifjest,NL
manifjesto,manifjesto,manifjest,manifjest,NL
bentilajs,bentilajs,bentil,bentil,NL
bentilajs,bentilajs,bentil,bentil,NL
bentilajs,bentilajs,bentil,bentil,NL
bentilajs,bentilajs,bentil,bentil,NL
bentilajs,bentilajs,bentil,bentil,NL
bentilajs,bentilajs,bentil,bentil,NL
bentilajs,bentilajs,bentil,bentil,NL
bentilajs,bentilajs,bentil,bentil,NL
bentilajs,bentilajs,bentil,bentil,NL
bentilajs,bentilajs,bentil,bentil,NL
bentilajs,bentilajs,bentil,bentil,NL
bentilajs,bentilajs,bentil,bentil,NL
bentilajs,bentilajs,bentil,bentil,NL
bentilajs,bentilajs,bentil,bentil,NL
bentilajs,bentilajs,bentil,bentil,NL
bentilajs,bentilajs,bentil,bentil,NL
bentilajs,bentilajs,bentil,bentil,NL
bentilajs,bentilajs,bentil,bentil,NL
bentilajs,bentilajs,bentil,bentil,NL
bentilajs,bentilajs,bentil,bentil,NL
bentilajs,bentilajs,bentil,bentil,NL
bentilajs,bentilajs,bentil,bentil,NL
bentilajs,bentilajs,bentil,bentil,NL
bentilajs,bentilajs,bentil,bentil,NL
bentilajs,bentilajs,bentil,bentil,NL
bentilajs,bentilajs,bentil,bentil,NL
bentilajs,bentilajs,bentil,bentil,NL
bentilajs,bentilajs,bentil,bentil,NL
bentilajs,bentilajs,bentil,bentil,NL
bentilajs,bentilajs,bentil,bentil,NL
bentilajs,bentilajs,bentil,bentil,NL
bentilajs,bentilajs,bentil,bentil,NL
bentilajs,bentilajs,bentil,bentil,NL
bentilajs,bentilajs,bentil,bentil,NL
bentilajs,bentilajs,bentil,bentil,NL
bentilajs,bentilajs,bentil,bentil,NL
bentilajs,bentilajs,bentil,bentil,NL
bentilajs,bentilajs,bentil,bentil,NL
bentilajs,bentilajs,bentil,bentil,NL
bentilajs,bentilajs,bentil,bentil,NL
bentilajs,bentilajs,bentil,bentil,NL
bentilajs,bentilajs,bentil,bentil,NL
bentilajs,bentilajs,bentil,bentil,NL
bentilajs,bentilajs,bentil,bentil,NL
bentilajs,bentilajs,bentil,bentil,NL
bentilajs,bentilajs,bentil,bentil,NL
bentilajs,bentilajs,bentil,bentil,NL
bentilajs,bentilajs,bentil,bentil,NL
bentilajs,bentilajs,bentil,bentil,NL
bentilajs,bentilajs,bentil,bentil,NL
bentilajs,bentilajs,bentil,bentil,NL
bentilajs,bentilajs,bentil,bentil,NL
bentilajs,bentilajs,bentil,bentil,NL
bentilajs,bentilajs,bentil,bentil,NL
bentilajs,bentilajs,bentil,bentil,NL
bentilamos,bentilamos,bentil,bentil,NL
bentilamos,bentilamos,bentil,bentil,NL
bentilamos,bentilamos,bentil,bentil,NL
bentilamos,bentilamos,bentil,bentil,NL
bentilamos,bentilamos,bentil,bentil,NL
bentilamos,bentilamos,bentil,bentil,NL
bentilamos,bentilamos,bentil,bentil,NL
bentilamos,bentilamos,bentil,bentil,NL
bentilamos,bentilamos,bentil,bentil,NL
bentilamos,bentilamos,bentil,bentil,NL
bentilamos,bentilamos,bentil,bentil,NL
bentilamos,bentilamos,bentil,bentil,NL
bentilamos,bentilamos,bentil,bentil,NL
bentilamos,bentilamos,bentil,bentil,NL
bentilamos,bentilamos,bentil,bentil,NL
bentilamos,bentilamos,bentil,bentil,NL
bentilamos,bentilamos,bentil,bentil,NL
bentilamos,bentilamos,bentil,bentil,NL
bentilamos,bentilamos,bentil,bentil,NL
bentilamos,bentilamos,bentil,bentil,NL
bentilamos,bentilamos,bentil,bentil,NL
bentilamos,bentilamos,bentil,bentil,NL
bentilamos,bentilamos,bentil,bentil,NL
bentilamos,bentilamos,bentil,bentil,NL
bentilamos,bentilamos,bentil,bentil,NL
bentilamos,bentilamos,bentil,bentil,NL
bentilamos,bentilamos,bentil,bentil,NL
bentilamos,bentilamos,bentil,bentil,NL
bentilamos,bentilamos,bentil,bentil,NL
bentilamos,bentilamos,bentil,bentil,NL
bentilamos,bentilamos,bentil,bentil,NL
bentilamos,bentilamos,bentil,bentil,NL
bentilamos,bentilamos,bentil,bentil,NL
bentilamos,bentilamos,bentil,bentil,NL
bentilamos,bentilamos,bentil,bentil,NL
bentilamos,bentilamos,bentil,bentil,NL
bentilamos,bentilamos,bentil,bentil,NL
bentilamos,bentilamos,bentil,bentil,NL
bentilamos,bentilamos,bentil,bentil,NL
bentilamos,bentilamos,bentil,bentil,NL
bentilamos,bentilamos,bentil,bentil,NL
bentilamos,bentilamos,bentil,bentil,NL
bentilamos,bentilamos,bentil,bentil,NL
bentilamos,bentilamos,bentil,bentil,NL
bentilamos,bentilamos,bentil,bentil,NL
bentilamos,bentilamos,bentil,bentil,NL
bentilamos,bentilamos,bentil,bentil,NL
bentilamos,bentilamos,bentil,bentil,NL
bentilamos,bentilamos,bentil,bentil,NL
bentilamos,bentilamos,bentil,bentil,NL
bentilamos,bentilamos,bentil,bentil,NL
bentilamos,bentilamos,bentil,bentil,NL
bentilamos,bentilamos,bentil,bentil,NL
bentilamos,bentilamos,bentil,bentil,NL
bentilamos,bentilamos,bentil,bentil,NL
bentilan,bentilan,bentil,bentil,NL
bentilan,bentilan,bentil,bentil,NL
bentilan,bentilan,bentil,bentil,NL
bentilan,bentilan,bentil,bentil,NL
bentilan,bentilan,bentil,bentil,NL
bentilan,bentilan,bentil,bentil,NL
bentilan,bentilan,bentil,bentil,NL
bentilan,bentilan,bentil,bentil,NL
bentilan,bentilan,bentil,bentil,NL
bentilan,bentilan,bentil,bentil,NL
bentilan,bentilan,bentil,bentil,NL
bentilan,bentilan,bentil,bentil,NL
bentilan,bentilan,bentil,bentil,NL
bentilan,bentilan,bentil,bentil,NL
bentilan,bentilan,bentil,bentil,NL
bentilan,bentilan,bentil,bentil,NL
bentilan,bentilan,bentil,bentil,NL
bentilan,bentilan,bentil,bentil,NL
bentilan,bentilan,bentil,bentil,NL
bentilan,bentilan,bentil,bentil,NL
bentilan,bentilan,bentil,bentil,NL
bentilan,bentilan,bentil,bentil,NL
bentilan,bentilan,bentil,bentil,NL
bentilan,bentilan,bentil,bentil,NL
bentilan,bentilan,bentil,bentil,NL
bentilan,bentilan,bentil,bentil,NL
bentilan,bentilan,bentil,bentil,NL
bentilan,bentilan,bentil,bentil,NL
bentilan,bentilan,bentil,bentil,NL
bentilan,bentilan,bentil,bentil,NL
bentilan,bentilan,bentil,bentil,NL
bentilan,bentilan,bentil,bentil,NL
bentilan,bentilan,bentil,bentil,NL
bentilan,bentilan,bentil,bentil,NL
bentilan,bentilan,bentil,bentil,NL
bentilan,bentilan,bentil,bentil,NL
bentilan,bentilan,bentil,bentil,NL
bentilan,bentilan,bentil,bentil,NL
bentilan,bentilan,bentil,bentil,NL
bentilan,bentilan,bentil,bentil,NL
bentilan,bentilan,bentil,bentil,NL
bentilan,bentilan,bentil,bentil,NL
bentilan,bentilan,bentil,bentil,NL
bentilan,bentilan,bentil,bentil,NL
bentilan,bentilan,bentil,bentil,NL
bentilan,bentilan,bentil,bentil,NL
bentilan,bentilan,bentil,bentil,NL
bentilan,bentilan,bentil,bentil,NL
bentilan,bentilan,bentil,bentil,NL
bentilan,bentilan,bentil,bentil,NL
bentilan,bentilan,bentil,bentil,NL
bentilan,bentilan,bentil,bentil,NL
bentilan,bentilan,bentil,bentil,NL
bentilan,bentilan,bentil,bentil,NL
bentilan,bentilan,bentil,bentil,NL
bentilas,bentilas,bentil,bentil,NL
bentilas,bentilas,bentil,bentil,NL
bentilas,bentilas,bentil,bentil,NL
bentilas,bentilas,bentil,bentil,NL
bentilas,bentilas,bentil,bentil,NL
bentilas,bentilas,bentil,bentil,NL
bentilas,bentilas,bentil,bentil,NL
bentilas,bentilas,bentil,bentil,NL
bentilas,bentilas,bentil,bentil,NL
bentilas,bentilas,bentil,bentil,NL
bentilas,bentilas,bentil,bentil,NL
bentilas,bentilas,bentil,bentil,NL
bentilas,bentilas,bentil,bentil,NL
bentilas,bentilas,bentil,bentil,NL
bentilas,bentilas,bentil,bentil,NL
bentilas,bentilas,bentil,bentil,NL
bentilas,bentilas,bentil,bentil,NL
bentilas,bentilas,bentil,bentil,NL
bentilas,bentilas,bentil,bentil,NL
bentilas,bentilas,bentil,bentil,NL
bentilas,bentilas,bentil,bentil,NL
bentilas,bentilas,bentil,bentil,NL
bentilas,bentilas,bentil,bentil,NL
bentilas,bentilas,bentil,bentil,NL
bentilas,bentilas,bentil,bentil,NL
bentilas,bentilas,bentil,bentil,NL
bentilas,bentilas,bentil,bentil,NL
bentilas,bentilas,bentil,bentil,NL
bentilas,bentilas,bentil,bentil,NL
bentilas,bentilas,bentil,bentil,NL
bentilas,bentilas,bentil,bentil,NL
bentilas,bentilas,bentil,bentil,NL
bentilas,bentilas,bentil,bentil,NL
bentilas,bentilas,bentil,bentil,NL
bentilas,bentilas,bentil,bentil,NL
bentilas,bentilas,bentil,bentil,NL
bentilas,bentilas,bentil,bentil,NL
bentilas,bentilas,bentil,bentil,NL
bentilas,bentilas,bentil,bentil,NL
bentilas,bentilas,bentil,bentil,NL
bentilas,bentilas,bentil,bentil,NL
bentilas,bentilas,bentil,bentil,NL
bentilas,bentilas,bentil,bentil,NL
bentilas,bentilas,bentil,bentil,NL
bentilas,bentilas,bentil,bentil,NL
bentilas,bentilas,bentil,bentil,NL
bentilas,bentilas,bentil,bentil,NL
bentilas,bentilas,bentil,bentil,NL
bentilas,bentilas,bentil,bentil,NL
bentilas,bentilas,bentil,bentil,NL
bentilas,bentilas,bentil,bentil,NL
bentilas,bentilas,bentil,bentil,NL
bentilas,bentilas,bentil,bentil,NL
bentilas,bentilas,bentil,bentil,NL
bentilas,bentilas,bentil,bentil,NL
bentila,bentila,bentil,bentil,NL
bentila,bentila,bentil,bentil,NL
bentila,bentila,bentil,bentil,NL
bentila,bentila,bentil,bentil,NL
bentila,bentila,bentil,bentil,NL
bentila,bentila,bentil,bentil,NL
bentila,bentila,bentil,bentil,NL
bentila,bentila,bentil,bentil,NL
bentila,bentila,bentil,bentil,NL
bentila,bentila,bentil,bentil,NL
bentila,bentila,bentil,bentil,NL
bentila,bentila,bentil,bentil,NL
bentila,bentila,bentil,bentil,NL
bentila,bentila,bentil,bentil,NL
bentila,bentila,bentil,bentil,NL
bentila,bentila,bentil,bentil,NL
bentila,bentila,bentil,bentil,NL
bentila,bentila,bentil,bentil,NL
bentila,bentila,bentil,bentil,NL
bentila,bentila,bentil,bentil,NL
bentila,bentila,bentil,bentil,NL
bentila,bentila,bentil,bentil,NL
bentila,bentila,bentil,bentil,NL
bentila,bentila,bentil,bentil,NL
bentila,bentila,bentil,bentil,NL
bentila,bentila,bentil,bentil,NL
bentila,bentila,bentil,bentil,NL
bentila,bentila,bentil,bentil,NL
bentila,bentila,bentil,bentil,NL
bentila,bentila,bentil,bentil,NL
bentila,bentila,bentil,bentil,NL
bentila,bentila,bentil,bentil,NL
bentila,bentila,bentil,bentil,NL
bentila,bentila,bentil,bentil,NL
bentila,bentila,bentil,bentil,NL
bentila,bentila,bentil,bentil,NL
bentila,bentila,bentil,bentil,NL
bentila,bentila,bentil,bentil,NL
bentila,bentila,bentil,bentil,NL
bentila,bentila,bentil,bentil,NL
bentila,bentila,bentil,bentil,NL
bentila,bentila,bentil,bentil,NL
bentila,bentila,bentil,bentil,NL
bentila,bentila,bentil,bentil,NL
bentila,bentila,bentil,bentil,NL
bentila,bentila,bentil,bentil,NL
bentila,bentila,bentil,bentil,NL
bentila,bentila,bentil,bentil,NL
bentila,bentila,bentil,bentil,NL
bentila,bentila,bentil,bentil,NL
bentila,bentila,bentil,bentil,NL
bentila,bentila,bentil,bentil,NL
bentila,bentila,bentil,bentil,NL
bentila,bentila,bentil,bentil,NL
bentila,bentila,bentil,bentil,NL
bentilejs,bentilejs,bentil,bentil,NL
bentilejs,bentilejs,bentil,bentil,NL
bentilejs,bentilejs,bentil,bentil,NL
bentilejs,bentilejs,bentil,bentil,NL
bentilejs,bentilejs,bentil,bentil,NL
bentilejs,bentilejs,bentil,bentil,NL
bentilejs,bentilejs,bentil,bentil,NL
bentilejs,bentilejs,bentil,bentil,NL
bentilejs,bentilejs,bentil,bentil,NL
bentilejs,bentilejs,bentil,bentil,NL
bentilejs,bentilejs,bentil,bentil,NL
bentilejs,bentilejs,bentil,bentil,NL
bentilejs,bentilejs,bentil,bentil,NL
bentilejs,bentilejs,bentil,bentil,NL
bentilejs,bentilejs,bentil,bentil,NL
bentilejs,bentilejs,bentil,bentil,NL
bentilejs,bentilejs,bentil,bentil,NL
bentilejs,bentilejs,bentil,bentil,NL
bentilejs,bentilejs,bentil,bentil,NL
bentilejs,bentilejs,bentil,bentil,NL
bentilejs,bentilejs,bentil,bentil,NL
bentilejs,bentilejs,bentil,bentil,NL
bentilejs,bentilejs,bentil,bentil,NL
bentilejs,bentilejs,bentil,bentil,NL
bentilejs,bentilejs,bentil,bentil,NL
bentilejs,bentilejs,bentil,bentil,NL
bentilejs,bentilejs,bentil,bentil,NL
bentilejs,bentilejs,bentil,bentil,NL
bentilejs,bentilejs,bentil,bentil,NL
bentilejs,bentilejs,bentil,bentil,NL
bentilejs,bentilejs,bentil,bentil,NL
bentilejs,bentilejs,bentil,bentil,NL
bentilejs,bentilejs,bentil,bentil,NL
bentilejs,bentilejs,bentil,bentil,NL
bentilejs,bentilejs,bentil,bentil,NL
bentilejs,bentilejs,bentil,bentil,NL
bentilejs,bentilejs,bentil,bentil,NL
bentilejs,bentilejs,bentil,bentil,NL
bentilejs,bentilejs,bentil,bentil,NL
bentilejs,bentilejs,bentil,bentil,NL
bentilejs,bentilejs,bentil,bentil,NL
bentilejs,bentilejs,bentil,bentil,NL
bentilejs,bentilejs,bentil,bentil,NL
bentilejs,bentilejs,bentil,bentil,NL
bentilejs,bentilejs,bentil,bentil,NL
bentilejs,bentilejs,bentil,bentil,NL
bentilejs,bentilejs,bentil,bentil,NL
bentilejs,bentilejs,bentil,bentil,NL
bentilejs,bentilejs,bentil,bentil,NL
bentilejs,bentilejs,bentil,bentil,NL
bentilejs,bentilejs,bentil,bentil,NL
bentilejs,bentilejs,bentil,bentil,NL
bentilejs,bentilejs,bentil,bentil,NL
bentilejs,bentilejs,bentil,bentil,NL
bentilejs,bentilejs,bentil,bentil,NL
bentilemos,bentilemos,bentil,bentil,NL
bentilemos,bentilemos,bentil,bentil,NL
bentilemos,bentilemos,bentil,bentil,NL
bentilemos,bentilemos,bentil,bentil,NL
bentilemos,bentilemos,bentil,bentil,NL
bentilemos,bentilemos,bentil,bentil,NL
bentilemos,bentilemos,bentil,bentil,NL
bentilemos,bentilemos,bentil,bentil,NL
bentilemos,bentilemos,bentil,bentil,NL
bentilemos,bentilemos,bentil,bentil,NL
bentilemos,bentilemos,bentil,bentil,NL
bentilemos,bentilemos,bentil,bentil,NL
bentilemos,bentilemos,bentil,bentil,NL
bentilemos,bentilemos,bentil,bentil,NL
bentilemos,bentilemos,bentil,bentil,NL
bentilemos,bentilemos,bentil,bentil,NL
bentilemos,bentilemos,bentil,bentil,NL
bentilemos,bentilemos,bentil,bentil,NL
bentilemos,bentilemos,bentil,bentil,NL
bentilemos,bentilemos,bentil,bentil,NL
bentilemos,bentilemos,bentil,bentil,NL
bentilemos,bentilemos,bentil,bentil,NL
bentilemos,bentilemos,bentil,bentil,NL
bentilemos,bentilemos,bentil,bentil,NL
bentilemos,bentilemos,bentil,bentil,NL
bentilemos,bentilemos,bentil,bentil,NL
bentilemos,bentilemos,bentil,bentil,NL
bentilemos,bentilemos,bentil,bentil,NL
bentilemos,bentilemos,bentil,bentil,NL
bentilemos,bentilemos,bentil,bentil,NL
bentilemos,bentilemos,bentil,bentil,NL
bentilemos,bentilemos,bentil,bentil,NL
bentilemos,bentilemos,bentil,bentil,NL
bentilemos,bentilemos,bentil,bentil,NL
bentilemos,bentilemos,bentil,bentil,NL
bentilemos,bentilemos,bentil,bentil,NL
bentilemos,bentilemos,bentil,bentil,NL
bentilemos,bentilemos,bentil,bentil,NL
bentilemos,bentilemos,bentil,bentil,NL
bentilemos,bentilemos,bentil,bentil,NL
bentilemos,bentilemos,bentil,bentil,NL
bentilemos,bentilemos,bentil,bentil,NL
bentilemos,bentilemos,bentil,bentil,NL
bentilemos,bentilemos,bentil,bentil,NL
bentilemos,bentilemos,bentil,bentil,NL
bentilemos,bentilemos,bentil,bentil,NL
bentilemos,bentilemos,bentil,bentil,NL
bentilemos,bentilemos,bentil,bentil,NL
bentilemos,bentilemos,bentil,bentil,NL
bentilemos,bentilemos,bentil,bentil,NL
bentilemos,bentilemos,bentil,bentil,NL
bentilemos,bentilemos,bentil,bentil,NL
bentilemos,bentilemos,bentil,bentil,NL
bentilemos,bentilemos,bentil,bentil,NL
bentilemos,bentilemos,bentil,bentil,NL
bentilen,bentilen,bentil,bentil,NL
bentilen,bentilen,bentil,bentil,NL
bentilen,bentilen,bentil,bentil,NL
bentilen,bentilen,bentil,bentil,NL
bentilen,bentilen,bentil,bentil,NL
bentilen,bentilen,bentil,bentil,NL
bentilen,bentilen,bentil,bentil,NL
bentilen,bentilen,bentil,bentil,NL
bentilen,bentilen,bentil,bentil,NL
bentilen,bentilen,bentil,bentil,NL
bentilen,bentilen,bentil,bentil,NL
bentilen,bentilen,bentil,bentil,NL
bentilen,bentilen,bentil,bentil,NL
bentilen,bentilen,bentil,bentil,NL
bentilen,bentilen,bentil,bentil,NL
bentilen,bentilen,bentil,bentil,NL
bentilen,bentilen,bentil,bentil,NL
bentilen,bentilen,bentil,bentil,NL
bentilen,bentilen,bentil,bentil,NL
bentilen,bentilen,bentil,bentil,NL
bentilen,bentilen,bentil,bentil,NL
bentilen,bentilen,bentil,bentil,NL
bentilen,bentilen,bentil,bentil,NL
bentilen,bentilen,bentil,bentil,NL
bentilen,bentilen,bentil,bentil,NL
bentilen,bentilen,bentil,bentil,NL
bentilen,bentilen,bentil,bentil,NL
bentilen,bentilen,bentil,bentil,NL
bentilen,bentilen,bentil,bentil,NL
bentilen,bentilen,bentil,bentil,NL
bentilen,bentilen,bentil,bentil,NL
bentilen,bentilen,bentil,bentil,NL
bentilen,bentilen,bentil,bentil,NL
bentilen,bentilen,bentil,bentil,NL
bentilen,bentilen,bentil,bentil,NL
bentilen,bentilen,bentil,bentil,NL
bentilen,bentilen,bentil,bentil,NL
bentilen,bentilen,bentil,bentil,NL
bentilen,bentilen,bentil,bentil,NL
bentilen,bentilen,bentil,bentil,NL
bentilen,bentilen,bentil,bentil,NL
bentilen,bentilen,bentil,bentil,NL
bentilen,bentilen,bentil,bentil,NL
bentilen,bentilen,bentil,bentil,NL
bentilen,bentilen,bentil,bentil,NL
bentilen,bentilen,bentil,bentil,NL
bentilen,bentilen,bentil,bentil,NL
bentilen,bentilen,bentil,bentil,NL
bentilen,bentilen,bentil,bentil,NL
bentilen,bentilen,bentil,bentil,NL
bentilen,bentilen,bentil,bentil,NL
bentilen,bentilen,bentil,bentil,NL
bentilen,bentilen,bentil,bentil,NL
bentilen,bentilen,bentil,bentil,NL
bentilen,bentilen,bentil,bentil,NL
bentiles,bentiles,bentil,bentil,NL
bentiles,bentiles,bentil,bentil,NL
bentiles,bentiles,bentil,bentil,NL
bentiles,bentiles,bentil,bentil,NL
bentiles,bentiles,bentil,bentil,NL
bentiles,bentiles,bentil,bentil,NL
bentiles,bentiles,bentil,bentil,NL
bentiles,bentiles,bentil,bentil,NL
bentiles,bentiles,bentil,bentil,NL
bentiles,bentiles,bentil,bentil,NL
bentiles,bentiles,bentil,bentil,NL
bentiles,bentiles,bentil,bentil,NL
bentiles,bentiles,bentil,bentil,NL
bentiles,bentiles,bentil,bentil,NL
bentiles,bentiles,bentil,bentil,NL
bentiles,bentiles,bentil,bentil,NL
bentiles,bentiles,bentil,bentil,NL
bentiles,bentiles,bentil,bentil,NL
bentiles,bentiles,bentil,bentil,NL
bentiles,bentiles,bentil,bentil,NL
bentiles,bentiles,bentil,bentil,NL
bentiles,bentiles,bentil,bentil,NL
bentiles,bentiles,bentil,bentil,NL
bentiles,bentiles,bentil,bentil,NL
bentiles,bentiles,bentil,bentil,NL
bentiles,bentiles,bentil,bentil,NL
bentiles,bentiles,bentil,bentil,NL
bentiles,bentiles,bentil,bentil,NL
bentiles,bentiles,bentil,bentil,NL
bentiles,bentiles,bentil,bentil,NL
bentiles,bentiles,bentil,bentil,NL
bentiles,bentiles,bentil,bentil,NL
bentiles,bentiles,bentil,bentil,NL
bentiles,bentiles,bentil,bentil,NL
bentiles,bentiles,bentil,bentil,NL
bentiles,bentiles,bentil,bentil,NL
bentiles,bentiles,bentil,bentil,NL
bentiles,bentiles,bentil,bentil,NL
bentiles,bentiles,bentil,bentil,NL
bentiles,bentiles,bentil,bentil,NL
bentiles,bentiles,bentil,bentil,NL
bentiles,bentiles,bentil,bentil,NL
bentiles,bentiles,bentil,bentil,NL
bentiles,bentiles,bentil,bentil,NL
bentiles,bentiles,bentil,bentil,NL
bentiles,bentiles,bentil,bentil,NL
bentiles,bentiles,bentil,bentil,NL
bentiles,bentiles,bentil,bentil,NL
bentiles,bentiles,bentil,bentil,NL
bentiles,bentiles,bentil,bentil,NL
bentiles,bentiles,bentil,bentil,NL
bentiles,bentiles,bentil,bentil,NL
bentiles,bentiles,bentil,bentil,NL
bentiles,bentiles,bentil,bentil,NL
bentiles,bentiles,bentil,bentil,NL
bentile,bentile,bentil,bentil,NL
bentile,bentile,bentil,bentil,NL
bentile,bentile,bentil,bentil,NL
bentile,bentile,bentil,bentil,NL
bentile,bentile,bentil,bentil,NL
bentile,bentile,bentil,bentil,NL
bentile,bentile,bentil,bentil,NL
bentile,bentile,bentil,bentil,NL
bentile,bentile,bentil,bentil,NL
bentile,bentile,bentil,bentil,NL
bentile,bentile,bentil,bentil,NL
bentile,bentile,bentil,bentil,NL
bentile,bentile,bentil,bentil,NL
bentile,bentile,bentil,bentil,NL
bentile,bentile,bentil,bentil,NL
bentile,bentile,bentil,bentil,NL
bentile,bentile,bentil,bentil,NL
bentile,bentile,bentil,bentil,NL
bentile,bentile,bentil,bentil,NL
bentile,bentile,bentil,bentil,NL
bentile,bentile,bentil,bentil,NL
bentile,bentile,bentil,bentil,NL
bentile,bentile,bentil,bentil,NL
bentile,bentile,bentil,bentil,NL
bentile,bentile,bentil,bentil,NL
bentile,bentile,bentil,bentil,NL
bentile,bentile,bentil,bentil,NL
bentile,bentile,bentil,bentil,NL
bentile,bentile,bentil,bentil,NL
bentile,bentile,bentil,bentil,NL
bentile,bentile,bentil,bentil,NL
bentile,bentile,bentil,bentil,NL
bentile,bentile,bentil,bentil,NL
bentile,bentile,bentil,bentil,NL
bentile,bentile,bentil,bentil,NL
bentile,bentile,bentil,bentil,NL
bentile,bentile,bentil,bentil,NL
bentile,bentile,bentil,bentil,NL
bentile,bentile,bentil,bentil,NL
bentile,bentile,bentil,bentil,NL
bentile,bentile,bentil,bentil,NL
bentile,bentile,bentil,bentil,NL
bentile,bentile,bentil,bentil,NL
bentile,bentile,bentil,bentil,NL
bentile,bentile,bentil,bentil,NL
bentile,bentile,bentil,bentil,NL
bentile,bentile,bentil,bentil,NL
bentile,bentile,bentil,bentil,NL
bentile,bentile,bentil,bentil,NL
bentile,bentile,bentil,bentil,NL
bentile,bentile,bentil,bentil,NL
bentile,bentile,bentil,bentil,NL
bentile,bentile,bentil,bentil,NL
bentile,bentile,bentil,bentil,NL
bentile,bentile,bentil,bentil,NL
bentile,bentile,bentil,bentil,NL
bentile,bentile,bentil,bentil,NL
bentile,bentile,bentil,bentil,NL
bentile,bentile,bentil,bentil,NL
bentile,bentile,bentil,bentil,NL
bentile,bentile,bentil,bentil,NL
bentile,bentile,bentil,bentil,NL
bentile,bentile,bentil,bentil,NL
bentile,bentile,bentil,bentil,NL
bentile,bentile,bentil,bentil,NL
bentile,bentile,bentil,bentil,NL
bentile,bentile,bentil,bentil,NL
bentile,bentile,bentil,bentil,NL
bentile,bentile,bentil,bentil,NL
bentile,bentile,bentil,bentil,NL
bentile,bentile,bentil,bentil,NL
bentile,bentile,bentil,bentil,NL
bentile,bentile,bentil,bentil,NL
bentile,bentile,bentil,bentil,NL
bentile,bentile,bentil,bentil,NL
bentile,bentile,bentil,bentil,NL
bentile,bentile,bentil,bentil,NL
bentile,bentile,bentil,bentil,NL
bentile,bentile,bentil,bentil,NL
bentile,bentile,bentil,bentil,NL
bentile,bentile,bentil,bentil,NL
bentile,bentile,bentil,bentil,NL
bentile,bentile,bentil,bentil,NL
bentile,bentile,bentil,bentil,NL
bentile,bentile,bentil,bentil,NL
bentile,bentile,bentil,bentil,NL
bentile,bentile,bentil,bentil,NL
bentile,bentile,bentil,bentil,NL
bentile,bentile,bentil,bentil,NL
bentile,bentile,bentil,bentil,NL
bentile,bentile,bentil,bentil,NL
bentile,bentile,bentil,bentil,NL
bentile,bentile,bentil,bentil,NL
bentile,bentile,bentil,bentil,NL
bentile,bentile,bentil,bentil,NL
bentile,bentile,bentil,bentil,NL
bentile,bentile,bentil,bentil,NL
bentile,bentile,bentil,bentil,NL
bentile,bentile,bentil,bentil,NL
bentile,bentile,bentil,bentil,NL
bentile,bentile,bentil,bentil,NL
bentile,bentile,bentil,bentil,NL
bentile,bentile,bentil,bentil,NL
bentile,bentile,bentil,bentil,NL
bentile,bentile,bentil,bentil,NL
bentile,bentile,bentil,bentil,NL
bentile,bentile,bentil,bentil,NL
bentile,bentile,bentil,bentil,NL
bentile,bentile,bentil,bentil,NL
bentile,bentile,bentil,bentil,NL
bentilo,bentilo,bentil,bentil,NL
bentilo,bentilo,bentil,bentil,NL
bentilo,bentilo,bentil,bentil,NL
bentilo,bentilo,bentil,bentil,NL
bentilo,bentilo,bentil,bentil,NL
bentilo,bentilo,bentil,bentil,NL
bentilo,bentilo,bentil,bentil,NL
bentilo,bentilo,bentil,bentil,NL
bentilo,bentilo,bentil,bentil,NL
bentilo,bentilo,bentil,bentil,NL
bentilo,bentilo,bentil,bentil,NL
bentilo,bentilo,bentil,bentil,NL
bentilo,bentilo,bentil,bentil,NL
bentilo,bentilo,bentil,bentil,NL
bentilo,bentilo,bentil,bentil,NL
bentilo,bentilo,bentil,bentil,NL
bentilo,bentilo,bentil,bentil,NL
bentilo,bentilo,bentil,bentil,NL
bentilo,bentilo,bentil,bentil,NL
bentilo,bentilo,bentil,bentil,NL
bentilo,bentilo,bentil,bentil,NL
bentilo,bentilo,bentil,bentil,NL
bentilo,bentilo,bentil,bentil,NL
bentilo,bentilo,bentil,bentil,NL
bentilo,bentilo,bentil,bentil,NL
bentilo,bentilo,bentil,bentil,NL
bentilo,bentilo,bentil,bentil,NL
bentilo,bentilo,bentil,bentil,NL
bentilo,bentilo,bentil,bentil,NL
bentilo,bentilo,bentil,bentil,NL
bentilo,bentilo,bentil,bentil,NL
bentilo,bentilo,bentil,bentil,NL
bentilo,bentilo,bentil,bentil,NL
bentilo,bentilo,bentil,bentil,NL
bentilo,bentilo,bentil,bentil,NL
bentilo,bentilo,bentil,bentil,NL
bentilo,bentilo,bentil,bentil,NL
bentilo,bentilo,bentil,bentil,NL
bentilo,bentilo,bentil,bentil,NL
bentilo,bentilo,bentil,bentil,NL
bentilo,bentilo,bentil,bentil,NL
bentilo,bentilo,bentil,bentil,NL
bentilo,bentilo,bentil,bentil,NL
bentilo,bentilo,bentil,bentil,NL
bentilo,bentilo,bentil,bentil,NL
bentilo,bentilo,bentil,bentil,NL
bentilo,bentilo,bentil,bentil,NL
bentilo,bentilo,bentil,bentil,NL
bentilo,bentilo,bentil,bentil,NL
bentilo,bentilo,bentil,bentil,NL
bentilo,bentilo,bentil,bentil,NL
bentilo,bentilo,bentil,bentil,NL
bentilo,bentilo,bentil,bentil,NL
bentilo,bentilo,bentil,bentil,NL
bentilo,bentilo,bentil,bentil,NL
kalmajs,kalmajs,kalm,kalm,NL
kalmajs,kalmajs,kalm,kalm,NL
kalmajs,kalmajs,kalm,kalm,NL
kalmajs,kalmajs,kalm,kalm,NL
kalmajs,kalmajs,kalm,kalm,NL
kalmajs,kalmajs,kalm,kalm,NL
kalmajs,kalmajs,kalm,kalm,NL
kalmajs,kalmajs,kalm,kalm,NL
kalmajs,kalmajs,kalm,kalm,NL
kalmajs,kalmajs,kalm,kalm,NL
kalmajs,kalajs,kal,kalm,NL
kalmajs,kalajs,kal,kalm,NL
kalmajs,kalajs,kal,kalm,NL
kalmajs,kalajs,kal,kalm,NL
kalmajs,kalajs,kal,kalm,NL
kalmajs,kalajs,kal,kalm,NL
kalmajs,kalajs,kal,kalm,NL
kalmajs,kalajs,kal,kalm,NL
kalmajs,kalajs,kal,kalm,NL
kalmajs,kalajs,kal,kalm,NL
kalmajs,kalajs,kal,kalm,NL
kalmajs,kalajs,kal,kalm,NL
kalmajs,kalajs,kal,kalm,NL
kalmajs,kalajs,kal,kalm,NL
kalmajs,kalajs,kal,kalm,NL
kalmajs,kalajs,kal,kalm,NL
kalmajs,kalajs,kal,kalm,NL
kalmajs,kalajs,kal,kalm,NL
kalmajs,kalajs,kal,kalm,NL
kalmajs,kalajs,kal,kalm,NL
kalmajs,kalajs,kal,kalm,NL
kalmajs,kalajs,kal,kalm,NL
kalmajs,kalajs,kal,kalm,NL
kalmajs,kalajs,kal,kalm,NL
kalmajs,kalmajs,kalm,kalm,NL
kalmajs,kalmajs,kalm,kalm,NL
kalmajs,kalmajs,kalm,kalm,NL
kalmajs,kalmajs,kalm,kalm,NL
kalmajs,kalmajs,kalm,kalm,NL
kalmajs,kalmajs,kalm,kalm,NL
kalmajs,kalmajs,kalm,kalm,NL
kalmajs,kalmajs,kalm,kalm,NL
kalmajs,kalmajs,kalm,kalm,NL
kalmajs,kalmajs,kalm,kalm,NL
kalmajs,kalmajs,kalm,kalm,NL
kalmajs,kalajs,kal,kalm,NL
kalmajs,kalajs,kal,kalm,NL
kalmajs,kalajs,kal,kalm,NL
kalmajs,kalajs,kal,kalm,NL
kalmajs,kalajs,kal,kalm,NL
kalmajs,kalajs,kal,kalm,NL
kalmajs,kalajs,kal,kalm,NL
kalmajs,kalajs,kal,kalm,NL
kalmajs,kalajs,kal,kalm,NL
kalmajs,kalajs,kal,kalm,NL
kalmamos,kalmamos,kalm,kalm,NL
kalmamos,kalmamos,kalm,kalm,NL
kalmamos,kalmamos,kalm,kalm,NL
kalmamos,kalmamos,kalm,kalm,NL
kalmamos,kalmamos,kalm,kalm,NL
kalmamos,kalmamos,kalm,kalm,NL
kalmamos,kalmamos,kalm,kalm,NL
kalmamos,kalmamos,kalm,kalm,NL
kalmamos,kalmamos,kalm,kalm,NL
kalmamos,kalmamos,kalm,kalm,NL
kalmamos,kalamos,kal,kalm,NL
kalmamos,kalamos,kal,kalm,NL
kalmamos,kalamos,kal,kalm,NL
kalmamos,kalamos,kal,kalm,NL
kalmamos,kalamos,kal,kalm,NL
kalmamos,kalamos,kal,kalm,NL
kalmamos,kalamos,kal,kalm,NL
kalmamos,kalamos,kal,kalm,NL
kalmamos,kalamos,kal,kalm,NL
kalmamos,kalamos,kal,kalm,NL
kalmamos,kalamos,kal,kalm,NL
kalmamos,kalamos,kal,kalm,NL
kalmamos,kalamos,kal,kalm,NL
kalmamos,kalamos,kal,kalm,NL
kalmamos,kalamos,kal,kalm,NL
kalmamos,kalamos,kal,kalm,NL
kalmamos,kalamos,kal,kalm,NL
kalmamos,kalamos,kal,kalm,NL
kalmamos,kalamos,kal,kalm,NL
kalmamos,kalamos,kal,kalm,NL
kalmamos,kalamos,kal,kalm,NL
kalmamos,kalamos,kal,kalm,NL
kalmamos,kalamos,kal,kalm,NL
kalmamos,kalamos,kal,kalm,NL
kalmamos,kalmamos,kalm,kalm,NL
kalmamos,kalmamos,kalm,kalm,NL
kalmamos,kalmamos,kalm,kalm,NL
kalmamos,kalmamos,kalm,kalm,NL
kalmamos,kalmamos,kalm,kalm,NL
kalmamos,kalmamos,kalm,kalm,NL
kalmamos,kalmamos,kalm,kalm,NL
kalmamos,kalmamos,kalm,kalm,NL
kalmamos,kalmamos,kalm,kalm,NL
kalmamos,kalmamos,kalm,kalm,NL
kalmamos,kalmamos,kalm,kalm,NL
kalmamos,kalamos,kal,kalm,NL
kalmamos,kalamos,kal,kalm,NL
kalmamos,kalamos,kal,kalm,NL
kalmamos,kalamos,kal,kalm,NL
kalmamos,kalamos,kal,kalm,NL
kalmamos,kalamos,kal,kalm,NL
kalmamos,kalamos,kal,kalm,NL
kalmamos,kalamos,kal,kalm,NL
kalmamos,kalamos,kal,kalm,NL
kalmamos,kalamos,kal,kalm,NL
kalman,kalman,kalm,kalm,NL
kalman,kalman,kalm,kalm,NL
kalman,kalman,kalm,kalm,NL
kalman,kalman,kalm,kalm,NL
kalman,kalman,kalm,kalm,NL
kalman,kalman,kalm,kalm,NL
kalman,kalman,kalm,kalm,NL
kalman,kalman,kalm,kalm,NL
kalman,kalman,kalm,kalm,NL
kalman,kalman,kalm,kalm,NL
kalman,kalman,kalm,kalm,NL
kalman,kalman,kalm,kalm,NL
kalman,kalman,kalm,kalm,NL
kalman,kalman,kalm,kalm,NL
kalman,kalman,kalm,kalm,NL
kalman,kalman,kalm,kalm,NL
kalman,kalman,kalm,kalm,NL
kalman,kalman,kalm,kalm,NL
kalman,kalman,kalm,kalm,NL
kalman,kalan,kal,kalm,NL
kalman,kalan,kal,kalm,NL
kalman,kalan,kal,kalm,NL
kalman,kalan,kal,kalm,NL
kalman,kalan,kal,kalm,NL
kalman,kalan,kal,kalm,NL
kalman,kalan,kal,kalm,NL
kalman,kalan,kal,kalm,NL
kalman,kalan,kal,kalm,NL
kalman,kalan,kal,kalm,NL
kalman,kalan,kal,kalm,NL
kalman,kalan,kal,kalm,NL
kalman,kalan,kal,kalm,NL
kalman,kalan,kal,kalm,NL
kalman,kalan,kal,kalm,NL
kalman,kalaman,kalam,kalm,NL
kalman,kalaman,kalam,kalm,NL
kalman,kalaman,kalam,kalm,NL
kalman,kalman,kalm,kalm,NL
kalman,kalaman,kalam,kalm,NL
kalman,kalman,kalm,kalm,NL
kalman,kalaman,kalam,kalm,NL
kalman,kalaman,kalam,kalm,NL
kalman,kalman,kalm,kalm,NL
kalman,kalman,kalm,kalm,NL
kalman,kalman,kalm,kalm,NL
kalman,kalman,kalm,kalm,NL
kalman,kalman,kalm,kalm,NL
kalman,kalman,kalm,kalm,NL
kalman,kalman,kalm,kalm,NL
kalman,kalman,kalm,kalm,NL
kalman,kalman,kalm,kalm,NL
kalman,kalman,kalm,kalm,NL
kalman,kalan,kal,kalm,NL
kalman,kalan,kal,kalm,NL
kalman,kalan,kal,kalm,NL
kalmas,kalmas,kalm,kalm,NL
kalmas,kalmas,kalm,kalm,NL
kalmas,kalmas,kalm,kalm,NL
kalmas,kalmas,kalm,kalm,NL
kalmas,kalmas,kalm,kalm,NL
kalmas,kalmas,kalm,kalm,NL
kalmas,kalmas,kalm,kalm,NL
kalmas,kalmas,kalm,kalm,NL
kalmas,kalmas,kalm,kalm,NL
kalmas,kalmas,kalm,kalm,NL
kalmas,kalmas,kalm,kalm,NL
kalmas,kalmas,kalm,kalm,NL
kalmas,kalmas,kalm,kalm,NL
kalmas,kalmas,kalm,kalm,NL
kalmas,kalmas,kalm,kalm,NL
kalmas,kalmas,kalm,kalm,NL
kalmas,kalmas,kalm,kalm,NL
kalmas,kalmas,kalm,kalm,NL
kalmas,kalmas,kalm,kalm,NL
kalmas,kalas,kal,kalm,NL
kalmas,kalas,kal,kalm,NL
kalmas,kalas,kal,kalm,NL
kalmas,kalas,kal,kalm,NL
kalmas,kalas,kal,kalm,NL
kalmas,kalas,kal,kalm,NL
kalmas,kalas,kal,kalm,NL
kalmas,kalas,kal,kalm,NL
kalmas,kalas,kal,kalm,NL
kalmas,kalas,kal,kalm,NL
kalmas,kalas,kal,kalm,NL
kalmas,kalas,kal,kalm,NL
kalmas,kalas,kal,kalm,NL
kalmas,kalas,kal,kalm,NL
kalmas,kalas,kal,kalm,NL
kalmas,kalmas,kalm,kalm,NL
kalmas,kalmas,kalm,kalm,NL
kalmas,kalmas,kalm,kalm,NL
kalmas,kalmas,kalm,kalm,NL
kalmas,kalmas,kalm,kalm,NL
kalmas,kalmas,kalm,kalm,NL
kalmas,kalmas,kalm,kalm,NL
kalmas,kalmas,kalm,kalm,NL
kalmas,kalmas,kalm,kalm,NL
kalmas,kalmas,kalm,kalm,NL
kalmas,kalmas,kalm,kalm,NL
kalmas,kalmas,kalm,kalm,NL
kalmas,kalmas,kalm,kalm,NL
kalmas,kalmas,kalm,kalm,NL
kalmas,kalmas,kalm,kalm,NL
kalmas,kalmas,kalm,kalm,NL
kalmas,kalmas,kalm,kalm,NL
kalmas,kalmas,kalm,kalm,NL
kalmas,kalas,kal,kalm,NL
kalmas,kalas,kal,kalm,NL
kalmas,kalas,kal,kalm,NL
kalma,kalama,kalam,kalm,NL
kalma,kalma,kalm,kalm,NL
kalma,kalma,kalm,kalm,NL
kalma,kalama,kalam,kalm,NL
kalma,kalama,kalam,kalm,NL
kalma,kalma,kalm,kalm,NL
kalma,kalma,kalm,kalm,NL
kalma,kalma,kalm,kalm,NL
kalma,kalma,kalm,kalm,NL
kalma,kalma,kalm,kalm,NL
kalma,kalma,kalm,kalm,NL
kalma,kalma,kalm,kalm,NL
kalma,kalama,kalam,kalm,NL
kalma,kalama,kalam,kalm,NL
kalma,kalma,kalm,kalm,NL
kalma,kalma,kalm,kalm,NL
kalma,kalma,kalm,kalm,NL
kalma,kalama,kalam,kalm,NL
kalma,kalma,kalm,kalm,NL
kalma,kala,kal,kalm,NL
kalma,kala,kal,kalm,NL
kalma,kala,kal,kalm,NL
kalma,kala,kal,kalm,NL
kalma,kala,kal,kalm,NL
kalma,kala,kal,kalm,NL
kalma,kala,kal,kalm,NL
kalma,kala,kal,kalm,NL
kalma,kala,kal,kalm,NL
kalma,kala,kal,kalm,NL
kalma,kala,kal,kalm,NL
kalma,kala,kal,kalm,NL
kalma,kala,kal,kalm,NL
kalma,kala,kal,kalm,NL
kalma,kala,kal,kalm,NL
kalma,kalma,kalm,kalm,NL
kalma,kalma,kalm,kalm,NL
kalma,kalma,kalm,kalm,NL
kalma,kalma,kalm,kalm,NL
kalma,kalma,kalm,kalm,NL
kalma,kalma,kalm,kalm,NL
kalma,kalma,kalm,kalm,NL
kalma,kalama,kalam,kalm,NL
kalma,kalma,kalm,kalm,NL
kalma,kalma,kalm,kalm,NL
kalma,kalma,kalm,kalm,NL
kalma,kalma,kalm,kalm,NL
kalma,kalma,kalm,kalm,NL
kalma,kalma,kalm,kalm,NL
kalma,kalma,kalm,kalm,NL
kalma,kalma,kalm,kalm,NL
kalma,kalma,kalm,kalm,NL
kalma,kalma,kalm,kalm,NL
kalma,kala,kal,kalm,NL
kalma,kala,kal,kalm,NL
kalma,kala,kal,kalm,NL
kalmejs,kalmejs,kalm,kalm,NL
kalmejs,kalmejs,kalm,kalm,NL
kalmejs,kalmejs,kalm,kalm,NL
kalmejs,kalmejs,kalm,kalm,NL
kalmejs,kalmejs,kalm,kalm,NL
kalmejs,kalmejs,kalm,kalm,NL
kalmejs,kalmejs,kalm,kalm,NL
kalmejs,kalmejs,kalm,kalm,NL
kalmejs,kalmejs,kalm,kalm,NL
kalmejs,kalmejs,kalm,kalm,NL
kalmejs,kalmejs,kalm,kalm,NL
kalmejs,kalmejs,kalm,kalm,NL
kalmejs,kalmejs,kalm,kalm,NL
kalmejs,kalmejs,kalm,kalm,NL
kalmejs,kalmejs,kalm,kalm,NL
kalmejs,kalmejs,kalm,kalm,NL
kalmejs,kalmejs,kalm,kalm,NL
kalmejs,kalmejs,kalm,kalm,NL
kalmejs,kalmejs,kalm,kalm,NL
kalmejs,kalejs,kal,kalm,NL
kalmejs,kalejs,kal,kalm,NL
kalmejs,kalejs,kal,kalm,NL
kalmejs,kalejs,kal,kalm,NL
kalmejs,kalejs,kal,kalm,NL
kalmejs,kalejs,kal,kalm,NL
kalmejs,kalejs,kal,kalm,NL
kalmejs,kalejs,kal,kalm,NL
kalmejs,kalejs,kal,kalm,NL
kalmejs,kalejs,kal,kalm,NL
kalmejs,kalejs,kal,kalm,NL
kalmejs,kalejs,kal,kalm,NL
kalmejs,kalejs,kal,kalm,NL
kalmejs,kalejs,kal,kalm,NL
kalmejs,kalejs,kal,kalm,NL
kalmejs,kalejs,kal,kalm,NL
kalmejs,kalejs,kal,kalm,NL
kalmejs,kalejs,kal,kalm,NL
kalmejs,kalejs,kal,kalm,NL
kalmejs,kalejs,kal,kalm,NL
kalmejs,kalejs,kal,kalm,NL
kalmejs,kalmejs,kalm,kalm,NL
kalmejs,kalmejs,kalm,kalm,NL
kalmejs,kalmejs,kalm,kalm,NL
kalmejs,kalmejs,kalm,kalm,NL
kalmejs,kalmejs,kalm,kalm,NL
kalmejs,kalejs,kal,kalm,NL
kalmejs,kalejs,kal,kalm,NL
kalmejs,kalejs,kal,kalm,NL
kalmejs,kalejs,kal,kalm,NL
kalmejs,kalejs,kal,kalm,NL
kalmejs,kalejs,kal,kalm,NL
kalmejs,kalejs,kal,kalm,NL
kalmejs,kalejs,kal,kalm,NL
kalmejs,kalejs,kal,kalm,NL
kalmejs,kalejs,kal,kalm,NL
kalmemos,kalmemos,kalm,kalm,NL
kalmemos,kalmemos,kalm,kalm,NL
kalmemos,kalmemos,kalm,kalm,NL
kalmemos,kalmemos,kalm,kalm,NL
kalmemos,kalmemos,kalm,kalm,NL
kalmemos,kalmemos,kalm,kalm,NL
kalmemos,kalmemos,kalm,kalm,NL
kalmemos,kalmemos,kalm,kalm,NL
kalmemos,kalmemos,kalm,kalm,NL
kalmemos,kalmemos,kalm,kalm,NL
kalmemos,kalmemos,kalm,kalm,NL
kalmemos,kalmemos,kalm,kalm,NL
kalmemos,kalmemos,kalm,kalm,NL
kalmemos,kalmemos,kalm,kalm,NL
kalmemos,kalmemos,kalm,kalm,NL
kalmemos,kalmemos,kalm,kalm,NL
kalmemos,kalmemos,kalm,kalm,NL
kalmemos,kalmemos,kalm,kalm,NL
kalmemos,kalmemos,kalm,kalm,NL
kalmemos,kalemos,kal,kalm,NL
kalmemos,kalemos,kal,kalm,NL
kalmemos,kalemos,kal,kalm,NL
kalmemos,kalemos,kal,kalm,NL
kalmemos,kalemos,kal,kalm,NL
kalmemos,kalemos,kal,kalm,NL
kalmemos,kalemos,kal,kalm,NL
kalmemos,kalemos,kal,kalm,NL
kalmemos,kalemos,kal,kalm,NL
kalmemos,kalemos,kal,kalm,NL
kalmemos,kalemos,kal,kalm,NL
kalmemos,kalemos,kal,kalm,NL
kalmemos,kalemos,kal,kalm,NL
kalmemos,kalemos,kal,kalm,NL
kalmemos,kalemos,kal,kalm,NL
kalmemos,kalemos,kal,kalm,NL
kalmemos,kalemos,kal,kalm,NL
kalmemos,kalemos,kal,kalm,NL
kalmemos,kalemos,kal,kalm,NL
kalmemos,kalemos,kal,kalm,NL
kalmemos,kalemos,kal,kalm,NL
kalmemos,kalmemos,kalm,kalm,NL
kalmemos,kalmemos,kalm,kalm,NL
kalmemos,kalmemos,kalm,kalm,NL
kalmemos,kalmemos,kalm,kalm,NL
kalmemos,kalmemos,kalm,kalm,NL
kalmemos,kalemos,kal,kalm,NL
kalmemos,kalemos,kal,kalm,NL
kalmemos,kalemos,kal,kalm,NL
kalmemos,kalemos,kal,kalm,NL
kalmemos,kalemos,kal,kalm,NL
kalmemos,kalemos,kal,kalm,NL
kalmemos,kalemos,kal,kalm,NL
kalmemos,kalemos,kal,kalm,NL
kalmemos,kalemos,kal,kalm,NL
kalmemos,kalemos,kal,kalm,NL
kalmen,kalaen,kala,kalm,NL
kalmen,kalmen,kalm,kalm,NL
kalmen,kalmen,kalm,kalm,NL
kalmen,kalamen,kalam,kalm,NL
kalmen,kalaen,kala,kalm,NL
kalmen,kalaen,kala,kalm,NL
kalmen,kalaen,kala,kalm,NL
kalmen,kalmen,kalm,kalm,NL
kalmen,kalaen,kala,kalm,NL
kalmen,kalmen,kalm,kalm,NL
kalmen,kalmen,kalm,kalm,NL
kalmen,kalaen,kala,kalm,NL
kalmen,kalamen,kalam,kalm,NL
kalmen,kalaen,kala,kalm,NL
kalmen,kalamen,kalam,kalm,NL
kalmen,kalaen,kala,kalm,NL
kalmen,kalmen,kalm,kalm,NL
kalmen,kalamen,kalam,kalm,NL
kalmen,kalmen,kalm,kalm,NL
kalmen,kalen,kal,kalm,NL
kalmen,kalen,kal,kalm,NL
kalmen,kalen,kal,kalm,NL
kalmen,kalen,kal,kalm,NL
kalmen,kalen,kal,kalm,NL
kalmen,kalen,kal,kalm,NL
kalmen,kalen,kal,kalm,NL
kalmen,kalen,kal,kalm,NL
kalmen,kalen,kal,kalm,NL
kalmen,kalen,kal,kalm,NL
kalmen,kalen,kal,kalm,NL
kalmen,kalen,kal,kalm,NL
kalmen,kalen,kal,kalm,NL
kalmen,kalen,kal,kalm,NL
kalmen,kalen,kal,kalm,NL
kalmen,kalen,kal,kalm,NL
kalmen,kalen,kal,kalm,NL
kalmen,kalen,kal,kalm,NL
kalmen,kalen,kal,kalm,NL
kalmen,kalen,kal,kalm,NL
kalmen,kalen,kal,kalm,NL
kalmen,kalamen,kalam,kalm,NL
kalmen,kalamen,kalam,kalm,NL
kalmen,kalamen,kalam,kalm,NL
kalmen,kalamen,kalam,kalm,NL
kalmen,kalamen,kalam,kalm,NL
kalmen,kalamen,kalam,kalm,NL
kalmen,kalamen,kalam,kalm,NL
kalmen,kalamen,kalam,kalm,NL
kalmen,kalamen,kalam,kalm,NL
kalmen,kalmen,kalm,kalm,NL
kalmen,kalmen,kalm,kalm,NL
kalmen,kalmen,kalm,kalm,NL
kalmen,kalen,kal,kalm,NL
kalmen,kalen,kal,kalm,NL
kalmen,kalen,kal,kalm,NL
kalmes,kalaes,kala,kalm,NL
kalmes,kalmes,kalm,kalm,NL
kalmes,kalmes,kalm,kalm,NL
kalmes,kalaes,kala,kalm,NL
kalmes,kalaes,kala,kalm,NL
kalmes,kalaes,kala,kalm,NL
kalmes,kalmes,kalm,kalm,NL
kalmes,kalmes,kalm,kalm,NL
kalmes,kalaes,kala,kalm,NL
kalmes,kalmes,kalm,kalm,NL
kalmes,kalmes,kalm,kalm,NL
kalmes,kalmes,kalm,kalm,NL
kalmes,kalaes,kala,kalm,NL
kalmes,kalaes,kala,kalm,NL
kalmes,kalaes,kala,kalm,NL
kalmes,kalmes,kalm,kalm,NL
kalmes,kalaes,kala,kalm,NL
kalmes,kalaes,kala,kalm,NL
kalmes,kalmes,kalm,kalm,NL
kalmes,kales,kal,kalm,NL
kalmes,kales,kal,kalm,NL
kalmes,kales,kal,kalm,NL
kalmes,kales,kal,kalm,NL
kalmes,kales,kal,kalm,NL
kalmes,kales,kal,kalm,NL
kalmes,kales,kal,kalm,NL
kalmes,kales,kal,kalm,NL
kalmes,kales,kal,kalm,NL
kalmes,kales,kal,kalm,NL
kalmes,kales,kal,kalm,NL
kalmes,kales,kal,kalm,NL
kalmes,kales,kal,kalm,NL
kalmes,kales,kal,kalm,NL
kalmes,kales,kal,kalm,NL
kalmes,kales,kal,kalm,NL
kalmes,kales,kal,kalm,NL
kalmes,kales,kal,kalm,NL
kalmes,kales,kal,kalm,NL
kalmes,kales,kal,kalm,NL
kalmes,kales,kal,kalm,NL
kalmes,kalames,kalam,kalm,NL
kalmes,kalames,kalam,kalm,NL
kalmes,kalames,kalam,kalm,NL
kalmes,kalames,kalam,kalm,NL
kalmes,kalames,kalam,kalm,NL
kalmes,kalames,kalam,kalm,NL
kalmes,kalames,kalam,kalm,NL
kalmes,kalames,kalam,kalm,NL
kalmes,kalmes,kalm,kalm,NL
kalmes,kalmes,kalm,kalm,NL
kalmes,kalmes,kalm,kalm,NL
kalmes,kales,kal,kalm,NL
kalmes,kales,kal,kalm,NL
kalmes,kales,kal,kalm,NL
kalmes,kales,kal,kalm,NL
kalme,kalame,kalam,kalm,NL
kalme,kalame,kalam,kalm,NL
kalme,kalame,kalam,kalm,NL
kalme,kalame,kalam,kalm,NL
kalme,kalame,kalam,kalm,NL
kalme,kalame,kalam,kalm,NL
kalme,kalame,kalam,kalm,NL
kalme,kalame,kalam,kalm,NL
kalme,kalame,kalam,kalm,NL
kalme,kalme,kalm,kalm,NL
kalme,kalame,kalam,kalm,NL
kalme,kalame,kalam,kalm,NL
kalme,kalame,kalam,kalm,NL
kalme,kalame,kalam,kalm,NL
kalme,kalame,kalam,kalm,NL
kalme,kalame,kalam,kalm,NL
kalme,kalame,kalam,kalm,NL
kalme,kalame,kalam,kalm,NL
kalme,kalame,kalam,kalm,NL
kalme,kale,kal,kalm,NL
kalme,kale,kal,kalm,NL
kalme,kale,kal,kalm,NL
kalme,kale,kal,kalm,NL
kalme,kale,kal,kalm,NL
kalme,kale,kal,kalm,NL
kalme,kale,kal,kalm,NL
kalme,kale,kal,kalm,NL
kalme,kale,kal,kalm,NL
kalme,kale,kal,kalm,NL
kalme,kale,kal,kalm,NL
kalme,kale,kal,kalm,NL
kalme,kale,kal,kalm,NL
kalme,kale,kal,kalm,NL
kalme,kale,kal,kalm,NL
kalme,kale,kal,kalm,NL
kalme,kale,kal,kalm,NL
kalme,kale,kal,kalm,NL
kalme,kale,kal,kalm,NL
kalme,kale,kal,kalm,NL
kalme,kale,kal,kalm,NL
kalme,kalame,kalam,kalm,NL
kalme,kalame,kalam,kalm,NL
kalme,kalame,kalam,kalm,NL
kalme,kalme,kalm,kalm,NL
kalme,kalme,kalm,kalm,NL
kalme,kalame,kalam,kalm,NL
kalme,kalame,kalam,kalm,NL
kalme,kalame,kalam,kalm,NL
kalme,kalme,kalm,kalm,NL
kalme,kalme,kalm,kalm,NL
kalme,kalme,kalm,kalm,NL
kalme,kalme,kalm,kalm,NL
kalme,kalme,kalm,kalm,NL
kalme,kalme,kalm,kalm,NL
kalme,kale,kal,kalm,NL
kalme,kalame,kalam,kalm,NL
kalme,kalame,kalam,kalm,NL
kalme,kalame,kalam,kalm,NL
kalme,kalame,kalam,kalm,NL
kalme,kalame,kalam,kalm,NL
kalme,kalame,kalam,kalm,NL
kalme,kalame,kalam,kalm,NL
kalme,kalame,kalam,kalm,NL
kalme,kalame,kalam,kalm,NL
kalme,kalme,kalm,kalm,NL
kalme,kalame,kalam,kalm,NL
kalme,kalame,kalam,kalm,NL
kalme,kalame,kalam,kalm,NL
kalme,kalame,kalam,kalm,NL
kalme,kalame,kalam,kalm,NL
kalme,kalame,kalam,kalm,NL
kalme,kalame,kalam,kalm,NL
kalme,kalame,kalam,kalm,NL
kalme,kalame,kalam,kalm,NL
kalme,kale,kal,kalm,NL
kalme,kale,kal,kalm,NL
kalme,kale,kal,kalm,NL
kalme,kale,kal,kalm,NL
kalme,kale,kal,kalm,NL
kalme,kale,kal,kalm,NL
kalme,kale,kal,kalm,NL
kalme,kale,kal,kalm,NL
kalme,kale,kal,kalm,NL
kalme,kale,kal,kalm,NL
kalme,kale,kal,kalm,NL
kalme,kale,kal,kalm,NL
kalme,kale,kal,kalm,NL
kalme,kale,kal,kalm,NL
kalme,kale,kal,kalm,NL
kalme,kale,kal,kalm,NL
kalme,kale,kal,kalm,NL
kalme,kale,kal,kalm,NL
kalme,kale,kal,kalm,NL
kalme,kale,kal,kalm,NL
kalme,kale,kal,kalm,NL
kalme,kalame,kalam,kalm,NL
kalme,kalame,kalam,kalm,NL
kalme,kalame,kalam,kalm,NL
kalme,kalme,kalm,kalm,NL
kalme,kalme,kalm,kalm,NL
kalme,kalame,kalam,kalm,NL
kalme,kalame,kalam,kalm,NL
kalme,kalame,kalam,kalm,NL
kalme,kalame,kalam,kalm,NL
kalme,kalme,kalm,kalm,NL
kalme,kalme,kalm,kalm,NL
kalme,kale,kal,kalm,NL
kalme,kalme,kalm,kalm,NL
kalme,kale,kal,kalm,NL
kalme,kale,kal,kalm,NL
kalmo,kalamo,kalam,kalm,NL
kalmo,kalmo,kalm,kalm,NL
kalmo,kalamo,kalam,kalm,NL
kalmo,kalamo,kalam,kalm,NL
kalmo,kalamo,kalam,kalm,NL
kalmo,kalamo,kalam,kalm,NL
kalmo,kalmo,kalm,kalm,NL
kalmo,kalamo,kalam,kalm,NL
kalmo,kalamo,kalam,kalm,NL
kalmo,kalamo,kalam,kalm,NL
kalmo,kalmo,kalm,kalm,NL
kalmo,kalmo,kalm,kalm,NL
kalmo,kalamo,kalam,kalm,NL
kalmo,kalamo,kalam,kalm,NL
kalmo,kalamo,kalam,kalm,NL
kalmo,kalamo,kalam,kalm,NL
kalmo,kalamo,kalam,kalm,NL
kalmo,kalamo,kalam,kalm,NL
kalmo,kalamo,kalam,kalm,NL
kalmo,kalo,kal,kalm,NL
kalmo,kalo,kal,kalm,NL
kalmo,kalo,kal,kalm,NL
kalmo,kalo,kal,kalm,NL
kalmo,kalo,kal,kalm,NL
kalmo,kalo,kal,kalm,NL
kalmo,kalo,kal,kalm,NL
kalmo,kalo,kal,kalm,NL
kalmo,kalo,kal,kalm,NL
kalmo,kalo,kal,kalm,NL
kalmo,kalo,kal,kalm,NL
kalmo,kalo,kal,kalm,NL
kalmo,kalo,kal,kalm,NL
kalmo,kalo,kal,kalm,NL
kalmo,kalo,kal,kalm,NL
kalmo,kalo,kal,kalm,NL
kalmo,kalo,kal,kalm,NL
kalmo,kalo,kal,kalm,NL
kalmo,kalo,kal,kalm,NL
kalmo,kalo,kal,kalm,NL
kalmo,kalo,kal,kalm,NL
kalmo,kalmo,kalm,kalm,NL
kalmo,kalamo,kalam,kalm,NL
kalmo,kalamo,kalam,kalm,NL
kalmo,kalmo,kalm,kalm,NL
kalmo,kalmo,kalm,kalm,NL
kalmo,kalamo,kalam,kalm,NL
kalmo,kalamo,kalam,kalm,NL
kalmo,kalamo,kalam,kalm,NL
kalmo,kalamo,kalam,kalm,NL
kalmo,kalmo,kalm,kalm,NL
kalmo,kalo,kal,kalm,NL
kalmo,kalmo,kalm,kalm,NL
kalmo,kalmo,kalm,kalm,NL
kalmo,kalmo,kalm,kalm,NL
kalmo,kalo,kal,kalm,NL
kontemplajs,kontemplajs,kontempl,kontempl,NL
kontemplajs,kontemplajs,kontempl,kontempl,NL
kontemplajs,kontemplajs,kontempl,kontempl,NL
kontemplajs,kontemplajs,kontempl,kontempl,NL
kontemplajs,kontemplajs,kontempl,kontempl,NL
kontemplajs,kontemplajs,kontempl,kontempl,NL
kontemplajs,kontemplajs,kontempl,kontempl,NL
kontemplajs,kontemplajs,kontempl,kontempl,NL
kontemplajs,kontemplajs,kontempl,kontempl,NL
kontemplajs,kontemplajs,kontempl,kontempl,NL
kontemplajs,kontemplajs,kontempl,kontempl,NL
kontemplajs,kontemplajs,kontempl,kontempl,NL
kontemplajs,kontemplajs,kontempl,kontempl,NL
kontemplajs,kontemplajs,kontempl,kontempl,NL
kontemplajs,kontemplajs,kontempl,kontempl,NL
kontemplajs,kontemplajs,kontempl,kontempl,NL
kontemplajs,kontemplajs,kontempl,kontempl,NL
kontemplajs,kontemplajs,kontempl,kontempl,NL
kontemplajs,kontemplajs,kontempl,kontempl,NL
kontemplajs,kontemplajs,kontempl,kontempl,NL
kontemplajs,kontemplajs,kontempl,kontempl,NL
kontemplajs,kontemplajs,kontempl,kontempl,NL
kontemplajs,kontemplajs,kontempl,kontempl,NL
kontemplajs,kontemplajs,kontempl,kontempl,NL
kontemplajs,kontemplajs,kontempl,kontempl,NL
kontemplajs,kontemplajs,kontempl,kontempl,NL
kontemplajs,kontemplajs,kontempl,kontempl,NL
kontemplajs,kontemplajs,kontempl,kontempl,NL
kontemplajs,kontemplajs,kontempl,kontempl,NL
kontemplajs,kontemplajs,kontempl,kontempl,NL
kontemplajs,kontemplajs,kontempl,kontempl,NL
kontemplajs,kontemplajs,kontempl,kontempl,NL
kontemplajs,kontemplajs,kontempl,kontempl,NL
kontemplajs,kontemplajs,kontempl,kontempl,NL
kontemplajs,kontemplajs,kontempl,kontempl,NL
kontemplajs,kontemplajs,kontempl,kontempl,NL
kontemplajs,kontemplajs,kontempl,kontempl,NL
kontemplajs,kontemplajs,kontempl,kontempl,NL
kontemplajs,kontemplajs,kontempl,kontempl,NL
kontemplajs,kontemplajs,kontempl,kontempl,NL
kontemplajs,kontemplajs,kontempl,kontempl,NL
kontemplajs,kontemplajs,kontempl,kontempl,NL
kontemplajs,kontemplajs,kontempl,kontempl,NL
kontemplajs,kontemplajs,kontempl,kontempl,NL
kontemplajs,kontemplajs,kontempl,kontempl,NL
kontemplajs,kontemplajs,kontempl,kontempl,NL
kontemplajs,kontemplajs,kontempl,kontempl,NL
kontemplajs,kontemplajs,kontempl,kontempl,NL
kontemplajs,kontemplajs,kontempl,kontempl,NL
kontemplajs,kontemplajs,kontempl,kontempl,NL
kontemplajs,kontemplajs,kontempl,kontempl,NL
kontemplajs,kontemplajs,kontempl,kontempl,NL
kontemplajs,kontemplajs,kontempl,kontempl,NL
kontemplajs,kontemplajs,kontempl,kontempl,NL
kontemplajs,kontemplajs,kontempl,kontempl,NL
kontemplamos,kontemplamos,kontempl,kontempl,NL
kontemplamos,kontemplamos,kontempl,kontempl,NL
kontemplamos,kontemplamos,kontempl,kontempl,NL
kontemplamos,kontemplamos,kontempl,kontempl,NL
kontemplamos,kontemplamos,kontempl,kontempl,NL
kontemplamos,kontemplamos,kontempl,kontempl,NL
kontemplamos,kontemplamos,kontempl,kontempl,NL
kontemplamos,kontemplamos,kontempl,kontempl,NL
kontemplamos,kontemplamos,kontempl,kontempl,NL
kontemplamos,kontemplamos,kontempl,kontempl,NL
kontemplamos,kontemplamos,kontempl,kontempl,NL
kontemplamos,kontemplamos,kontempl,kontempl,NL
kontemplamos,kontemplamos,kontempl,kontempl,NL
kontemplamos,kontemplamos,kontempl,kontempl,NL
kontemplamos,kontemplamos,kontempl,kontempl,NL
kontemplamos,kontemplamos,kontempl,kontempl,NL
kontemplamos,kontemplamos,kontempl,kontempl,NL
kontemplamos,kontemplamos,kontempl,kontempl,NL
kontemplamos,kontemplamos,kontempl,kontempl,NL
kontemplamos,kontemplamos,kontempl,kontempl,NL
kontemplamos,kontemplamos,kontempl,kontempl,NL
kontemplamos,kontemplamos,kontempl,kontempl,NL
kontemplamos,kontemplamos,kontempl,kontempl,NL
kontemplamos,kontemplamos,kontempl,kontempl,NL
kontemplamos,kontemplamos,kontempl,kontempl,NL
kontemplamos,kontemplamos,kontempl,kontempl,NL
kontemplamos,kontemplamos,kontempl,kontempl,NL
kontemplamos,kontemplamos,kontempl,kontempl,NL
kontemplamos,kontemplamos,kontempl,kontempl,NL
kontemplamos,kontemplamos,kontempl,kontempl,NL
kontemplamos,kontemplamos,kontempl,kontempl,NL
kontemplamos,kontemplamos,kontempl,kontempl,NL
kontemplamos,kontemplamos,kontempl,kontempl,NL
kontemplamos,kontemplamos,kontempl,kontempl,NL
kontemplamos,kontemplelamos,kontemplel,kontempl,NL
kontemplamos,kontemplamos,kontempl,kontempl,NL
kontemplamos,kontemplamos,kontempl,kontempl,NL
kontemplamos,kontemplamos,kontempl,kontempl,NL
kontemplamos,kontemplamos,kontempl,kontempl,NL
kontemplamos,kontemplamos,kontempl,kontempl,NL
kontemplamos,kontemplamos,kontempl,kontempl,NL
kontemplamos,kontemplamos,kontempl,kontempl,NL
kontemplamos,kontemplamos,kontempl,kontempl,NL
kontemplamos,kontemplamos,kontempl,kontempl,NL
kontemplamos,kontemplamos,kontempl,kontempl,NL
kontemplamos,kontemplamos,kontempl,kontempl,NL
kontemplamos,kontemplamos,kontempl,kontempl,NL
kontemplamos,kontemplamos,kontempl,kontempl,NL
kontemplamos,kontemplamos,kontempl,kontempl,NL
kontemplamos,kontemplamos,kontempl,kontempl,NL
kontemplamos,kontemplamos,kontempl,kontempl,NL
kontemplamos,kontemplamos,kontempl,kontempl,NL
kontemplamos,kontemplamos,kontempl,kontempl,NL
kontemplamos,kontemplamos,kontempl,kontempl,NL
kontemplamos,kontemplamos,kontempl,kontempl,NL
kontemplan,kontempelan,kontempel,kontempl,NL
kontemplan,kontempelan,kontempel,kontempl,NL
kontemplan,kontempelan,kontempel,kontempl,NL
kontemplan,kontempelan,kontempel,kontempl,NL
kontemplan,kontempelan,kontempel,kontempl,NL
kontemplan,kontempelan,kontempel,kontempl,NL
kontemplan,kontempelan,kontempel,kontempl,NL
kontemplan,kontempelan,kontempel,kontempl,NL
kontemplan,kontempelan,kontempel,kontempl,NL
kontemplan,kontempelan,kontempel,kontempl,NL
kontemplan,kontempelan,kontempel,kontempl,NL
kontemplan,kontempelan,kontempel,kontempl,NL
kontemplan,kontempelan,kontempel,kontempl,NL
kontemplan,kontempelan,kontempel,kontempl,NL
kontemplan,kontempelan,kontempel,kontempl,NL
kontemplan,kontempelan,kontempel,kontempl,NL
kontemplan,kontempelan,kontempel,kontempl,NL
kontemplan,kontempelan,kontempel,kontempl,NL
kontemplan,kontempelan,kontempel,kontempl,NL
kontemplan,kontemplan,kontempl,kontempl,NL
kontemplan,kontemplan,kontempl,kontempl,NL
kontemplan,kontemplan,kontempl,kontempl,NL
kontemplan,kontemplan,kontempl,kontempl,NL
kontemplan,kontemplan,kontempl,kontempl,NL
kontemplan,kontemplan,kontempl,kontempl,NL
kontemplan,kontemplan,kontempl,kontempl,NL
kontemplan,kontemplan,kontempl,kontempl,NL
kontemplan,kontemplan,kontempl,kontempl,NL
kontemplan,kontemplan,kontempl,kontempl,NL
kontemplan,kontemplan,kontempl,kontempl,NL
kontemplan,kontemplan,kontempl,kontempl,NL
kontemplan,kontemplan,kontempl,kontempl,NL
kontemplan,kontemplan,kontempl,kontempl,NL
kontemplan,kontemplan,kontempl,kontempl,NL
kontemplan,kontemplean,kontemple,kontempl,NL
kontemplan,kontempelan,kontempel,kontempl,NL
kontemplan,kontempelan,kontempel,kontempl,NL
kontemplan,kontempelan,kontempel,kontempl,NL
kontemplan,kontempelan,kontempel,kontempl,NL
kontemplan,kontemplan,kontempl,kontempl,NL
kontemplan,kontempelan,kontempel,kontempl,NL
kontemplan,kontempelan,kontempel,kontempl,NL
kontemplan,kontempelan,kontempel,kontempl,NL
kontemplan,kontempelan,kontempel,kontempl,NL
kontemplan,kontemplan,kontempl,kontempl,NL
kontemplan,kontemplan,kontempl,kontempl,NL
kontemplan,kontemplan,kontempl,kontempl,NL
kontemplan,kontemplan,kontempl,kontempl,NL
kontemplan,kontemplan,kontempl,kontempl,NL
kontemplan,kontemplan,kontempl,kontempl,NL
kontemplan,kontemplan,kontempl,kontempl,NL
kontemplan,kontemplan,kontempl,kontempl,NL
kontemplan,kontemplan,kontempl,kontempl,NL
kontemplan,kontemplan,kontempl,kontempl,NL
kontemplan,kontemplan,kontempl,kontempl,NL
kontemplas,kontempelas,kontempel,kontempl,NL
kontemplas,kontempelas,kontempel,kontempl,NL
kontemplas,kontempelas,kontempel,kontempl,NL
kontemplas,kontempelas,kontempel,kontempl,NL
kontemplas,kontempelas,kontempel,kontempl,NL
kontemplas,kontempelas,kontempel,kontempl,NL
kontemplas,kontempelas,kontempel,kontempl,NL
kontemplas,kontempelas,kontempel,kontempl,NL
kontemplas,kontempelas,kontempel,kontempl,NL
kontemplas,kontempelas,kontempel,kontempl,NL
kontemplas,kontempelas,kontempel,kontempl,NL
kontemplas,kontempelas,kontempel,kontempl,NL
kontemplas,kontempelas,kontempel,kontempl,NL
kontemplas,kontempelas,kontempel,kontempl,NL
kontemplas,kontempelas,kontempel,kontempl,NL
kontemplas,kontempelas,kontempel,kontempl,NL
kontemplas,kontempelas,kontempel,kontempl,NL
kontemplas,kontempelas,kontempel,kontempl,NL
kontemplas,kontempelas,kontempel,kontempl,NL
kontemplas,kontemplas,kontempl,kontempl,NL
kontemplas,kontemplas,kontempl,kontempl,NL
kontemplas,kontemplas,kontempl,kontempl,NL
kontemplas,kontemplas,kontempl,kontempl,NL
kontemplas,kontemplas,kontempl,kontempl,NL
kontemplas,kontemplas,kontempl,kontempl,NL
kontemplas,kontemplas,kontempl,kontempl,NL
kontemplas,kontemplas,kontempl,kontempl,NL
kontemplas,kontemplas,kontempl,kontempl,NL
kontemplas,kontemplas,kontempl,kontempl,NL
kontemplas,kontemplas,kontempl,kontempl,NL
kontemplas,kontemplas,kontempl,kontempl,NL
kontemplas,kontemplas,kontempl,kontempl,NL
kontemplas,kontemplas,kontempl,kontempl,NL
kontemplas,kontemplas,kontempl,kontempl,NL
kontemplas,kontempelas,kontempel,kontempl,NL
kontemplas,kontempelas,kontempel,kontempl,NL
kontemplas,kontempelas,kontempel,kontempl,NL
kontemplas,kontempelas,kontempel,kontempl,NL
kontemplas,kontempelas,kontempel,kontempl,NL
kontemplas,kontemplas,kontempl,kontempl,NL
kontemplas,kontempelas,kontempel,kontempl,NL
kontemplas,kontempelas,kontempel,kontempl,NL
kontemplas,kontempelas,kontempel,kontempl,NL
kontemplas,kontempelas,kontempel,kontempl,NL
kontemplas,kontempelas,kontempel,kontempl,NL
kontemplas,kontemplas,kontempl,kontempl,NL
kontemplas,kontemplas,kontempl,kontempl,NL
kontemplas,kontemplas,kontempl,kontempl,NL
kontemplas,kontemplas,kontempl,kontempl,NL
kontemplas,kontemplas,kontempl,kontempl,NL
kontemplas,kontemplas,kontempl,kontempl,NL
kontemplas,kontemplas,kontempl,kontempl,NL
kontemplas,kontemplas,kontempl,kontempl,NL
kontemplas,kontemplas,kontempl,kontempl,NL
kontemplas,kontemplas,kontempl,kontempl,NL
kontempla,kontempela,kontempel,kontempl,NL
kontempla,kontempela,kontempel,kontempl,NL
kontempla,kontempela,kontempel,kontempl,NL
kontempla,kontempela,kontempel,kontempl,NL
kontempla,kontempela,kontempel,kontempl,NL
kontempla,kontempela,kontempel,kontempl,NL
kontempla,kontempela,kontempel,kontempl,NL
kontempla,kontempela,kontempel,kontempl,NL
kontempla,kontempela,kontempel,kontempl,NL
kontempla,kontempela,kontempel,kontempl,NL
kontempla,kontempela,kontempel,kontempl,NL
kontempla,kontempela,kontempel,kontempl,NL
kontempla,kontempela,kontempel,kontempl,NL
kontempla,kontempela,kontempel,kontempl,NL
kontempla,kontempela,kontempel,kontempl,NL
kontempla,kontempela,kontempel,kontempl,NL
kontempla,kontempela,kontempel,kontempl,NL
kontempla,kontempela,kontempel,kontempl,NL
kontempla,kontempela,kontempel,kontempl,NL
kontempla,kontempla,kontempl,kontempl,NL
kontempla,kontempla,kontempl,kontempl,NL
kontempla,kontempla,kontempl,kontempl,NL
kontempla,kontempla,kontempl,kontempl,NL
kontempla,kontempla,kontempl,kontempl,NL
kontempla,kontempla,kontempl,kontempl,NL
kontempla,kontempla,kontempl,kontempl,NL
kontempla,kontempla,kontempl,kontempl,NL
kontempla,kontempla,kontempl,kontempl,NL
kontempla,kontempla,kontempl,kontempl,NL
kontempla,kontempla,kontempl,kontempl,NL
kontempla,kontempla,kontempl,kontempl,NL
kontempla,kontempla,kontempl,kontempl,NL
kontempla,kontempla,kontempl,kontempl,NL
kontempla,kontempla,kontempl,kontempl,NL
kontempla,kontempela,kontempel,kontempl,NL
kontempla,kontempela,kontempel,kontempl,NL
kontempla,kontempela,kontempel,kontempl,NL
kontempla,kontempela,kontempel,kontempl,NL
kontempla,kontempela,kontempel,kontempl,NL
kontempla,kontempla,kontempl,kontempl,NL
kontempla,kontempela,kontempel,kontempl,NL
kontempla,kontempela,kontempel,kontempl,NL
kontempla,kontempela,kontempel,kontempl,NL
kontempla,kontempela,kontempel,kontempl,NL
kontempla,kontempela,kontempel,kontempl,NL
kontempla,kontempla,kontempl,kontempl,NL
kontempla,kontempla,kontempl,kontempl,NL
kontempla,kontempla,kontempl,kontempl,NL
kontempla,kontempla,kontempl,kontempl,NL
kontempla,kontempla,kontempl,kontempl,NL
kontempla,kontempla,kontempl,kontempl,NL
kontempla,kontempla,kontempl,kontempl,NL
kontempla,kontempla,kontempl,kontempl,NL
kontempla,kontempla,kontempl,kontempl,NL
kontempla,kontempla,kontempl,kontempl,NL
kontemplejs,kontemplejs,kontempl,kontempl,NL
kontemplejs,kontemplejs,kontempl,kontempl,NL
kontemplejs,kontemplejs,kontempl,kontempl,NL
kontemplejs,kontemplejs,kontempl,kontempl,NL
kontemplejs,kontemplejs,kontempl,kontempl,NL
kontemplejs,kontemplejs,kontempl,kontempl,NL
kontemplejs,kontemplejs,kontempl,kontempl,NL
kontemplejs,kontemplejs,kontempl,kontempl,NL
kontemplejs,kontemplejs,kontempl,kontempl,NL
kontemplejs,kontemplejs,kontempl,kontempl,NL
kontemplejs,kontemplejs,kontempl,kontempl,NL
kontemplejs,kontemplejs,kontempl,kontempl,NL
kontemplejs,kontemplejs,kontempl,kontempl,NL
kontemplejs,kontemplejs,kontempl,kontempl,NL
kontemplejs,kontemplejs,kontempl,kontempl,NL
kontemplejs,kontemplejs,kontempl,kontempl,NL
kontemplejs,kontemplejs,kontempl,kontempl,NL
kontemplejs,kontemplejs,kontempl,kontempl,NL
kontemplejs,kontemplejs,kontempl,kontempl,NL
kontemplejs,kontemplejs,kontempl,kontempl,NL
kontemplejs,kontemplejs,kontempl,kontempl,NL
kontemplejs,kontemplejs,kontempl,kontempl,NL
kontemplejs,kontemplejs,kontempl,kontempl,NL
kontemplejs,kontemplejs,kontempl,kontempl,NL
kontemplejs,kontemplejs,kontempl,kontempl,NL
kontemplejs,kontemplejs,kontempl,kontempl,NL
kontemplejs,kontemplejs,kontempl,kontempl,NL
kontemplejs,kontemplejs,kontempl,kontempl,NL
kontemplejs,kontemplejs,kontempl,kontempl,NL
kontemplejs,kontemplejs,kontempl,kontempl,NL
kontemplejs,kontemplejs,kontempl,kontempl,NL
kontemplejs,kontemplejs,kontempl,kontempl,NL
kontemplejs,kontemplejs,kontempl,kontempl,NL
kontemplejs,kontemplejs,kontempl,kontempl,NL
kontemplejs,kontemplejs,kontempl,kontempl,NL
kontemplejs,kontemplejs,kontempl,kontempl,NL
kontemplejs,kontemplejs,kontempl,kontempl,NL
kontemplejs,kontemplejs,kontempl,kontempl,NL
kontemplejs,kontemplejs,kontempl,kontempl,NL
kontemplejs,kontemplejs,kontempl,kontempl,NL
kontemplejs,kontemplejs,kontempl,kontempl,NL
kontemplejs,kontemplejs,kontempl,kontempl,NL
kontemplejs,kontemplejs,kontempl,kontempl,NL
kontemplejs,kontemplejs,kontempl,kontempl,NL
kontemplejs,kontemplejs,kontempl,kontempl,NL
kontemplejs,kontemplejs,kontempl,kontempl,NL
kontemplejs,kontemplejs,kontempl,kontempl,NL
kontemplejs,kontemplejs,kontempl,kontempl,NL
kontemplejs,kontemplejs,kontempl,kontempl,NL
kontemplejs,kontemplejs,kontempl,kontempl,NL
kontemplejs,kontemplejs,kontempl,kontempl,NL
kontemplejs,kontemplejs,kontempl,kontempl,NL
kontemplejs,kontemplejs,kontempl,kontempl,NL
kontemplejs,kontemplejs,kontempl,kontempl,NL
kontemplejs,kontemplejs,kontempl,kontempl,NL
kontemplemos,kontemplemos,kontempl,kontempl,NL
kontemplemos,kontemplemos,kontempl,kontempl,NL
kontemplemos,kontemplemos,kontempl,kontempl,NL
kontemplemos,kontemplemos,kontempl,kontempl,NL
kontemplemos,kontemplemos,kontempl,kontempl,NL
kontemplemos,kontemplemos,kontempl,kontempl,NL
kontemplemos,kontemplemos,kontempl,kontempl,NL
kontemplemos,kontemplemos,kontempl,kontempl,NL
kontemplemos,kontemplemos,kontempl,kontempl,NL
kontemplemos,kontemplemos,kontempl,kontempl,NL
kontemplemos,kontemplemos,kontempl,kontempl,NL
kontemplemos,kontemplemos,kontempl,kontempl,NL
kontemplemos,kontemplemos,kontempl,kontempl,NL
kontemplemos,kontemplemos,kontempl,kontempl,NL
kontemplemos,kontemplemos,kontempl,kontempl,NL
kontemplemos,kontemplemos,kontempl,kontempl,NL
kontemplemos,kontemplemos,kontempl,kontempl,NL
kontemplemos,kontemplemos,kontempl,kontempl,NL
kontemplemos,kontemplemos,kontempl,kontempl,NL
kontemplemos,kontemplemos,kontempl,kontempl,NL
kontemplemos,kontemplemos,kontempl,kontempl,NL
kontemplemos,kontemplemos,kontempl,kontempl,NL
kontemplemos,kontemplemos,kontempl,kontempl,NL
kontemplemos,kontemplemos,kontempl,kontempl,NL
kontemplemos,kontemplemos,kontempl,kontempl,NL
kontemplemos,kontemplemos,kontempl,kontempl,NL
kontemplemos,kontemplemos,kontempl,kontempl,NL
kontemplemos,kontemplemos,kontempl,kontempl,NL
kontemplemos,kontemplemos,kontempl,kontempl,NL
kontemplemos,kontemplemos,kontempl,kontempl,NL
kontemplemos,kontemplemos,kontempl,kontempl,NL
kontemplemos,kontemplemos,kontempl,kontempl,NL
kontemplemos,kontemplemos,kontempl,kontempl,NL
kontemplemos,kontemplemos,kontempl,kontempl,NL
kontemplemos,kontemplemos,kontempl,kontempl,NL
kontemplemos,kontemplemos,kontempl,kontempl,NL
kontemplemos,kontemplemos,kontempl,kontempl,NL
kontemplemos,kontemplemos,kontempl,kontempl,NL
kontemplemos,kontemplemos,kontempl,kontempl,NL
kontemplemos,kontemplemos,kontempl,kontempl,NL
kontemplemos,kontemplemos,kontempl,kontempl,NL
kontemplemos,kontemplemos,kontempl,kontempl,NL
kontemplemos,kontemplemos,kontempl,kontempl,NL
kontemplemos,kontemplemos,kontempl,kontempl,NL
kontemplemos,kontemplemos,kontempl,kontempl,NL
kontemplemos,kontemplemos,kontempl,kontempl,NL
kontemplemos,kontemplemos,kontempl,kontempl,NL
kontemplemos,kontemplemos,kontempl,kontempl,NL
kontemplemos,kontemplemos,kontempl,kontempl,NL
kontemplemos,kontemplemos,kontempl,kontempl,NL
kontemplemos,kontemplemos,kontempl,kontempl,NL
kontemplemos,kontemplemos,kontempl,kontempl,NL
kontemplemos,kontemplemos,kontempl,kontempl,NL
kontemplemos,kontemplemos,kontempl,kontempl,NL
kontemplemos,kontemplemos,kontempl,kontempl,NL
kontemplen,kontempelen,kontempel,kontempl,NL
kontemplen,kontempelen,kontempel,kontempl,NL
kontemplen,kontempelen,kontempel,kontempl,NL
kontemplen,kontempelen,kontempel,kontempl,NL
kontemplen,kontempelen,kontempel,kontempl,NL
kontemplen,kontempelen,kontempel,kontempl,NL
kontemplen,kontempelen,kontempel,kontempl,NL
kontemplen,kontempelen,kontempel,kontempl,NL
kontemplen,kontempelen,kontempel,kontempl,NL
kontemplen,kontempelen,kontempel,kontempl,NL
kontemplen,kontempelen,kontempel,kontempl,NL
kontemplen,kontempelen,kontempel,kontempl,NL
kontemplen,kontempelen,kontempel,kontempl,NL
kontemplen,kontempelen,kontempel,kontempl,NL
kontemplen,kontemplelen,kontemplel,kontempl,NL
kontemplen,kontempelen,kontempel,kontempl,NL
kontemplen,kontempelen,kontempel,kontempl,NL
kontemplen,kontempelen,kontempel,kontempl,NL
kontemplen,kontempelen,kontempel,kontempl,NL
kontemplen,kontemplen,kontempl,kontempl,NL
kontemplen,kontemplen,kontempl,kontempl,NL
kontemplen,kontemplen,kontempl,kontempl,NL
kontemplen,kontemplen,kontempl,kontempl,NL
kontemplen,kontemplen,kontempl,kontempl,NL
kontemplen,kontemplen,kontempl,kontempl,NL
kontemplen,kontemplen,kontempl,kontempl,NL
kontemplen,kontemplen,kontempl,kontempl,NL
kontemplen,kontemplen,kontempl,kontempl,NL
kontemplen,kontemplen,kontempl,kontempl,NL
kontemplen,kontemplen,kontempl,kontempl,NL
kontemplen,kontemplen,kontempl,kontempl,NL
kontemplen,kontemplen,kontempl,kontempl,NL
kontemplen,kontemplen,kontempl,kontempl,NL
kontemplen,kontemplen,kontempl,kontempl,NL
kontemplen,kontemplen,kontempl,kontempl,NL
kontemplen,kontemplen,kontempl,kontempl,NL
kontemplen,kontemplen,kontempl,kontempl,NL
kontemplen,kontemplen,kontempl,kontempl,NL
kontemplen,kontemplen,kontempl,kontempl,NL
kontemplen,kontemplen,kontempl,kontempl,NL
kontemplen,kontemplelen,kontemplel,kontempl,NL
kontemplen,kontempelen,kontempel,kontempl,NL
kontemplen,kontempelen,kontempel,kontempl,NL
kontemplen,kontempelen,kontempel,kontempl,NL
kontemplen,kontemplen,kontempl,kontempl,NL
kontemplen,kontempelen,kontempel,kontempl,NL
kontemplen,kontempelen,kontempel,kontempl,NL
kontemplen,kontempelen,kontempel,kontempl,NL
kontemplen,kontempelen,kontempel,kontempl,NL
kontemplen,kontemplen,kontempl,kontempl,NL
kontemplen,kontemplen,kontempl,kontempl,NL
kontemplen,kontemplen,kontempl,kontempl,NL
kontemplen,kontemplen,kontempl,kontempl,NL
kontemplen,kontemplen,kontempl,kontempl,NL
kontemplen,kontemplen,kontempl,kontempl,NL
kontemples,kontempeles,kontempel,kontempl,NL
kontemples,kontempeles,kontempel,kontempl,NL
kontemples,kontempeles,kontempel,kontempl,NL
kontemples,kontempeles,kontempel,kontempl,NL
kontemples,kontempeles,kontempel,kontempl,NL
kontemples,kontempeles,kontempel,kontempl,NL
kontemples,kontempeles,kontempel,kontempl,NL
kontemples,kontempeles,kontempel,kontempl,NL
kontemples,kontempeles,kontempel,kontempl,NL
kontemples,kontempeles,kontempel,kontempl,NL
kontemples,kontempeles,kontempel,kontempl,NL
kontemples,kontempeles,kontempel,kontempl,NL
kontemples,kontempeles,kontempel,kontempl,NL
kontemples,kontempeles,kontempel,kontempl,NL
kontemples,kontempeles,kontempel,kontempl,NL
kontemples,kontempeles,kontempel,kontempl,NL
kontemples,kontempeles,kontempel,kontempl,NL
kontemples,kontempeles,kontempel,kontempl,NL
kontemples,kontempeles,kontempel,kontempl,NL
kontemples,kontemples,kontempl,kontempl,NL
kontemples,kontemples,kontempl,kontempl,NL
kontemples,kontemples,kontempl,kontempl,NL
kontemples,kontemples,kontempl,kontempl,NL
kontemples,kontemples,kontempl,kontempl,NL
kontemples,kontemples,kontempl,kontempl,NL
kontemples,kontemples,kontempl,kontempl,NL
kontemples,kontemples,kontempl,kontempl,NL
kontemples,kontemples,kontempl,kontempl,NL
kontemples,kontemples,kontempl,kontempl,NL
kontemples,kontemples,kontempl,kontempl,NL
kontemples,kontemples,kontempl,kontempl,NL
kontemples,kontemples,kontempl,kontempl,NL
kontemples,kontemples,kontempl,kontempl,NL
kontemples,kontemples,kontempl,kontempl,NL
kontemples,kontemples,kontempl,kontempl,NL
kontemples,kontemples,kontempl,kontempl,NL
kontemples,kontemples,kontempl,kontempl,NL
kontemples,kontemples,kontempl,kontempl,NL
kontemples,kontemples,kontempl,kontempl,NL
kontemples,kontemples,kontempl,kontempl,NL
kontemples,kontempeles,kontempel,kontempl,NL
kontemples,kontempeles,kontempel,kontempl,NL
kontemples,kontempeles,kontempel,kontempl,NL
kontemples,kontempeles,kontempel,kontempl,NL
kontemples,kontemples,kontempl,kontempl,NL
kontemples,kontempeles,kontempel,kontempl,NL
kontemples,kontempeles,kontempel,kontempl,NL
kontemples,kontempeles,kontempel,kontempl,NL
kontemples,kontempeles,kontempel,kontempl,NL
kontemples,kontemples,kontempl,kontempl,NL
kontemples,kontemples,kontempl,kontempl,NL
kontemples,kontemples,kontempl,kontempl,NL
kontemples,kontemples,kontempl,kontempl,NL
kontemples,kontemples,kontempl,kontempl,NL
kontemples,kontemples,kontempl,kontempl,NL
kontemple,kontempele,kontempel,kontempl,NL
kontemple,kontempele,kontempel,kontempl,NL
kontemple,kontempele,kontempel,kontempl,NL
kontemple,kontempele,kontempel,kontempl,NL
kontemple,kontempele,kontempel,kontempl,NL
kontemple,kontempele,kontempel,kontempl,NL
kontemple,kontempele,kontempel,kontempl,NL
kontemple,kontempele,kontempel,kontempl,NL
kontemple,kontempele,kontempel,kontempl,NL
kontemple,kontempele,kontempel,kontempl,NL
kontemple,kontempele,kontempel,kontempl,NL
kontemple,kontempele,kontempel,kontempl,NL
kontemple,kontempele,kontempel,kontempl,NL
kontemple,kontempele,kontempel,kontempl,NL
kontemple,kontempele,kontempel,kontempl,NL
kontemple,kontempele,kontempel,kontempl,NL
kontemple,kontempele,kontempel,kontempl,NL
kontemple,kontempele,kontempel,kontempl,NL
kontemple,kontempele,kontempel,kontempl,NL
kontemple,kontemple,kontempl,kontempl,NL
kontemple,kontemple,kontempl,kontempl,NL
kontemple,kontemple,kontempl,kontempl,NL
kontemple,kontemple,kontempl,kontempl,NL
kontemple,kontemple,kontempl,kontempl,NL
kontemple,kontemple,kontempl,kontempl,NL
kontemple,kontemple,kontempl,kontempl,NL
kontemple,kontemple,kontempl,kontempl,NL
kontemple,kontemple,kontempl,kontempl,NL
kontemple,kontemple,kontempl,kontempl,NL
kontemple,kontemple,kontempl,kontempl,NL
kontemple,kontemple,kontempl,kontempl,NL
kontemple,kontemple,kontempl,kontempl,NL
kontemple,kontemple,kontempl,kontempl,NL
kontemple,kontemple,kontempl,kontempl,NL
kontemple,kontemple,kontempl,kontempl,NL
kontemple,kontemple,kontempl,kontempl,NL
kontemple,kontemple,kontempl,kontempl,NL
kontemple,kontemple,kontempl,kontempl,NL
kontemple,kontemple,kontempl,kontempl,NL
kontemple,kontemple,kontempl,kontempl,NL
kontemple,kontemplele,kontemplel,kontempl,NL
kontemple,kontempele,kontempel,kontempl,NL
kontemple,kontempele,kontempel,kontempl,NL
kontemple,kontempele,kontempel,kontempl,NL
kontemple,kontemple,kontempl,kontempl,NL
kontemple,kontempele,kontempel,kontempl,NL
kontemple,kontempele,kontempel,kontempl,NL
kontemple,kontempele,kontempel,kontempl,NL
kontemple,kontempele,kontempel,kontempl,NL
kontemple,kontemple,kontempl,kontempl,NL
kontemple,kontemple,kontempl,kontempl,NL
kontemple,kontemple,kontempl,kontempl,NL
kontemple,kontemple,kontempl,kontempl,NL
kontemple,kontemple,kontempl,kontempl,NL
kontemple,kontemple,kontempl,kontempl,NL
kontemple,kontempele,kontempel,kontempl,NL
kontemple,kontempele,kontempel,kontempl,NL
kontemple,kontempele,kontempel,kontempl,NL
kontemple,kontempele,kontempel,kontempl,NL
kontemple,kontempele,kontempel,kontempl,NL
kontemple,kontempele,kontempel,kontempl,NL
kontemple,kontempele,kontempel,kontempl,NL
kontemple,kontempele,kontempel,kontempl,NL
kontemple,kontempele,kontempel,kontempl,NL
kontemple,kontempele,kontempel,kontempl,NL
kontemple,kontempele,kontempel,kontempl,NL
kontemple,kontempele,kontempel,kontempl,NL
kontemple,kontempele,kontempel,kontempl,NL
kontemple,kontempele,kontempel,kontempl,NL
kontemple,kontempele,kontempel,kontempl,NL
kontemple,kontempele,kontempel,kontempl,NL
kontemple,kontempele,kontempel,kontempl,NL
kontemple,kontempele,kontempel,kontempl,NL
kontemple,kontempele,kontempel,kontempl,NL
kontemple,kontemple,kontempl,kontempl,NL
kontemple,kontemple,kontempl,kontempl,NL
kontemple,kontemple,kontempl,kontempl,NL
kontemple,kontemple,kontempl,kontempl,NL
kontemple,kontemple,kontempl,kontempl,NL
kontemple,kontemple,kontempl,kontempl,NL
kontemple,kontemple,kontempl,kontempl,NL
kontemple,kontemple,kontempl,kontempl,NL
kontemple,kontemple,kontempl,kontempl,NL
kontemple,kontemple,kontempl,kontempl,NL
kontemple,kontemple,kontempl,kontempl,NL
kontemple,kontemple,kontempl,kontempl,NL
kontemple,kontemple,kontempl,kontempl,NL
kontemple,kontemple,kontempl,kontempl,NL
kontemple,kontemple,kontempl,kontempl,NL
kontemple,kontemple,kontempl,kontempl,NL
kontemple,kontemple,kontempl,kontempl,NL
kontemple,kontemple,kontempl,kontempl,NL
kontemple,kontemple,kontempl,kontempl,NL
kontemple,kontemple,kontempl,kontempl,NL
kontemple,kontemple,kontempl,kontempl,NL
kontemple,kontempele,kontempel,kontempl,NL
kontemple,kontempele,kontempel,kontempl,NL
kontemple,kontempele,kontempel,kontempl,NL
kontemple,kontempele,kontempel,kontempl,NL
kontemple,kontemple,kontempl,kontempl,NL
kontemple,kontempele,kontempel,kontempl,NL
kontemple,kontempele,kontempel,kontempl,NL
kontemple,kontempele,kontempel,kontempl,NL
kontemple,kontempele,kontempel,kontempl,NL
kontemple,kontemple,kontempl,kontempl,NL
kontemple,kontemple,kontempl,kontempl,NL
kontemple,kontemple,kontempl,kontempl,NL
kontemple,kontemple,kontempl,kontempl,NL
kontemple,kontemple,kontempl,kontempl,NL
kontemple,kontemple,kontempl,kontempl,NL
kontemplo,kontempelo,kontempel,kontempl,NL
kontemplo,kontempelo,kontempel,kontempl,NL
kontemplo,kontempelo,kontempel,kontempl,NL
kontemplo,kontempelo,kontempel,kontempl,NL
kontemplo,kontempelo,kontempel,kontempl,NL
kontemplo,kontempelo,kontempel,kontempl,NL
kontemplo,kontempelo,kontempel,kontempl,NL
kontemplo,kontempelo,kontempel,kontempl,NL
kontemplo,kontempelo,kontempel,kontempl,NL
kontemplo,kontempelo,kontempel,kontempl,NL
kontemplo,kontempelo,kontempel,kontempl,NL
kontemplo,kontempelo,kontempel,kontempl,NL
kontemplo,kontempelo,kontempel,kontempl,NL
kontemplo,kontempelo,kontempel,kontempl,NL
kontemplo,kontempelo,kontempel,kontempl,NL
kontemplo,kontempelo,kontempel,kontempl,NL
kontemplo,kontempelo,kontempel,kontempl,NL
kontemplo,kontempelo,kontempel,kontempl,NL
kontemplo,kontempelo,kontempel,kontempl,NL
kontemplo,kontemplo,kontempl,kontempl,NL
kontemplo,kontemplo,kontempl,kontempl,NL
kontemplo,kontemplo,kontempl,kontempl,NL
kontemplo,kontemplo,kontempl,kontempl,NL
kontemplo,kontemplo,kontempl,kontempl,NL
kontemplo,kontemplo,kontempl,kontempl,NL
kontemplo,kontemplo,kontempl,kontempl,NL
kontemplo,kontemplo,kontempl,kontempl,NL
kontemplo,kontemplo,kontempl,kontempl,NL
kontemplo,kontemplo,kontempl,kontempl,NL
kontemplo,kontemplo,kontempl,kontempl,NL
kontemplo,kontemplo,kontempl,kontempl,NL
kontemplo,kontemplo,kontempl,kontempl,NL
kontemplo,kontemplo,kontempl,kontempl,NL
kontemplo,kontemplo,kontempl,kontempl,NL
kontemplo,kontemplo,kontempl,kontempl,NL
kontemplo,kontemplo,kontempl,kontempl,NL
kontemplo,kontemplo,kontempl,kontempl,NL
kontemplo,kontemplo,kontempl,kontempl,NL
kontemplo,kontemplo,kontempl,kontempl,NL
kontemplo,kontemplo,kontempl,kontempl,NL
kontemplo,kontempleo,kontemple,kontempl,NL
kontemplo,kontempelo,kontempel,kontempl,NL
kontemplo,kontempelo,kontempel,kontempl,NL
kontemplo,kontempelo,kontempel,kontempl,NL
kontemplo,kontempelo,kontempel,kontempl,NL
kontemplo,kontempelo,kontempel,kontempl,NL
kontemplo,kontempelo,kontempel,kontempl,NL
kontemplo,kontempelo,kontempel,kontempl,NL
kontemplo,kontempelo,kontempel,kontempl,NL
kontemplo,kontemplo,kontempl,kontempl,NL
kontemplo,kontemplo,kontempl,kontempl,NL
kontemplo,kontemplo,kontempl,kontempl,NL
kontemplo,kontemplo,kontempl,kontempl,NL
kontemplo,kontemplo,kontempl,kontempl,NL
kontemplo,kontemplo,kontempl,kontempl,NL
ɡoleajs,ɡoleajs,ɡole,ɡole,NL
ɡoleajs,ɡoleajs,ɡole,ɡole,NL
ɡoleajs,ɡoleajs,ɡole,ɡole,NL
ɡoleajs,ɡoleajs,ɡole,ɡole,NL
ɡoleajs,ɡoleajs,ɡole,ɡole,NL
ɡoleajs,ɡoleajs,ɡole,ɡole,NL
ɡoleajs,ɡoleajs,ɡole,ɡole,NL
ɡoleajs,ɡoleajs,ɡole,ɡole,NL
ɡoleajs,ɡoleajs,ɡole,ɡole,NL
ɡoleajs,ɡoleajs,ɡole,ɡole,NL
ɡoleajs,ɡoleajs,ɡole,ɡole,NL
ɡoleajs,ɡoleajs,ɡole,ɡole,NL
ɡoleajs,ɡoleajs,ɡole,ɡole,NL
ɡoleajs,ɡoleajs,ɡole,ɡole,NL
ɡoleajs,ɡoleajs,ɡole,ɡole,NL
ɡoleajs,ɡoleajs,ɡole,ɡole,NL
ɡoleajs,ɡoleajs,ɡole,ɡole,NL
ɡoleajs,ɡoleajs,ɡole,ɡole,NL
ɡoleajs,ɡoleajs,ɡole,ɡole,NL
ɡoleajs,ɡoleajs,ɡole,ɡole,NL
ɡoleajs,ɡoleajs,ɡole,ɡole,NL
ɡoleajs,ɡoleajs,ɡole,ɡole,NL
ɡoleajs,ɡoleajs,ɡole,ɡole,NL
ɡoleajs,ɡoleajs,ɡole,ɡole,NL
ɡoleajs,ɡoleajs,ɡole,ɡole,NL
ɡoleajs,ɡoleajs,ɡole,ɡole,NL
ɡoleajs,ɡoleajs,ɡole,ɡole,NL
ɡoleajs,ɡoleajs,ɡole,ɡole,NL
ɡoleajs,ɡoleajs,ɡole,ɡole,NL
ɡoleajs,ɡoleajs,ɡole,ɡole,NL
ɡoleajs,ɡoleajs,ɡole,ɡole,NL
ɡoleajs,ɡoleajs,ɡole,ɡole,NL
ɡoleajs,ɡoleajs,ɡole,ɡole,NL
ɡoleajs,ɡoleajs,ɡole,ɡole,NL
ɡoleajs,ɡoleajs,ɡole,ɡole,NL
ɡoleajs,ɡoleajs,ɡole,ɡole,NL
ɡoleajs,ɡoleajs,ɡole,ɡole,NL
ɡoleajs,ɡoleajs,ɡole,ɡole,NL
ɡoleajs,ɡoleajs,ɡole,ɡole,NL
ɡoleajs,ɡoleajs,ɡole,ɡole,NL
ɡoleajs,ɡoleajs,ɡole,ɡole,NL
ɡoleajs,ɡoleajs,ɡole,ɡole,NL
ɡoleajs,ɡoleajs,ɡole,ɡole,NL
ɡoleajs,ɡoleajs,ɡole,ɡole,NL
ɡoleajs,ɡoleajs,ɡole,ɡole,NL
ɡoleajs,ɡoleajs,ɡole,ɡole,NL
ɡoleajs,ɡoleajs,ɡole,ɡole,NL
ɡoleajs,ɡoleajs,ɡole,ɡole,NL
ɡoleajs,ɡoleajs,ɡole,ɡole,NL
ɡoleajs,ɡoleajs,ɡole,ɡole,NL
ɡoleajs,ɡoleajs,ɡole,ɡole,NL
ɡoleajs,ɡoleajs,ɡole,ɡole,NL
ɡoleajs,ɡoleajs,ɡole,ɡole,NL
ɡoleajs,ɡoleajs,ɡole,ɡole,NL
ɡoleajs,ɡoleajs,ɡole,ɡole,NL
ɡoleamos,ɡoleamos,ɡole,ɡole,NL
ɡoleamos,ɡoleamos,ɡole,ɡole,NL
ɡoleamos,ɡoleamos,ɡole,ɡole,NL
ɡoleamos,ɡoleamos,ɡole,ɡole,NL
ɡoleamos,ɡoleamos,ɡole,ɡole,NL
ɡoleamos,ɡoleamos,ɡole,ɡole,NL
ɡoleamos,ɡoleamos,ɡole,ɡole,NL
ɡoleamos,ɡoleamos,ɡole,ɡole,NL
ɡoleamos,ɡoleamos,ɡole,ɡole,NL
ɡoleamos,ɡoleamos,ɡole,ɡole,NL
ɡoleamos,ɡoleamos,ɡole,ɡole,NL
ɡoleamos,ɡoleamos,ɡole,ɡole,NL
ɡoleamos,ɡoleamos,ɡole,ɡole,NL
ɡoleamos,ɡoleamos,ɡole,ɡole,NL
ɡoleamos,ɡoleamos,ɡole,ɡole,NL
ɡoleamos,ɡoleamos,ɡole,ɡole,NL
ɡoleamos,ɡoleamos,ɡole,ɡole,NL
ɡoleamos,ɡoleamos,ɡole,ɡole,NL
ɡoleamos,ɡoleamos,ɡole,ɡole,NL
ɡoleamos,ɡoleamos,ɡole,ɡole,NL
ɡoleamos,ɡoleamos,ɡole,ɡole,NL
ɡoleamos,ɡoleamos,ɡole,ɡole,NL
ɡoleamos,ɡoleamos,ɡole,ɡole,NL
ɡoleamos,ɡoleamos,ɡole,ɡole,NL
ɡoleamos,ɡoleamos,ɡole,ɡole,NL
ɡoleamos,ɡoleamos,ɡole,ɡole,NL
ɡoleamos,ɡoleamos,ɡole,ɡole,NL
ɡoleamos,ɡoleamos,ɡole,ɡole,NL
ɡoleamos,ɡoleamos,ɡole,ɡole,NL
ɡoleamos,ɡoleamos,ɡole,ɡole,NL
ɡoleamos,ɡoleamos,ɡole,ɡole,NL
ɡoleamos,ɡoleamos,ɡole,ɡole,NL
ɡoleamos,ɡoleamos,ɡole,ɡole,NL
ɡoleamos,ɡoleamos,ɡole,ɡole,NL
ɡoleamos,ɡoleamos,ɡole,ɡole,NL
ɡoleamos,ɡoleamos,ɡole,ɡole,NL
ɡoleamos,ɡoleamos,ɡole,ɡole,NL
ɡoleamos,ɡoleamos,ɡole,ɡole,NL
ɡoleamos,ɡoleamos,ɡole,ɡole,NL
ɡoleamos,ɡoleamos,ɡole,ɡole,NL
ɡoleamos,ɡoleamos,ɡole,ɡole,NL
ɡoleamos,ɡoleamos,ɡole,ɡole,NL
ɡoleamos,ɡoleamos,ɡole,ɡole,NL
ɡoleamos,ɡoleamos,ɡole,ɡole,NL
ɡoleamos,ɡoleamos,ɡole,ɡole,NL
ɡoleamos,ɡoleamos,ɡole,ɡole,NL
ɡoleamos,ɡoleamos,ɡole,ɡole,NL
ɡoleamos,ɡoleamos,ɡole,ɡole,NL
ɡoleamos,ɡoleamos,ɡole,ɡole,NL
ɡoleamos,ɡoleamos,ɡole,ɡole,NL
ɡoleamos,ɡoleamos,ɡole,ɡole,NL
ɡoleamos,ɡoleamos,ɡole,ɡole,NL
ɡoleamos,ɡoleamos,ɡole,ɡole,NL
ɡoleamos,ɡoleamos,ɡole,ɡole,NL
ɡoleamos,ɡoleamos,ɡole,ɡole,NL
ɡolean,ɡolean,ɡole,ɡole,NL
ɡolean,ɡolean,ɡole,ɡole,NL
ɡolean,ɡolean,ɡole,ɡole,NL
ɡolean,ɡolean,ɡole,ɡole,NL
ɡolean,ɡolean,ɡole,ɡole,NL
ɡolean,ɡolean,ɡole,ɡole,NL
ɡolean,ɡolean,ɡole,ɡole,NL
ɡolean,ɡolean,ɡole,ɡole,NL
ɡolean,ɡolean,ɡole,ɡole,NL
ɡolean,ɡolean,ɡole,ɡole,NL
ɡolean,ɡolean,ɡole,ɡole,NL
ɡolean,ɡolean,ɡole,ɡole,NL
ɡolean,ɡolean,ɡole,ɡole,NL
ɡolean,ɡolean,ɡole,ɡole,NL
ɡolean,ɡolean,ɡole,ɡole,NL
ɡolean,ɡolean,ɡole,ɡole,NL
ɡolean,ɡolean,ɡole,ɡole,NL
ɡolean,ɡolean,ɡole,ɡole,NL
ɡolean,ɡolean,ɡole,ɡole,NL
ɡolean,ɡolean,ɡole,ɡole,NL
ɡolean,ɡolean,ɡole,ɡole,NL
ɡolean,ɡolean,ɡole,ɡole,NL
ɡolean,ɡolean,ɡole,ɡole,NL
ɡolean,ɡolean,ɡole,ɡole,NL
ɡolean,ɡolean,ɡole,ɡole,NL
ɡolean,ɡolean,ɡole,ɡole,NL
ɡolean,ɡolean,ɡole,ɡole,NL
ɡolean,ɡolean,ɡole,ɡole,NL
ɡolean,ɡolean,ɡole,ɡole,NL
ɡolean,ɡolean,ɡole,ɡole,NL
ɡolean,ɡolean,ɡole,ɡole,NL
ɡolean,ɡolean,ɡole,ɡole,NL
ɡolean,ɡolean,ɡole,ɡole,NL
ɡolean,ɡolean,ɡole,ɡole,NL
ɡolean,ɡolean,ɡole,ɡole,NL
ɡolean,ɡolean,ɡole,ɡole,NL
ɡolean,ɡolean,ɡole,ɡole,NL
ɡolean,ɡolean,ɡole,ɡole,NL
ɡolean,ɡolean,ɡole,ɡole,NL
ɡolean,ɡolean,ɡole,ɡole,NL
ɡolean,ɡolean,ɡole,ɡole,NL
ɡolean,ɡolean,ɡole,ɡole,NL
ɡolean,ɡolean,ɡole,ɡole,NL
ɡolean,ɡolean,ɡole,ɡole,NL
ɡolean,ɡolean,ɡole,ɡole,NL
ɡolean,ɡolean,ɡole,ɡole,NL
ɡolean,ɡolean,ɡole,ɡole,NL
ɡolean,ɡolean,ɡole,ɡole,NL
ɡolean,ɡolean,ɡole,ɡole,NL
ɡolean,ɡolean,ɡole,ɡole,NL
ɡolean,ɡolean,ɡole,ɡole,NL
ɡolean,ɡolean,ɡole,ɡole,NL
ɡolean,ɡolean,ɡole,ɡole,NL
ɡolean,ɡolean,ɡole,ɡole,NL
ɡolean,ɡolean,ɡole,ɡole,NL
ɡoleas,ɡoleas,ɡole,ɡole,NL
ɡoleas,ɡoleas,ɡole,ɡole,NL
ɡoleas,ɡoleas,ɡole,ɡole,NL
ɡoleas,ɡoleas,ɡole,ɡole,NL
ɡoleas,ɡoleas,ɡole,ɡole,NL
ɡoleas,ɡoleas,ɡole,ɡole,NL
ɡoleas,ɡoleas,ɡole,ɡole,NL
ɡoleas,ɡoleas,ɡole,ɡole,NL
ɡoleas,ɡoleas,ɡole,ɡole,NL
ɡoleas,ɡoleas,ɡole,ɡole,NL
ɡoleas,ɡoleas,ɡole,ɡole,NL
ɡoleas,ɡoleas,ɡole,ɡole,NL
ɡoleas,ɡoleas,ɡole,ɡole,NL
ɡoleas,ɡoleas,ɡole,ɡole,NL
ɡoleas,ɡoleas,ɡole,ɡole,NL
ɡoleas,ɡoleas,ɡole,ɡole,NL
ɡoleas,ɡoleas,ɡole,ɡole,NL
ɡoleas,ɡoleas,ɡole,ɡole,NL
ɡoleas,ɡoleas,ɡole,ɡole,NL
ɡoleas,ɡoleas,ɡole,ɡole,NL
ɡoleas,ɡoleas,ɡole,ɡole,NL
ɡoleas,ɡoleas,ɡole,ɡole,NL
ɡoleas,ɡoleas,ɡole,ɡole,NL
ɡoleas,ɡoleas,ɡole,ɡole,NL
ɡoleas,ɡoleas,ɡole,ɡole,NL
ɡoleas,ɡoleas,ɡole,ɡole,NL
ɡoleas,ɡoleas,ɡole,ɡole,NL
ɡoleas,ɡoleas,ɡole,ɡole,NL
ɡoleas,ɡoleas,ɡole,ɡole,NL
ɡoleas,ɡoleas,ɡole,ɡole,NL
ɡoleas,ɡoleas,ɡole,ɡole,NL
ɡoleas,ɡoleas,ɡole,ɡole,NL
ɡoleas,ɡoleas,ɡole,ɡole,NL
ɡoleas,ɡoleas,ɡole,ɡole,NL
ɡoleas,ɡoleas,ɡole,ɡole,NL
ɡoleas,ɡoleas,ɡole,ɡole,NL
ɡoleas,ɡoleas,ɡole,ɡole,NL
ɡoleas,ɡoleas,ɡole,ɡole,NL
ɡoleas,ɡoleas,ɡole,ɡole,NL
ɡoleas,ɡoleas,ɡole,ɡole,NL
ɡoleas,ɡoleas,ɡole,ɡole,NL
ɡoleas,ɡoleas,ɡole,ɡole,NL
ɡoleas,ɡoleas,ɡole,ɡole,NL
ɡoleas,ɡoleas,ɡole,ɡole,NL
ɡoleas,ɡoleas,ɡole,ɡole,NL
ɡoleas,ɡoleas,ɡole,ɡole,NL
ɡoleas,ɡoleas,ɡole,ɡole,NL
ɡoleas,ɡoleas,ɡole,ɡole,NL
ɡoleas,ɡoleas,ɡole,ɡole,NL
ɡoleas,ɡoleas,ɡole,ɡole,NL
ɡoleas,ɡoleas,ɡole,ɡole,NL
ɡoleas,ɡoleas,ɡole,ɡole,NL
ɡoleas,ɡoleas,ɡole,ɡole,NL
ɡoleas,ɡoleas,ɡole,ɡole,NL
ɡoleas,ɡoleas,ɡole,ɡole,NL
ɡolea,ɡolea,ɡole,ɡole,NL
ɡolea,ɡolea,ɡole,ɡole,NL
ɡolea,ɡolea,ɡole,ɡole,NL
ɡolea,ɡolea,ɡole,ɡole,NL
ɡolea,ɡolea,ɡole,ɡole,NL
ɡolea,ɡolea,ɡole,ɡole,NL
ɡolea,ɡolea,ɡole,ɡole,NL
ɡolea,ɡolea,ɡole,ɡole,NL
ɡolea,ɡolea,ɡole,ɡole,NL
ɡolea,ɡolea,ɡole,ɡole,NL
ɡolea,ɡolea,ɡole,ɡole,NL
ɡolea,ɡolea,ɡole,ɡole,NL
ɡolea,ɡolea,ɡole,ɡole,NL
ɡolea,ɡolea,ɡole,ɡole,NL
ɡolea,ɡolea,ɡole,ɡole,NL
ɡolea,ɡolea,ɡole,ɡole,NL
ɡolea,ɡolea,ɡole,ɡole,NL
ɡolea,ɡolea,ɡole,ɡole,NL
ɡolea,ɡolea,ɡole,ɡole,NL
ɡolea,ɡolea,ɡole,ɡole,NL
ɡolea,ɡolea,ɡole,ɡole,NL
ɡolea,ɡolea,ɡole,ɡole,NL
ɡolea,ɡolea,ɡole,ɡole,NL
ɡolea,ɡolea,ɡole,ɡole,NL
ɡolea,ɡolea,ɡole,ɡole,NL
ɡolea,ɡolea,ɡole,ɡole,NL
ɡolea,ɡolea,ɡole,ɡole,NL
ɡolea,ɡolea,ɡole,ɡole,NL
ɡolea,ɡolea,ɡole,ɡole,NL
ɡolea,ɡolea,ɡole,ɡole,NL
ɡolea,ɡolea,ɡole,ɡole,NL
ɡolea,ɡolea,ɡole,ɡole,NL
ɡolea,ɡolea,ɡole,ɡole,NL
ɡolea,ɡolea,ɡole,ɡole,NL
ɡolea,ɡolea,ɡole,ɡole,NL
ɡolea,ɡolea,ɡole,ɡole,NL
ɡolea,ɡolea,ɡole,ɡole,NL
ɡolea,ɡolea,ɡole,ɡole,NL
ɡolea,ɡolea,ɡole,ɡole,NL
ɡolea,ɡolea,ɡole,ɡole,NL
ɡolea,ɡolea,ɡole,ɡole,NL
ɡolea,ɡolea,ɡole,ɡole,NL
ɡolea,ɡolea,ɡole,ɡole,NL
ɡolea,ɡolea,ɡole,ɡole,NL
ɡolea,ɡolea,ɡole,ɡole,NL
ɡolea,ɡolea,ɡole,ɡole,NL
ɡolea,ɡolea,ɡole,ɡole,NL
ɡolea,ɡolea,ɡole,ɡole,NL
ɡolea,ɡolea,ɡole,ɡole,NL
ɡolea,ɡolea,ɡole,ɡole,NL
ɡolea,ɡolea,ɡole,ɡole,NL
ɡolea,ɡolea,ɡole,ɡole,NL
ɡolea,ɡolea,ɡole,ɡole,NL
ɡolea,ɡolea,ɡole,ɡole,NL
ɡolea,ɡolea,ɡole,ɡole,NL
ɡoleejs,ɡoleejs,ɡole,ɡole,NL
ɡoleejs,ɡoleejs,ɡole,ɡole,NL
ɡoleejs,ɡoleejs,ɡole,ɡole,NL
ɡoleejs,ɡoleejs,ɡole,ɡole,NL
ɡoleejs,ɡoleejs,ɡole,ɡole,NL
ɡoleejs,ɡoleejs,ɡole,ɡole,NL
ɡoleejs,ɡoleejs,ɡole,ɡole,NL
ɡoleejs,ɡoleejs,ɡole,ɡole,NL
ɡoleejs,ɡoleejs,ɡole,ɡole,NL
ɡoleejs,ɡoleejs,ɡole,ɡole,NL
ɡoleejs,ɡoleejs,ɡole,ɡole,NL
ɡoleejs,ɡoleejs,ɡole,ɡole,NL
ɡoleejs,ɡoleejs,ɡole,ɡole,NL
ɡoleejs,ɡoleejs,ɡole,ɡole,NL
ɡoleejs,ɡoleejs,ɡole,ɡole,NL
ɡoleejs,ɡoleejs,ɡole,ɡole,NL
ɡoleejs,ɡoleejs,ɡole,ɡole,NL
ɡoleejs,ɡoleejs,ɡole,ɡole,NL
ɡoleejs,ɡoleejs,ɡole,ɡole,NL
ɡoleejs,ɡoleejs,ɡole,ɡole,NL
ɡoleejs,ɡoleejs,ɡole,ɡole,NL
ɡoleejs,ɡoleejs,ɡole,ɡole,NL
ɡoleejs,ɡoleejs,ɡole,ɡole,NL
ɡoleejs,ɡoleejs,ɡole,ɡole,NL
ɡoleejs,ɡoleejs,ɡole,ɡole,NL
ɡoleejs,ɡoleejs,ɡole,ɡole,NL
ɡoleejs,ɡoleejs,ɡole,ɡole,NL
ɡoleejs,ɡoleejs,ɡole,ɡole,NL
ɡoleejs,ɡoleejs,ɡole,ɡole,NL
ɡoleejs,ɡoleejs,ɡole,ɡole,NL
ɡoleejs,ɡoleejs,ɡole,ɡole,NL
ɡoleejs,ɡoleejs,ɡole,ɡole,NL
ɡoleejs,ɡoleejs,ɡole,ɡole,NL
ɡoleejs,ɡoleejs,ɡole,ɡole,NL
ɡoleejs,ɡoleejs,ɡole,ɡole,NL
ɡoleejs,ɡoleejs,ɡole,ɡole,NL
ɡoleejs,ɡoleejs,ɡole,ɡole,NL
ɡoleejs,ɡoleejs,ɡole,ɡole,NL
ɡoleejs,ɡoleejs,ɡole,ɡole,NL
ɡoleejs,ɡoleejs,ɡole,ɡole,NL
ɡoleejs,ɡoleejs,ɡole,ɡole,NL
ɡoleejs,ɡoleejs,ɡole,ɡole,NL
ɡoleejs,ɡoleejs,ɡole,ɡole,NL
ɡoleejs,ɡoleejs,ɡole,ɡole,NL
ɡoleejs,ɡoleejs,ɡole,ɡole,NL
ɡoleejs,ɡoleejs,ɡole,ɡole,NL
ɡoleejs,ɡoleejs,ɡole,ɡole,NL
ɡoleejs,ɡoleejs,ɡole,ɡole,NL
ɡoleejs,ɡoleejs,ɡole,ɡole,NL
ɡoleejs,ɡoleejs,ɡole,ɡole,NL
ɡoleejs,ɡoleejs,ɡole,ɡole,NL
ɡoleejs,ɡoleejs,ɡole,ɡole,NL
ɡoleejs,ɡoleejs,ɡole,ɡole,NL
ɡoleejs,ɡoleejs,ɡole,ɡole,NL
ɡoleejs,ɡoleejs,ɡole,ɡole,NL
ɡoleemos,ɡoleemos,ɡole,ɡole,NL
ɡoleemos,ɡoleemos,ɡole,ɡole,NL
ɡoleemos,ɡoleemos,ɡole,ɡole,NL
ɡoleemos,ɡoleemos,ɡole,ɡole,NL
ɡoleemos,ɡoleemos,ɡole,ɡole,NL
ɡoleemos,ɡoleemos,ɡole,ɡole,NL
ɡoleemos,ɡoleemos,ɡole,ɡole,NL
ɡoleemos,ɡoleemos,ɡole,ɡole,NL
ɡoleemos,ɡoleemos,ɡole,ɡole,NL
ɡoleemos,ɡoleemos,ɡole,ɡole,NL
ɡoleemos,ɡoleemos,ɡole,ɡole,NL
ɡoleemos,ɡoleemos,ɡole,ɡole,NL
ɡoleemos,ɡoleemos,ɡole,ɡole,NL
ɡoleemos,ɡoleemos,ɡole,ɡole,NL
ɡoleemos,ɡoleemos,ɡole,ɡole,NL
ɡoleemos,ɡoleemos,ɡole,ɡole,NL
ɡoleemos,ɡoleemos,ɡole,ɡole,NL
ɡoleemos,ɡoleemos,ɡole,ɡole,NL
ɡoleemos,ɡoleemos,ɡole,ɡole,NL
ɡoleemos,ɡoleemos,ɡole,ɡole,NL
ɡoleemos,ɡoleemos,ɡole,ɡole,NL
ɡoleemos,ɡoleemos,ɡole,ɡole,NL
ɡoleemos,ɡoleemos,ɡole,ɡole,NL
ɡoleemos,ɡoleemos,ɡole,ɡole,NL
ɡoleemos,ɡoleemos,ɡole,ɡole,NL
ɡoleemos,ɡoleemos,ɡole,ɡole,NL
ɡoleemos,ɡoleemos,ɡole,ɡole,NL
ɡoleemos,ɡoleemos,ɡole,ɡole,NL
ɡoleemos,ɡoleemos,ɡole,ɡole,NL
ɡoleemos,ɡoleemos,ɡole,ɡole,NL
ɡoleemos,ɡoleemos,ɡole,ɡole,NL
ɡoleemos,ɡoleemos,ɡole,ɡole,NL
ɡoleemos,ɡoleemos,ɡole,ɡole,NL
ɡoleemos,ɡoleemos,ɡole,ɡole,NL
ɡoleemos,ɡoleemos,ɡole,ɡole,NL
ɡoleemos,ɡoleemos,ɡole,ɡole,NL
ɡoleemos,ɡoleemos,ɡole,ɡole,NL
ɡoleemos,ɡoleemos,ɡole,ɡole,NL
ɡoleemos,ɡoleemos,ɡole,ɡole,NL
ɡoleemos,ɡoleemos,ɡole,ɡole,NL
ɡoleemos,ɡoleemos,ɡole,ɡole,NL
ɡoleemos,ɡoleemos,ɡole,ɡole,NL
ɡoleemos,ɡoleemos,ɡole,ɡole,NL
ɡoleemos,ɡoleemos,ɡole,ɡole,NL
ɡoleemos,ɡoleemos,ɡole,ɡole,NL
ɡoleemos,ɡoleemos,ɡole,ɡole,NL
ɡoleemos,ɡoleemos,ɡole,ɡole,NL
ɡoleemos,ɡoleemos,ɡole,ɡole,NL
ɡoleemos,ɡoleemos,ɡole,ɡole,NL
ɡoleemos,ɡoleemos,ɡole,ɡole,NL
ɡoleemos,ɡoleemos,ɡole,ɡole,NL
ɡoleemos,ɡoleemos,ɡole,ɡole,NL
ɡoleemos,ɡoleemos,ɡole,ɡole,NL
ɡoleemos,ɡoleemos,ɡole,ɡole,NL
ɡoleemos,ɡoleemos,ɡole,ɡole,NL
ɡoleen,ɡoleen,ɡole,ɡole,NL
ɡoleen,ɡoleen,ɡole,ɡole,NL
ɡoleen,ɡoleen,ɡole,ɡole,NL
ɡoleen,ɡoleen,ɡole,ɡole,NL
ɡoleen,ɡoleen,ɡole,ɡole,NL
ɡoleen,ɡoleen,ɡole,ɡole,NL
ɡoleen,ɡoleen,ɡole,ɡole,NL
ɡoleen,ɡoleen,ɡole,ɡole,NL
ɡoleen,ɡoleen,ɡole,ɡole,NL
ɡoleen,ɡoleen,ɡole,ɡole,NL
ɡoleen,ɡoleen,ɡole,ɡole,NL
ɡoleen,ɡoleen,ɡole,ɡole,NL
ɡoleen,ɡoleen,ɡole,ɡole,NL
ɡoleen,ɡoleen,ɡole,ɡole,NL
ɡoleen,ɡoleen,ɡole,ɡole,NL
ɡoleen,ɡoleen,ɡole,ɡole,NL
ɡoleen,ɡoleen,ɡole,ɡole,NL
ɡoleen,ɡoleen,ɡole,ɡole,NL
ɡoleen,ɡoleen,ɡole,ɡole,NL
ɡoleen,ɡoleen,ɡole,ɡole,NL
ɡoleen,ɡoleen,ɡole,ɡole,NL
ɡoleen,ɡoleen,ɡole,ɡole,NL
ɡoleen,ɡoleen,ɡole,ɡole,NL
ɡoleen,ɡoleen,ɡole,ɡole,NL
ɡoleen,ɡoleen,ɡole,ɡole,NL
ɡoleen,ɡoleen,ɡole,ɡole,NL
ɡoleen,ɡoleen,ɡole,ɡole,NL
ɡoleen,ɡoleen,ɡole,ɡole,NL
ɡoleen,ɡoleen,ɡole,ɡole,NL
ɡoleen,ɡoleen,ɡole,ɡole,NL
ɡoleen,ɡoleen,ɡole,ɡole,NL
ɡoleen,ɡoleen,ɡole,ɡole,NL
ɡoleen,ɡoleen,ɡole,ɡole,NL
ɡoleen,ɡoleen,ɡole,ɡole,NL
ɡoleen,ɡoleen,ɡole,ɡole,NL
ɡoleen,ɡoleen,ɡole,ɡole,NL
ɡoleen,ɡoleen,ɡole,ɡole,NL
ɡoleen,ɡoleen,ɡole,ɡole,NL
ɡoleen,ɡoleen,ɡole,ɡole,NL
ɡoleen,ɡoleen,ɡole,ɡole,NL
ɡoleen,ɡoleen,ɡole,ɡole,NL
ɡoleen,ɡoleen,ɡole,ɡole,NL
ɡoleen,ɡoleen,ɡole,ɡole,NL
ɡoleen,ɡoleen,ɡole,ɡole,NL
ɡoleen,ɡoleen,ɡole,ɡole,NL
ɡoleen,ɡoleen,ɡole,ɡole,NL
ɡoleen,ɡoleen,ɡole,ɡole,NL
ɡoleen,ɡoleen,ɡole,ɡole,NL
ɡoleen,ɡoleen,ɡole,ɡole,NL
ɡoleen,ɡoleen,ɡole,ɡole,NL
ɡoleen,ɡoleen,ɡole,ɡole,NL
ɡoleen,ɡoleen,ɡole,ɡole,NL
ɡoleen,ɡoleen,ɡole,ɡole,NL
ɡoleen,ɡoleen,ɡole,ɡole,NL
ɡoleen,ɡoleen,ɡole,ɡole,NL
ɡolees,ɡolees,ɡole,ɡole,NL
ɡolees,ɡolees,ɡole,ɡole,NL
ɡolees,ɡolees,ɡole,ɡole,NL
ɡolees,ɡolees,ɡole,ɡole,NL
ɡolees,ɡolees,ɡole,ɡole,NL
ɡolees,ɡolees,ɡole,ɡole,NL
ɡolees,ɡolees,ɡole,ɡole,NL
ɡolees,ɡolees,ɡole,ɡole,NL
ɡolees,ɡolees,ɡole,ɡole,NL
ɡolees,ɡolees,ɡole,ɡole,NL
ɡolees,ɡolees,ɡole,ɡole,NL
ɡolees,ɡolees,ɡole,ɡole,NL
ɡolees,ɡolees,ɡole,ɡole,NL
ɡolees,ɡolees,ɡole,ɡole,NL
ɡolees,ɡolees,ɡole,ɡole,NL
ɡolees,ɡolees,ɡole,ɡole,NL
ɡolees,ɡolees,ɡole,ɡole,NL
ɡolees,ɡolees,ɡole,ɡole,NL
ɡolees,ɡolees,ɡole,ɡole,NL
ɡolees,ɡolees,ɡole,ɡole,NL
ɡolees,ɡolees,ɡole,ɡole,NL
ɡolees,ɡolees,ɡole,ɡole,NL
ɡolees,ɡolees,ɡole,ɡole,NL
ɡolees,ɡolees,ɡole,ɡole,NL
ɡolees,ɡolees,ɡole,ɡole,NL
ɡolees,ɡolees,ɡole,ɡole,NL
ɡolees,ɡolees,ɡole,ɡole,NL
ɡolees,ɡolees,ɡole,ɡole,NL
ɡolees,ɡolees,ɡole,ɡole,NL
ɡolees,ɡolees,ɡole,ɡole,NL
ɡolees,ɡolees,ɡole,ɡole,NL
ɡolees,ɡolees,ɡole,ɡole,NL
ɡolees,ɡolees,ɡole,ɡole,NL
ɡolees,ɡolees,ɡole,ɡole,NL
ɡolees,ɡolees,ɡole,ɡole,NL
ɡolees,ɡolees,ɡole,ɡole,NL
ɡolees,ɡolees,ɡole,ɡole,NL
ɡolees,ɡolees,ɡole,ɡole,NL
ɡolees,ɡolees,ɡole,ɡole,NL
ɡolees,ɡolees,ɡole,ɡole,NL
ɡolees,ɡolees,ɡole,ɡole,NL
ɡolees,ɡolees,ɡole,ɡole,NL
ɡolees,ɡolees,ɡole,ɡole,NL
ɡolees,ɡolees,ɡole,ɡole,NL
ɡolees,ɡolees,ɡole,ɡole,NL
ɡolees,ɡolees,ɡole,ɡole,NL
ɡolees,ɡolees,ɡole,ɡole,NL
ɡolees,ɡolees,ɡole,ɡole,NL
ɡolees,ɡolees,ɡole,ɡole,NL
ɡolees,ɡolees,ɡole,ɡole,NL
ɡolees,ɡolees,ɡole,ɡole,NL
ɡolees,ɡolees,ɡole,ɡole,NL
ɡolees,ɡolees,ɡole,ɡole,NL
ɡolees,ɡolees,ɡole,ɡole,NL
ɡolees,ɡolees,ɡole,ɡole,NL
ɡolee,ɡolee,ɡole,ɡole,NL
ɡolee,ɡolee,ɡole,ɡole,NL
ɡolee,ɡolee,ɡole,ɡole,NL
ɡolee,ɡolee,ɡole,ɡole,NL
ɡolee,ɡolee,ɡole,ɡole,NL
ɡolee,ɡolee,ɡole,ɡole,NL
ɡolee,ɡolee,ɡole,ɡole,NL
ɡolee,ɡolee,ɡole,ɡole,NL
ɡolee,ɡolee,ɡole,ɡole,NL
ɡolee,ɡolee,ɡole,ɡole,NL
ɡolee,ɡolee,ɡole,ɡole,NL
ɡolee,ɡolee,ɡole,ɡole,NL
ɡolee,ɡolee,ɡole,ɡole,NL
ɡolee,ɡolee,ɡole,ɡole,NL
ɡolee,ɡolee,ɡole,ɡole,NL
ɡolee,ɡolee,ɡole,ɡole,NL
ɡolee,ɡolee,ɡole,ɡole,NL
ɡolee,ɡolee,ɡole,ɡole,NL
ɡolee,ɡolee,ɡole,ɡole,NL
ɡolee,ɡolee,ɡole,ɡole,NL
ɡolee,ɡolee,ɡole,ɡole,NL
ɡolee,ɡolee,ɡole,ɡole,NL
ɡolee,ɡolee,ɡole,ɡole,NL
ɡolee,ɡolee,ɡole,ɡole,NL
ɡolee,ɡolee,ɡole,ɡole,NL
ɡolee,ɡolee,ɡole,ɡole,NL
ɡolee,ɡolee,ɡole,ɡole,NL
ɡolee,ɡolee,ɡole,ɡole,NL
ɡolee,ɡolee,ɡole,ɡole,NL
ɡolee,ɡolee,ɡole,ɡole,NL
ɡolee,ɡolee,ɡole,ɡole,NL
ɡolee,ɡolee,ɡole,ɡole,NL
ɡolee,ɡolee,ɡole,ɡole,NL
ɡolee,ɡolee,ɡole,ɡole,NL
ɡolee,ɡolee,ɡole,ɡole,NL
ɡolee,ɡolee,ɡole,ɡole,NL
ɡolee,ɡolee,ɡole,ɡole,NL
ɡolee,ɡolee,ɡole,ɡole,NL
ɡolee,ɡolee,ɡole,ɡole,NL
ɡolee,ɡolee,ɡole,ɡole,NL
ɡolee,ɡolee,ɡole,ɡole,NL
ɡolee,ɡolee,ɡole,ɡole,NL
ɡolee,ɡolee,ɡole,ɡole,NL
ɡolee,ɡolee,ɡole,ɡole,NL
ɡolee,ɡolee,ɡole,ɡole,NL
ɡolee,ɡolee,ɡole,ɡole,NL
ɡolee,ɡolee,ɡole,ɡole,NL
ɡolee,ɡolee,ɡole,ɡole,NL
ɡolee,ɡolee,ɡole,ɡole,NL
ɡolee,ɡolee,ɡole,ɡole,NL
ɡolee,ɡolee,ɡole,ɡole,NL
ɡolee,ɡolee,ɡole,ɡole,NL
ɡolee,ɡolee,ɡole,ɡole,NL
ɡolee,ɡolee,ɡole,ɡole,NL
ɡolee,ɡolee,ɡole,ɡole,NL
ɡolee,ɡolee,ɡole,ɡole,NL
ɡolee,ɡolee,ɡole,ɡole,NL
ɡolee,ɡolee,ɡole,ɡole,NL
ɡolee,ɡolee,ɡole,ɡole,NL
ɡolee,ɡolee,ɡole,ɡole,NL
ɡolee,ɡolee,ɡole,ɡole,NL
ɡolee,ɡolee,ɡole,ɡole,NL
ɡolee,ɡolee,ɡole,ɡole,NL
ɡolee,ɡolee,ɡole,ɡole,NL
ɡolee,ɡolee,ɡole,ɡole,NL
ɡolee,ɡolee,ɡole,ɡole,NL
ɡolee,ɡolee,ɡole,ɡole,NL
ɡolee,ɡolee,ɡole,ɡole,NL
ɡolee,ɡolee,ɡole,ɡole,NL
ɡolee,ɡolee,ɡole,ɡole,NL
ɡolee,ɡolee,ɡole,ɡole,NL
ɡolee,ɡolee,ɡole,ɡole,NL
ɡolee,ɡolee,ɡole,ɡole,NL
ɡolee,ɡolee,ɡole,ɡole,NL
ɡolee,ɡolee,ɡole,ɡole,NL
ɡolee,ɡolee,ɡole,ɡole,NL
ɡolee,ɡolee,ɡole,ɡole,NL
ɡolee,ɡolee,ɡole,ɡole,NL
ɡolee,ɡolee,ɡole,ɡole,NL
ɡolee,ɡolee,ɡole,ɡole,NL
ɡolee,ɡolee,ɡole,ɡole,NL
ɡolee,ɡolee,ɡole,ɡole,NL
ɡolee,ɡolee,ɡole,ɡole,NL
ɡolee,ɡolee,ɡole,ɡole,NL
ɡolee,ɡolee,ɡole,ɡole,NL
ɡolee,ɡolee,ɡole,ɡole,NL
ɡolee,ɡolee,ɡole,ɡole,NL
ɡolee,ɡolee,ɡole,ɡole,NL
ɡolee,ɡolee,ɡole,ɡole,NL
ɡolee,ɡolee,ɡole,ɡole,NL
ɡolee,ɡolee,ɡole,ɡole,NL
ɡolee,ɡolee,ɡole,ɡole,NL
ɡolee,ɡolee,ɡole,ɡole,NL
ɡolee,ɡolee,ɡole,ɡole,NL
ɡolee,ɡolee,ɡole,ɡole,NL
ɡolee,ɡolee,ɡole,ɡole,NL
ɡolee,ɡolee,ɡole,ɡole,NL
ɡolee,ɡolee,ɡole,ɡole,NL
ɡolee,ɡolee,ɡole,ɡole,NL
ɡolee,ɡolee,ɡole,ɡole,NL
ɡolee,ɡolee,ɡole,ɡole,NL
ɡolee,ɡolee,ɡole,ɡole,NL
ɡolee,ɡolee,ɡole,ɡole,NL
ɡolee,ɡolee,ɡole,ɡole,NL
ɡolee,ɡolee,ɡole,ɡole,NL
ɡolee,ɡolee,ɡole,ɡole,NL
ɡolee,ɡolee,ɡole,ɡole,NL
ɡolee,ɡolee,ɡole,ɡole,NL
ɡolee,ɡolee,ɡole,ɡole,NL
ɡolee,ɡolee,ɡole,ɡole,NL
ɡoleo,ɡoleo,ɡole,ɡole,NL
ɡoleo,ɡoleo,ɡole,ɡole,NL
ɡoleo,ɡoleo,ɡole,ɡole,NL
ɡoleo,ɡoleo,ɡole,ɡole,NL
ɡoleo,ɡoleo,ɡole,ɡole,NL
ɡoleo,ɡoleo,ɡole,ɡole,NL
ɡoleo,ɡoleo,ɡole,ɡole,NL
ɡoleo,ɡoleo,ɡole,ɡole,NL
ɡoleo,ɡoleo,ɡole,ɡole,NL
ɡoleo,ɡoleo,ɡole,ɡole,NL
ɡoleo,ɡoleo,ɡole,ɡole,NL
ɡoleo,ɡoleo,ɡole,ɡole,NL
ɡoleo,ɡoleo,ɡole,ɡole,NL
ɡoleo,ɡoleo,ɡole,ɡole,NL
ɡoleo,ɡoleo,ɡole,ɡole,NL
ɡoleo,ɡoleo,ɡole,ɡole,NL
ɡoleo,ɡoleo,ɡole,ɡole,NL
ɡoleo,ɡoleo,ɡole,ɡole,NL
ɡoleo,ɡoleo,ɡole,ɡole,NL
ɡoleo,ɡoleo,ɡole,ɡole,NL
ɡoleo,ɡoleo,ɡole,ɡole,NL
ɡoleo,ɡoleo,ɡole,ɡole,NL
ɡoleo,ɡoleo,ɡole,ɡole,NL
ɡoleo,ɡoleo,ɡole,ɡole,NL
ɡoleo,ɡoleo,ɡole,ɡole,NL
ɡoleo,ɡoleo,ɡole,ɡole,NL
ɡoleo,ɡoleo,ɡole,ɡole,NL
ɡoleo,ɡoleo,ɡole,ɡole,NL
ɡoleo,ɡoleo,ɡole,ɡole,NL
ɡoleo,ɡoleo,ɡole,ɡole,NL
ɡoleo,ɡoleo,ɡole,ɡole,NL
ɡoleo,ɡoleo,ɡole,ɡole,NL
ɡoleo,ɡoleo,ɡole,ɡole,NL
ɡoleo,ɡoleo,ɡole,ɡole,NL
ɡoleo,ɡoleo,ɡole,ɡole,NL
ɡoleo,ɡoleo,ɡole,ɡole,NL
ɡoleo,ɡoleo,ɡole,ɡole,NL
ɡoleo,ɡoleo,ɡole,ɡole,NL
ɡoleo,ɡoleo,ɡole,ɡole,NL
ɡoleo,ɡoleo,ɡole,ɡole,NL
ɡoleo,ɡoleo,ɡole,ɡole,NL
ɡoleo,ɡoleo,ɡole,ɡole,NL
ɡoleo,ɡoleo,ɡole,ɡole,NL
ɡoleo,ɡoleo,ɡole,ɡole,NL
ɡoleo,ɡoleo,ɡole,ɡole,NL
ɡoleo,ɡoleo,ɡole,ɡole,NL
ɡoleo,ɡoleo,ɡole,ɡole,NL
ɡoleo,ɡoleo,ɡole,ɡole,NL
ɡoleo,ɡoleo,ɡole,ɡole,NL
ɡoleo,ɡoleo,ɡole,ɡole,NL
ɡoleo,ɡoleo,ɡole,ɡole,NL
ɡoleo,ɡoleo,ɡole,ɡole,NL
ɡoleo,ɡoleo,ɡole,ɡole,NL
ɡoleo,ɡoleo,ɡole,ɡole,NL
ɡoleo,ɡoleo,ɡole,ɡole,NL
bɾuxuleajs,bɾuxuleajs,bɾuxule,bɾuxule,NL
bɾuxuleajs,bɾuxuleajs,bɾuxule,bɾuxule,NL
bɾuxuleajs,bɾuxuleajs,bɾuxule,bɾuxule,NL
bɾuxuleajs,bɾuxuleajs,bɾuxule,bɾuxule,NL
bɾuxuleajs,bɾuxuleajs,bɾuxule,bɾuxule,NL
bɾuxuleajs,bɾuxuleajs,bɾuxule,bɾuxule,NL
bɾuxuleajs,bɾuxuleajs,bɾuxule,bɾuxule,NL
bɾuxuleajs,bɾuxuleajs,bɾuxule,bɾuxule,NL
bɾuxuleajs,bɾuxuleajs,bɾuxule,bɾuxule,NL
bɾuxuleajs,bɾuxuleajs,bɾuxule,bɾuxule,NL
bɾuxuleajs,bɾuxuleajs,bɾuxule,bɾuxule,NL
bɾuxuleajs,bɾuxuleajs,bɾuxule,bɾuxule,NL
bɾuxuleajs,bɾuxuleajs,bɾuxule,bɾuxule,NL
bɾuxuleajs,bɾuxuleajs,bɾuxule,bɾuxule,NL
bɾuxuleajs,bɾuxuleajs,bɾuxule,bɾuxule,NL
bɾuxuleajs,bɾuxuleajs,bɾuxule,bɾuxule,NL
bɾuxuleajs,bɾuxuleajs,bɾuxule,bɾuxule,NL
bɾuxuleajs,bɾuxuleajs,bɾuxule,bɾuxule,NL
bɾuxuleajs,bɾuxuleajs,bɾuxule,bɾuxule,NL
bɾuxuleajs,bɾuxuleajs,bɾuxule,bɾuxule,NL
bɾuxuleajs,bɾuxuleajs,bɾuxule,bɾuxule,NL
bɾuxuleajs,bɾuxuleajs,bɾuxule,bɾuxule,NL
bɾuxuleajs,bɾuxuleajs,bɾuxule,bɾuxule,NL
bɾuxuleajs,bɾuxuleajs,bɾuxule,bɾuxule,NL
bɾuxuleajs,bɾuxuleajs,bɾuxule,bɾuxule,NL
bɾuxuleajs,bɾuxuleajs,bɾuxule,bɾuxule,NL
bɾuxuleajs,bɾuxuleajs,bɾuxule,bɾuxule,NL
bɾuxuleajs,bɾuxuleajs,bɾuxule,bɾuxule,NL
bɾuxuleajs,bɾuxuleajs,bɾuxule,bɾuxule,NL
bɾuxuleajs,bɾuxuleajs,bɾuxule,bɾuxule,NL
bɾuxuleajs,bɾuxuleajs,bɾuxule,bɾuxule,NL
bɾuxuleajs,bɾuxuleajs,bɾuxule,bɾuxule,NL
bɾuxuleajs,bɾuxuleajs,bɾuxule,bɾuxule,NL
bɾuxuleajs,bɾuxuleajs,bɾuxule,bɾuxule,NL
bɾuxuleajs,bɾuxuleajs,bɾuxule,bɾuxule,NL
bɾuxuleajs,bɾuxuleajs,bɾuxule,bɾuxule,NL
bɾuxuleajs,bɾuxuleajs,bɾuxule,bɾuxule,NL
bɾuxuleajs,bɾuxuleajs,bɾuxule,bɾuxule,NL
bɾuxuleajs,bɾuxuleajs,bɾuxule,bɾuxule,NL
bɾuxuleajs,bɾuxuleajs,bɾuxule,bɾuxule,NL
bɾuxuleajs,bɾuxuleajs,bɾuxule,bɾuxule,NL
bɾuxuleajs,bɾuxuleajs,bɾuxule,bɾuxule,NL
bɾuxuleajs,bɾuxuleajs,bɾuxule,bɾuxule,NL
bɾuxuleajs,bɾuxuleajs,bɾuxule,bɾuxule,NL
bɾuxuleajs,bɾuxuleajs,bɾuxule,bɾuxule,NL
bɾuxuleajs,bɾuxuleajs,bɾuxule,bɾuxule,NL
bɾuxuleajs,bɾuxuleajs,bɾuxule,bɾuxule,NL
bɾuxuleajs,bɾuxuleajs,bɾuxule,bɾuxule,NL
bɾuxuleajs,bɾuxulajs,bɾuxul,bɾuxule,NL
bɾuxuleajs,bɾuxuleajs,bɾuxule,bɾuxule,NL
bɾuxuleajs,bɾuxuleajs,bɾuxule,bɾuxule,NL
bɾuxuleajs,bɾuxuleajs,bɾuxule,bɾuxule,NL
bɾuxuleajs,bɾuxuleajs,bɾuxule,bɾuxule,NL
bɾuxuleajs,bɾuxuleajs,bɾuxule,bɾuxule,NL
bɾuxuleajs,bɾuxuleajs,bɾuxule,bɾuxule,NL
bɾuxuleamos,bɾuxuleamos,bɾuxule,bɾuxule,NL
bɾuxuleamos,bɾuxuleamos,bɾuxule,bɾuxule,NL
bɾuxuleamos,bɾuxuleamos,bɾuxule,bɾuxule,NL
bɾuxuleamos,bɾuxuleamos,bɾuxule,bɾuxule,NL
bɾuxuleamos,bɾuxuleamos,bɾuxule,bɾuxule,NL
bɾuxuleamos,bɾuxuleamos,bɾuxule,bɾuxule,NL
bɾuxuleamos,bɾuxuleamos,bɾuxule,bɾuxule,NL
bɾuxuleamos,bɾuxuleamos,bɾuxule,bɾuxule,NL
bɾuxuleamos,bɾuxuleamos,bɾuxule,bɾuxule,NL
bɾuxuleamos,bɾuxuleamos,bɾuxule,bɾuxule,NL
bɾuxuleamos,bɾuxuleamos,bɾuxule,bɾuxule,NL
bɾuxuleamos,bɾuxuleamos,bɾuxule,bɾuxule,NL
bɾuxuleamos,bɾuxuleamos,bɾuxule,bɾuxule,NL
bɾuxuleamos,bɾuxulamos,bɾuxul,bɾuxule,NL
bɾuxuleamos,bɾuxuleamos,bɾuxule,bɾuxule,NL
bɾuxuleamos,bɾuxuleamos,bɾuxule,bɾuxule,NL
bɾuxuleamos,bɾuxuleamos,bɾuxule,bɾuxule,NL
bɾuxuleamos,bɾuxuleamos,bɾuxule,bɾuxule,NL
bɾuxuleamos,bɾuxuleamos,bɾuxule,bɾuxule,NL
bɾuxuleamos,bɾuxuleamos,bɾuxule,bɾuxule,NL
bɾuxuleamos,bɾuxuleamos,bɾuxule,bɾuxule,NL
bɾuxuleamos,bɾuxuleamos,bɾuxule,bɾuxule,NL
bɾuxuleamos,bɾuxuleamos,bɾuxule,bɾuxule,NL
bɾuxuleamos,bɾuxuleamos,bɾuxule,bɾuxule,NL
bɾuxuleamos,bɾuxuleamos,bɾuxule,bɾuxule,NL
bɾuxuleamos,bɾuxuleamos,bɾuxule,bɾuxule,NL
bɾuxuleamos,bɾuxuleamos,bɾuxule,bɾuxule,NL
bɾuxuleamos,bɾuxuleamos,bɾuxule,bɾuxule,NL
bɾuxuleamos,bɾuxuleamos,bɾuxule,bɾuxule,NL
bɾuxuleamos,bɾuxuleamos,bɾuxule,bɾuxule,NL
bɾuxuleamos,bɾuxuleamos,bɾuxule,bɾuxule,NL
bɾuxuleamos,bɾuxuleamos,bɾuxule,bɾuxule,NL
bɾuxuleamos,bɾuxuleamos,bɾuxule,bɾuxule,NL
bɾuxuleamos,bɾuxuleamos,bɾuxule,bɾuxule,NL
bɾuxuleamos,bɾuxuleamos,bɾuxule,bɾuxule,NL
bɾuxuleamos,bɾuxuleamos,bɾuxule,bɾuxule,NL
bɾuxuleamos,bɾuxuleamos,bɾuxule,bɾuxule,NL
bɾuxuleamos,bɾuxuleamos,bɾuxule,bɾuxule,NL
bɾuxuleamos,bɾuxuleamos,bɾuxule,bɾuxule,NL
bɾuxuleamos,bɾuxuleamos,bɾuxule,bɾuxule,NL
bɾuxuleamos,bɾuxuleamos,bɾuxule,bɾuxule,NL
bɾuxuleamos,bɾuxuleamos,bɾuxule,bɾuxule,NL
bɾuxuleamos,bɾuxuleamos,bɾuxule,bɾuxule,NL
bɾuxuleamos,bɾuxuleamos,bɾuxule,bɾuxule,NL
bɾuxuleamos,bɾuxuleamos,bɾuxule,bɾuxule,NL
bɾuxuleamos,bɾuxuleamos,bɾuxule,bɾuxule,NL
bɾuxuleamos,bɾuxuleamos,bɾuxule,bɾuxule,NL
bɾuxuleamos,bɾuxuleamos,bɾuxule,bɾuxule,NL
bɾuxuleamos,bɾuxulamos,bɾuxul,bɾuxule,NL
bɾuxuleamos,bɾuxuleamos,bɾuxule,bɾuxule,NL
bɾuxuleamos,bɾuxuleamos,bɾuxule,bɾuxule,NL
bɾuxuleamos,bɾuxuleamos,bɾuxule,bɾuxule,NL
bɾuxuleamos,bɾuxuleamos,bɾuxule,bɾuxule,NL
bɾuxuleamos,bɾuxuleamos,bɾuxule,bɾuxule,NL
bɾuxuleamos,bɾuxuleamos,bɾuxule,bɾuxule,NL
bɾuxulean,bɾuxulan,bɾuxul,bɾuxule,NL
bɾuxulean,bɾuxulan,bɾuxul,bɾuxule,NL
bɾuxulean,bɾuxulan,bɾuxul,bɾuxule,NL
bɾuxulean,bɾuxulan,bɾuxul,bɾuxule,NL
bɾuxulean,bɾuxulan,bɾuxul,bɾuxule,NL
bɾuxulean,bɾuxulan,bɾuxul,bɾuxule,NL
bɾuxulean,bɾuxulan,bɾuxul,bɾuxule,NL
bɾuxulean,bɾuxulan,bɾuxul,bɾuxule,NL
bɾuxulean,bɾuxulan,bɾuxul,bɾuxule,NL
bɾuxulean,bɾuxulan,bɾuxul,bɾuxule,NL
bɾuxulean,bɾuxulan,bɾuxul,bɾuxule,NL
bɾuxulean,bɾuxulan,bɾuxul,bɾuxule,NL
bɾuxulean,bɾuxulan,bɾuxul,bɾuxule,NL
bɾuxulean,bɾuxulan,bɾuxul,bɾuxule,NL
bɾuxulean,bɾuxulan,bɾuxul,bɾuxule,NL
bɾuxulean,bɾuxulan,bɾuxul,bɾuxule,NL
bɾuxulean,bɾuxulan,bɾuxul,bɾuxule,NL
bɾuxulean,bɾuxulan,bɾuxul,bɾuxule,NL
bɾuxulean,bɾuxulan,bɾuxul,bɾuxule,NL
bɾuxulean,bɾuxulean,bɾuxule,bɾuxule,NL
bɾuxulean,bɾuxulan,bɾuxul,bɾuxule,NL
bɾuxulean,bɾuxulan,bɾuxul,bɾuxule,NL
bɾuxulean,bɾuxulean,bɾuxule,bɾuxule,NL
bɾuxulean,bɾuxulean,bɾuxule,bɾuxule,NL
bɾuxulean,bɾuxulean,bɾuxule,bɾuxule,NL
bɾuxulean,bɾuxulean,bɾuxule,bɾuxule,NL
bɾuxulean,bɾuxulean,bɾuxule,bɾuxule,NL
bɾuxulean,bɾuxulan,bɾuxul,bɾuxule,NL
bɾuxulean,bɾuxulan,bɾuxul,bɾuxule,NL
bɾuxulean,bɾuxulean,bɾuxule,bɾuxule,NL
bɾuxulean,bɾuxulean,bɾuxule,bɾuxule,NL
bɾuxulean,bɾuxulean,bɾuxule,bɾuxule,NL
bɾuxulean,bɾuxulean,bɾuxule,bɾuxule,NL
bɾuxulean,bɾuxulean,bɾuxule,bɾuxule,NL
bɾuxulean,bɾuxulan,bɾuxul,bɾuxule,NL
bɾuxulean,bɾuxulan,bɾuxul,bɾuxule,NL
bɾuxulean,bɾuxulan,bɾuxul,bɾuxule,NL
bɾuxulean,bɾuxulan,bɾuxul,bɾuxule,NL
bɾuxulean,bɾuxulan,bɾuxul,bɾuxule,NL
bɾuxulean,bɾuxulan,bɾuxul,bɾuxule,NL
bɾuxulean,bɾuxulan,bɾuxul,bɾuxule,NL
bɾuxulean,bɾuxulan,bɾuxul,bɾuxule,NL
bɾuxulean,bɾuxulan,bɾuxul,bɾuxule,NL
bɾuxulean,bɾuxulan,bɾuxul,bɾuxule,NL
bɾuxulean,bɾuxulan,bɾuxul,bɾuxule,NL
bɾuxulean,bɾuxulan,bɾuxul,bɾuxule,NL
bɾuxulean,bɾuxulan,bɾuxul,bɾuxule,NL
bɾuxulean,bɾuxulan,bɾuxul,bɾuxule,NL
bɾuxulean,bɾuxulan,bɾuxul,bɾuxule,NL
bɾuxulean,bɾuxulean,bɾuxule,bɾuxule,NL
bɾuxulean,bɾuxulean,bɾuxule,bɾuxule,NL
bɾuxulean,bɾuxulan,bɾuxul,bɾuxule,NL
bɾuxulean,bɾuxulan,bɾuxul,bɾuxule,NL
bɾuxulean,bɾuxulan,bɾuxul,bɾuxule,NL
bɾuxulean,bɾuxulan,bɾuxul,bɾuxule,NL
bɾuxuleas,bɾuxulas,bɾuxul,bɾuxule,NL
bɾuxuleas,bɾuxulas,bɾuxul,bɾuxule,NL
bɾuxuleas,bɾuxulas,bɾuxul,bɾuxule,NL
bɾuxuleas,bɾuxulas,bɾuxul,bɾuxule,NL
bɾuxuleas,bɾuxulas,bɾuxul,bɾuxule,NL
bɾuxuleas,bɾuxulas,bɾuxul,bɾuxule,NL
bɾuxuleas,bɾuxulas,bɾuxul,bɾuxule,NL
bɾuxuleas,bɾuxulas,bɾuxul,bɾuxule,NL
bɾuxuleas,bɾuxulas,bɾuxul,bɾuxule,NL
bɾuxuleas,bɾuxulas,bɾuxul,bɾuxule,NL
bɾuxuleas,bɾuxulas,bɾuxul,bɾuxule,NL
bɾuxuleas,bɾuxulas,bɾuxul,bɾuxule,NL
bɾuxuleas,bɾuxulas,bɾuxul,bɾuxule,NL
bɾuxuleas,bɾuxulas,bɾuxul,bɾuxule,NL
bɾuxuleas,bɾuxulas,bɾuxul,bɾuxule,NL
bɾuxuleas,bɾuxulas,bɾuxul,bɾuxule,NL
bɾuxuleas,bɾuxulas,bɾuxul,bɾuxule,NL
bɾuxuleas,bɾuxulas,bɾuxul,bɾuxule,NL
bɾuxuleas,bɾuxulas,bɾuxul,bɾuxule,NL
bɾuxuleas,bɾuxuleas,bɾuxule,bɾuxule,NL
bɾuxuleas,bɾuxulas,bɾuxul,bɾuxule,NL
bɾuxuleas,bɾuxulas,bɾuxul,bɾuxule,NL
bɾuxuleas,bɾuxulas,bɾuxul,bɾuxule,NL
bɾuxuleas,bɾuxulas,bɾuxul,bɾuxule,NL
bɾuxuleas,bɾuxuleas,bɾuxule,bɾuxule,NL
bɾuxuleas,bɾuxuleas,bɾuxule,bɾuxule,NL
bɾuxuleas,bɾuxuleas,bɾuxule,bɾuxule,NL
bɾuxuleas,bɾuxulas,bɾuxul,bɾuxule,NL
bɾuxuleas,bɾuxulas,bɾuxul,bɾuxule,NL
bɾuxuleas,bɾuxuleas,bɾuxule,bɾuxule,NL
bɾuxuleas,bɾuxuleas,bɾuxule,bɾuxule,NL
bɾuxuleas,bɾuxuleas,bɾuxule,bɾuxule,NL
bɾuxuleas,bɾuxuleas,bɾuxule,bɾuxule,NL
bɾuxuleas,bɾuxuleas,bɾuxule,bɾuxule,NL
bɾuxuleas,bɾuxulas,bɾuxul,bɾuxule,NL
bɾuxuleas,bɾuxulas,bɾuxul,bɾuxule,NL
bɾuxuleas,bɾuxulas,bɾuxul,bɾuxule,NL
bɾuxuleas,bɾuxulas,bɾuxul,bɾuxule,NL
bɾuxuleas,bɾuxulas,bɾuxul,bɾuxule,NL
bɾuxuleas,bɾuxulas,bɾuxul,bɾuxule,NL
bɾuxuleas,bɾuxulas,bɾuxul,bɾuxule,NL
bɾuxuleas,bɾuxulas,bɾuxul,bɾuxule,NL
bɾuxuleas,bɾuxulas,bɾuxul,bɾuxule,NL
bɾuxuleas,bɾuxulas,bɾuxul,bɾuxule,NL
bɾuxuleas,bɾuxulas,bɾuxul,bɾuxule,NL
bɾuxuleas,bɾuxulas,bɾuxul,bɾuxule,NL
bɾuxuleas,bɾuxulas,bɾuxul,bɾuxule,NL
bɾuxuleas,bɾuxulas,bɾuxul,bɾuxule,NL
bɾuxuleas,bɾuxulas,bɾuxul,bɾuxule,NL
bɾuxuleas,bɾuxuleas,bɾuxule,bɾuxule,NL
bɾuxuleas,bɾuxuleas,bɾuxule,bɾuxule,NL
bɾuxuleas,bɾuxuleas,bɾuxule,bɾuxule,NL
bɾuxuleas,bɾuxuleas,bɾuxule,bɾuxule,NL
bɾuxuleas,bɾuxulas,bɾuxul,bɾuxule,NL
bɾuxuleas,bɾuxulas,bɾuxul,bɾuxule,NL
bɾuxulea,bɾuxula,bɾuxul,bɾuxule,NL
bɾuxulea,bɾuxula,bɾuxul,bɾuxule,NL
bɾuxulea,bɾuxula,bɾuxul,bɾuxule,NL
bɾuxulea,bɾuxula,bɾuxul,bɾuxule,NL
bɾuxulea,bɾuxula,bɾuxul,bɾuxule,NL
bɾuxulea,bɾuxula,bɾuxul,bɾuxule,NL
bɾuxulea,bɾuxula,bɾuxul,bɾuxule,NL
bɾuxulea,bɾuxula,bɾuxul,bɾuxule,NL
bɾuxulea,bɾuxula,bɾuxul,bɾuxule,NL
bɾuxulea,bɾuxula,bɾuxul,bɾuxule,NL
bɾuxulea,bɾuxula,bɾuxul,bɾuxule,NL
bɾuxulea,bɾuxula,bɾuxul,bɾuxule,NL
bɾuxulea,bɾuxula,bɾuxul,bɾuxule,NL
bɾuxulea,bɾuxula,bɾuxul,bɾuxule,NL
bɾuxulea,bɾuxula,bɾuxul,bɾuxule,NL
bɾuxulea,bɾuxula,bɾuxul,bɾuxule,NL
bɾuxulea,bɾuxula,bɾuxul,bɾuxule,NL
bɾuxulea,bɾuxula,bɾuxul,bɾuxule,NL
bɾuxulea,bɾuxula,bɾuxul,bɾuxule,NL
bɾuxulea,bɾuxulea,bɾuxule,bɾuxule,NL
bɾuxulea,bɾuxula,bɾuxul,bɾuxule,NL
bɾuxulea,bɾuxula,bɾuxul,bɾuxule,NL
bɾuxulea,bɾuxula,bɾuxul,bɾuxule,NL
bɾuxulea,bɾuxulea,bɾuxule,bɾuxule,NL
bɾuxulea,bɾuxulea,bɾuxule,bɾuxule,NL
bɾuxulea,bɾuxulea,bɾuxule,bɾuxule,NL
bɾuxulea,bɾuxulea,bɾuxule,bɾuxule,NL
bɾuxulea,bɾuxula,bɾuxul,bɾuxule,NL
bɾuxulea,bɾuxula,bɾuxul,bɾuxule,NL
bɾuxulea,bɾuxulea,bɾuxule,bɾuxule,NL
bɾuxulea,bɾuxulea,bɾuxule,bɾuxule,NL
bɾuxulea,bɾuxulea,bɾuxule,bɾuxule,NL
bɾuxulea,bɾuxulea,bɾuxule,bɾuxule,NL
bɾuxulea,bɾuxulea,bɾuxule,bɾuxule,NL
bɾuxulea,bɾuxula,bɾuxul,bɾuxule,NL
bɾuxulea,bɾuxula,bɾuxul,bɾuxule,NL
bɾuxulea,bɾuxula,bɾuxul,bɾuxule,NL
bɾuxulea,bɾuxula,bɾuxul,bɾuxule,NL
bɾuxulea,bɾuxula,bɾuxul,bɾuxule,NL
bɾuxulea,bɾuxula,bɾuxul,bɾuxule,NL
bɾuxulea,bɾuxula,bɾuxul,bɾuxule,NL
bɾuxulea,bɾuxula,bɾuxul,bɾuxule,NL
bɾuxulea,bɾuxula,bɾuxul,bɾuxule,NL
bɾuxulea,bɾuxula,bɾuxul,bɾuxule,NL
bɾuxulea,bɾuxula,bɾuxul,bɾuxule,NL
bɾuxulea,bɾuxula,bɾuxul,bɾuxule,NL
bɾuxulea,bɾuxula,bɾuxul,bɾuxule,NL
bɾuxulea,bɾuxula,bɾuxul,bɾuxule,NL
bɾuxulea,bɾuxula,bɾuxul,bɾuxule,NL
bɾuxulea,bɾuxulea,bɾuxule,bɾuxule,NL
bɾuxulea,bɾuxulea,bɾuxule,bɾuxule,NL
bɾuxulea,bɾuxulea,bɾuxule,bɾuxule,NL
bɾuxulea,bɾuxulea,bɾuxule,bɾuxule,NL
bɾuxulea,bɾuxula,bɾuxul,bɾuxule,NL
bɾuxulea,bɾuxulea,bɾuxule,bɾuxule,NL
bɾuxuleejs,bɾuxuleejs,bɾuxule,bɾuxule,NL
bɾuxuleejs,bɾuxuleejs,bɾuxule,bɾuxule,NL
bɾuxuleejs,bɾuxuleejs,bɾuxule,bɾuxule,NL
bɾuxuleejs,bɾuxuleejs,bɾuxule,bɾuxule,NL
bɾuxuleejs,bɾuxuleejs,bɾuxule,bɾuxule,NL
bɾuxuleejs,bɾuxuleejs,bɾuxule,bɾuxule,NL
bɾuxuleejs,bɾuxuleejs,bɾuxule,bɾuxule,NL
bɾuxuleejs,bɾuxuleejs,bɾuxule,bɾuxule,NL
bɾuxuleejs,bɾuxuleejs,bɾuxule,bɾuxule,NL
bɾuxuleejs,bɾuxuleejs,bɾuxule,bɾuxule,NL
bɾuxuleejs,bɾuxuleejs,bɾuxule,bɾuxule,NL
bɾuxuleejs,bɾuxuleejs,bɾuxule,bɾuxule,NL
bɾuxuleejs,bɾuxuleejs,bɾuxule,bɾuxule,NL
bɾuxuleejs,bɾuxuleejs,bɾuxule,bɾuxule,NL
bɾuxuleejs,bɾuxuleejs,bɾuxule,bɾuxule,NL
bɾuxuleejs,bɾuxuleejs,bɾuxule,bɾuxule,NL
bɾuxuleejs,bɾuxuleejs,bɾuxule,bɾuxule,NL
bɾuxuleejs,bɾuxuleejs,bɾuxule,bɾuxule,NL
bɾuxuleejs,bɾuxuleejs,bɾuxule,bɾuxule,NL
bɾuxuleejs,bɾuxuleejs,bɾuxule,bɾuxule,NL
bɾuxuleejs,bɾuxuleejs,bɾuxule,bɾuxule,NL
bɾuxuleejs,bɾuxulejs,bɾuxul,bɾuxule,NL
bɾuxuleejs,bɾuxuleejs,bɾuxule,bɾuxule,NL
bɾuxuleejs,bɾuxuleejs,bɾuxule,bɾuxule,NL
bɾuxuleejs,bɾuxuleejs,bɾuxule,bɾuxule,NL
bɾuxuleejs,bɾuxuleejs,bɾuxule,bɾuxule,NL
bɾuxuleejs,bɾuxuleejs,bɾuxule,bɾuxule,NL
bɾuxuleejs,bɾuxuleejs,bɾuxule,bɾuxule,NL
bɾuxuleejs,bɾuxuleejs,bɾuxule,bɾuxule,NL
bɾuxuleejs,bɾuxuleejs,bɾuxule,bɾuxule,NL
bɾuxuleejs,bɾuxuleejs,bɾuxule,bɾuxule,NL
bɾuxuleejs,bɾuxuleejs,bɾuxule,bɾuxule,NL
bɾuxuleejs,bɾuxuleejs,bɾuxule,bɾuxule,NL
bɾuxuleejs,bɾuxuleejs,bɾuxule,bɾuxule,NL
bɾuxuleejs,bɾuxuleejs,bɾuxule,bɾuxule,NL
bɾuxuleejs,bɾuxuleejs,bɾuxule,bɾuxule,NL
bɾuxuleejs,bɾuxuleejs,bɾuxule,bɾuxule,NL
bɾuxuleejs,bɾuxuleejs,bɾuxule,bɾuxule,NL
bɾuxuleejs,bɾuxuleejs,bɾuxule,bɾuxule,NL
bɾuxuleejs,bɾuxuleejs,bɾuxule,bɾuxule,NL
bɾuxuleejs,bɾuxuleejs,bɾuxule,bɾuxule,NL
bɾuxuleejs,bɾuxuleejs,bɾuxule,bɾuxule,NL
bɾuxuleejs,bɾuxuleejs,bɾuxule,bɾuxule,NL
bɾuxuleejs,bɾuxuleejs,bɾuxule,bɾuxule,NL
bɾuxuleejs,bɾuxuleejs,bɾuxule,bɾuxule,NL
bɾuxuleejs,bɾuxulejs,bɾuxul,bɾuxule,NL
bɾuxuleejs,bɾuxulejs,bɾuxul,bɾuxule,NL
bɾuxuleejs,bɾuxulejs,bɾuxul,bɾuxule,NL
bɾuxuleejs,bɾuxulejs,bɾuxul,bɾuxule,NL
bɾuxuleejs,bɾuxuleejs,bɾuxule,bɾuxule,NL
bɾuxuleejs,bɾuxuleejs,bɾuxule,bɾuxule,NL
bɾuxuleejs,bɾuxuleejs,bɾuxule,bɾuxule,NL
bɾuxuleejs,bɾuxuleejs,bɾuxule,bɾuxule,NL
bɾuxuleejs,bɾuxuleejs,bɾuxule,bɾuxule,NL
bɾuxuleejs,bɾuxuleejs,bɾuxule,bɾuxule,NL
bɾuxuleemos,bɾuxuleemos,bɾuxule,bɾuxule,NL
bɾuxuleemos,bɾuxuleemos,bɾuxule,bɾuxule,NL
bɾuxuleemos,bɾuxuleemos,bɾuxule,bɾuxule,NL
bɾuxuleemos,bɾuxuleemos,bɾuxule,bɾuxule,NL
bɾuxuleemos,bɾuxuleemos,bɾuxule,bɾuxule,NL
bɾuxuleemos,bɾuxuleemos,bɾuxule,bɾuxule,NL
bɾuxuleemos,bɾuxuleemos,bɾuxule,bɾuxule,NL
bɾuxuleemos,bɾuxuleemos,bɾuxule,bɾuxule,NL
bɾuxuleemos,bɾuxuleemos,bɾuxule,bɾuxule,NL
bɾuxuleemos,bɾuxuleemos,bɾuxule,bɾuxule,NL
bɾuxuleemos,bɾuxuleemos,bɾuxule,bɾuxule,NL
bɾuxuleemos,bɾuxuleemos,bɾuxule,bɾuxule,NL
bɾuxuleemos,bɾuxuleemos,bɾuxule,bɾuxule,NL
bɾuxuleemos,bɾuxuleemos,bɾuxule,bɾuxule,NL
bɾuxuleemos,bɾuxuleemos,bɾuxule,bɾuxule,NL
bɾuxuleemos,bɾuxuleemos,bɾuxule,bɾuxule,NL
bɾuxuleemos,bɾuxuleemos,bɾuxule,bɾuxule,NL
bɾuxuleemos,bɾuxuleemos,bɾuxule,bɾuxule,NL
bɾuxuleemos,bɾuxuleemos,bɾuxule,bɾuxule,NL
bɾuxuleemos,bɾuxuleemos,bɾuxule,bɾuxule,NL
bɾuxuleemos,bɾuxuleemos,bɾuxule,bɾuxule,NL
bɾuxuleemos,bɾuxulemos,bɾuxul,bɾuxule,NL
bɾuxuleemos,bɾuxulemos,bɾuxul,bɾuxule,NL
bɾuxuleemos,bɾuxuleemos,bɾuxule,bɾuxule,NL
bɾuxuleemos,bɾuxuleemos,bɾuxule,bɾuxule,NL
bɾuxuleemos,bɾuxuleemos,bɾuxule,bɾuxule,NL
bɾuxuleemos,bɾuxuleemos,bɾuxule,bɾuxule,NL
bɾuxuleemos,bɾuxuleemos,bɾuxule,bɾuxule,NL
bɾuxuleemos,bɾuxuleemos,bɾuxule,bɾuxule,NL
bɾuxuleemos,bɾuxuleemos,bɾuxule,bɾuxule,NL
bɾuxuleemos,bɾuxuleemos,bɾuxule,bɾuxule,NL
bɾuxuleemos,bɾuxuleemos,bɾuxule,bɾuxule,NL
bɾuxuleemos,bɾuxuleemos,bɾuxule,bɾuxule,NL
bɾuxuleemos,bɾuxuleemos,bɾuxule,bɾuxule,NL
bɾuxuleemos,bɾuxuleemos,bɾuxule,bɾuxule,NL
bɾuxuleemos,bɾuxuleemos,bɾuxule,bɾuxule,NL
bɾuxuleemos,bɾuxuleemos,bɾuxule,bɾuxule,NL
bɾuxuleemos,bɾuxuleemos,bɾuxule,bɾuxule,NL
bɾuxuleemos,bɾuxuleemos,bɾuxule,bɾuxule,NL
bɾuxuleemos,bɾuxuleemos,bɾuxule,bɾuxule,NL
bɾuxuleemos,bɾuxuleemos,bɾuxule,bɾuxule,NL
bɾuxuleemos,bɾuxuleemos,bɾuxule,bɾuxule,NL
bɾuxuleemos,bɾuxuleemos,bɾuxule,bɾuxule,NL
bɾuxuleemos,bɾuxuleemos,bɾuxule,bɾuxule,NL
bɾuxuleemos,bɾuxuleemos,bɾuxule,bɾuxule,NL
bɾuxuleemos,bɾuxulemos,bɾuxul,bɾuxule,NL
bɾuxuleemos,bɾuxulemos,bɾuxul,bɾuxule,NL
bɾuxuleemos,bɾuxulemos,bɾuxul,bɾuxule,NL
bɾuxuleemos,bɾuxulemos,bɾuxul,bɾuxule,NL
bɾuxuleemos,bɾuxuleemos,bɾuxule,bɾuxule,NL
bɾuxuleemos,bɾuxuleemos,bɾuxule,bɾuxule,NL
bɾuxuleemos,bɾuxuleemos,bɾuxule,bɾuxule,NL
bɾuxuleemos,bɾuxuleemos,bɾuxule,bɾuxule,NL
bɾuxuleemos,bɾuxuleemos,bɾuxule,bɾuxule,NL
bɾuxuleemos,bɾuxuleemos,bɾuxule,bɾuxule,NL
bɾuxuleen,bɾuxulen,bɾuxul,bɾuxule,NL
bɾuxuleen,bɾuxulen,bɾuxul,bɾuxule,NL
bɾuxuleen,bɾuxulen,bɾuxul,bɾuxule,NL
bɾuxuleen,bɾuxulen,bɾuxul,bɾuxule,NL
bɾuxuleen,bɾuxulen,bɾuxul,bɾuxule,NL
bɾuxuleen,bɾuxulen,bɾuxul,bɾuxule,NL
bɾuxuleen,bɾuxulen,bɾuxul,bɾuxule,NL
bɾuxuleen,bɾuxulen,bɾuxul,bɾuxule,NL
bɾuxuleen,bɾuxulen,bɾuxul,bɾuxule,NL
bɾuxuleen,bɾuxulen,bɾuxul,bɾuxule,NL
bɾuxuleen,bɾuxulen,bɾuxul,bɾuxule,NL
bɾuxuleen,bɾuxulen,bɾuxul,bɾuxule,NL
bɾuxuleen,bɾuxulen,bɾuxul,bɾuxule,NL
bɾuxuleen,bɾuxulen,bɾuxul,bɾuxule,NL
bɾuxuleen,bɾuxulen,bɾuxul,bɾuxule,NL
bɾuxuleen,bɾuxulen,bɾuxul,bɾuxule,NL
bɾuxuleen,bɾuxulen,bɾuxul,bɾuxule,NL
bɾuxuleen,bɾuxulen,bɾuxul,bɾuxule,NL
bɾuxuleen,bɾuxulen,bɾuxul,bɾuxule,NL
bɾuxuleen,bɾuxulen,bɾuxul,bɾuxule,NL
bɾuxuleen,bɾuxulen,bɾuxul,bɾuxule,NL
bɾuxuleen,bɾuxulen,bɾuxul,bɾuxule,NL
bɾuxuleen,bɾuxulen,bɾuxul,bɾuxule,NL
bɾuxuleen,bɾuxulen,bɾuxul,bɾuxule,NL
bɾuxuleen,bɾuxulen,bɾuxul,bɾuxule,NL
bɾuxuleen,bɾuxulen,bɾuxul,bɾuxule,NL
bɾuxuleen,bɾuxulen,bɾuxul,bɾuxule,NL
bɾuxuleen,bɾuxuleen,bɾuxule,bɾuxule,NL
bɾuxuleen,bɾuxulen,bɾuxul,bɾuxule,NL
bɾuxuleen,bɾuxulen,bɾuxul,bɾuxule,NL
bɾuxuleen,bɾuxuleen,bɾuxule,bɾuxule,NL
bɾuxuleen,bɾuxuleen,bɾuxule,bɾuxule,NL
bɾuxuleen,bɾuxuleen,bɾuxule,bɾuxule,NL
bɾuxuleen,bɾuxuleen,bɾuxule,bɾuxule,NL
bɾuxuleen,bɾuxulen,bɾuxul,bɾuxule,NL
bɾuxuleen,bɾuxulen,bɾuxul,bɾuxule,NL
bɾuxuleen,bɾuxuleen,bɾuxule,bɾuxule,NL
bɾuxuleen,bɾuxuleen,bɾuxule,bɾuxule,NL
bɾuxuleen,bɾuxuleen,bɾuxule,bɾuxule,NL
bɾuxuleen,bɾuxulen,bɾuxul,bɾuxule,NL
bɾuxuleen,bɾuxulen,bɾuxul,bɾuxule,NL
bɾuxuleen,bɾuxulen,bɾuxul,bɾuxule,NL
bɾuxuleen,bɾuxulen,bɾuxul,bɾuxule,NL
bɾuxuleen,bɾuxulen,bɾuxul,bɾuxule,NL
bɾuxuleen,bɾuxulen,bɾuxul,bɾuxule,NL
bɾuxuleen,bɾuxulen,bɾuxul,bɾuxule,NL
bɾuxuleen,bɾuxulen,bɾuxul,bɾuxule,NL
bɾuxuleen,bɾuxulen,bɾuxul,bɾuxule,NL
bɾuxuleen,bɾuxulen,bɾuxul,bɾuxule,NL
bɾuxuleen,bɾuxulen,bɾuxul,bɾuxule,NL
bɾuxuleen,bɾuxulen,bɾuxul,bɾuxule,NL
bɾuxuleen,bɾuxulen,bɾuxul,bɾuxule,NL
bɾuxuleen,bɾuxulen,bɾuxul,bɾuxule,NL
bɾuxuleen,bɾuxulen,bɾuxul,bɾuxule,NL
bɾuxuleen,bɾuxulen,bɾuxul,bɾuxule,NL
bɾuxulees,bɾuxules,bɾuxul,bɾuxule,NL
bɾuxulees,bɾuxules,bɾuxul,bɾuxule,NL
bɾuxulees,bɾuxules,bɾuxul,bɾuxule,NL
bɾuxulees,bɾuxules,bɾuxul,bɾuxule,NL
bɾuxulees,bɾuxules,bɾuxul,bɾuxule,NL
bɾuxulees,bɾuxules,bɾuxul,bɾuxule,NL
bɾuxulees,bɾuxules,bɾuxul,bɾuxule,NL
bɾuxulees,bɾuxules,bɾuxul,bɾuxule,NL
bɾuxulees,bɾuxules,bɾuxul,bɾuxule,NL
bɾuxulees,bɾuxules,bɾuxul,bɾuxule,NL
bɾuxulees,bɾuxules,bɾuxul,bɾuxule,NL
bɾuxulees,bɾuxules,bɾuxul,bɾuxule,NL
bɾuxulees,bɾuxules,bɾuxul,bɾuxule,NL
bɾuxulees,bɾuxules,bɾuxul,bɾuxule,NL
bɾuxulees,bɾuxules,bɾuxul,bɾuxule,NL
bɾuxulees,bɾuxules,bɾuxul,bɾuxule,NL
bɾuxulees,bɾuxules,bɾuxul,bɾuxule,NL
bɾuxulees,bɾuxules,bɾuxul,bɾuxule,NL
bɾuxulees,bɾuxules,bɾuxul,bɾuxule,NL
bɾuxulees,bɾuxules,bɾuxul,bɾuxule,NL
bɾuxulees,bɾuxules,bɾuxul,bɾuxule,NL
bɾuxulees,bɾuxules,bɾuxul,bɾuxule,NL
bɾuxulees,bɾuxules,bɾuxul,bɾuxule,NL
bɾuxulees,bɾuxules,bɾuxul,bɾuxule,NL
bɾuxulees,bɾuxules,bɾuxul,bɾuxule,NL
bɾuxulees,bɾuxules,bɾuxul,bɾuxule,NL
bɾuxulees,bɾuxules,bɾuxul,bɾuxule,NL
bɾuxulees,bɾuxulees,bɾuxule,bɾuxule,NL
bɾuxulees,bɾuxules,bɾuxul,bɾuxule,NL
bɾuxulees,bɾuxules,bɾuxul,bɾuxule,NL
bɾuxulees,bɾuxules,bɾuxul,bɾuxule,NL
bɾuxulees,bɾuxulees,bɾuxule,bɾuxule,NL
bɾuxulees,bɾuxulees,bɾuxule,bɾuxule,NL
bɾuxulees,bɾuxulees,bɾuxule,bɾuxule,NL
bɾuxulees,bɾuxules,bɾuxul,bɾuxule,NL
bɾuxulees,bɾuxules,bɾuxul,bɾuxule,NL
bɾuxulees,bɾuxules,bɾuxul,bɾuxule,NL
bɾuxulees,bɾuxulees,bɾuxule,bɾuxule,NL
bɾuxulees,bɾuxulees,bɾuxule,bɾuxule,NL
bɾuxulees,bɾuxulees,bɾuxule,bɾuxule,NL
bɾuxulees,bɾuxules,bɾuxul,bɾuxule,NL
bɾuxulees,bɾuxules,bɾuxul,bɾuxule,NL
bɾuxulees,bɾuxules,bɾuxul,bɾuxule,NL
bɾuxulees,bɾuxules,bɾuxul,bɾuxule,NL
bɾuxulees,bɾuxules,bɾuxul,bɾuxule,NL
bɾuxulees,bɾuxules,bɾuxul,bɾuxule,NL
bɾuxulees,bɾuxules,bɾuxul,bɾuxule,NL
bɾuxulees,bɾuxules,bɾuxul,bɾuxule,NL
bɾuxulees,bɾuxules,bɾuxul,bɾuxule,NL
bɾuxulees,bɾuxules,bɾuxul,bɾuxule,NL
bɾuxulees,bɾuxules,bɾuxul,bɾuxule,NL
bɾuxulees,bɾuxules,bɾuxul,bɾuxule,NL
bɾuxulees,bɾuxules,bɾuxul,bɾuxule,NL
bɾuxulees,bɾuxules,bɾuxul,bɾuxule,NL
bɾuxulees,bɾuxules,bɾuxul,bɾuxule,NL
bɾuxulee,bɾuxule,bɾuxul,bɾuxule,NL
bɾuxulee,bɾuxule,bɾuxul,bɾuxule,NL
bɾuxulee,bɾuxule,bɾuxul,bɾuxule,NL
bɾuxulee,bɾuxule,bɾuxul,bɾuxule,NL
bɾuxulee,bɾuxule,bɾuxul,bɾuxule,NL
bɾuxulee,bɾuxule,bɾuxul,bɾuxule,NL
bɾuxulee,bɾuxule,bɾuxul,bɾuxule,NL
bɾuxulee,bɾuxule,bɾuxul,bɾuxule,NL
bɾuxulee,bɾuxule,bɾuxul,bɾuxule,NL
bɾuxulee,bɾuxule,bɾuxul,bɾuxule,NL
bɾuxulee,bɾuxule,bɾuxul,bɾuxule,NL
bɾuxulee,bɾuxule,bɾuxul,bɾuxule,NL
bɾuxulee,bɾuxule,bɾuxul,bɾuxule,NL
bɾuxulee,bɾuxule,bɾuxul,bɾuxule,NL
bɾuxulee,bɾuxule,bɾuxul,bɾuxule,NL
bɾuxulee,bɾuxule,bɾuxul,bɾuxule,NL
bɾuxulee,bɾuxule,bɾuxul,bɾuxule,NL
bɾuxulee,bɾuxule,bɾuxul,bɾuxule,NL
bɾuxulee,bɾuxule,bɾuxul,bɾuxule,NL
bɾuxulee,bɾuxule,bɾuxul,bɾuxule,NL
bɾuxulee,bɾuxulee,bɾuxule,bɾuxule,NL
bɾuxulee,bɾuxule,bɾuxul,bɾuxule,NL
bɾuxulee,bɾuxule,bɾuxul,bɾuxule,NL
bɾuxulee,bɾuxule,bɾuxul,bɾuxule,NL
bɾuxulee,bɾuxule,bɾuxul,bɾuxule,NL
bɾuxulee,bɾuxulee,bɾuxule,bɾuxule,NL
bɾuxulee,bɾuxule,bɾuxul,bɾuxule,NL
bɾuxulee,bɾuxulee,bɾuxule,bɾuxule,NL
bɾuxulee,bɾuxule,bɾuxul,bɾuxule,NL
bɾuxulee,bɾuxule,bɾuxul,bɾuxule,NL
bɾuxulee,bɾuxulee,bɾuxule,bɾuxule,NL
bɾuxulee,bɾuxulee,bɾuxule,bɾuxule,NL
bɾuxulee,bɾuxulee,bɾuxule,bɾuxule,NL
bɾuxulee,bɾuxulee,bɾuxule,bɾuxule,NL
bɾuxulee,bɾuxule,bɾuxul,bɾuxule,NL
bɾuxulee,bɾuxule,bɾuxul,bɾuxule,NL
bɾuxulee,bɾuxulee,bɾuxule,bɾuxule,NL
bɾuxulee,bɾuxulee,bɾuxule,bɾuxule,NL
bɾuxulee,bɾuxulee,bɾuxule,bɾuxule,NL
bɾuxulee,bɾuxulee,bɾuxule,bɾuxule,NL
bɾuxulee,bɾuxule,bɾuxul,bɾuxule,NL
bɾuxulee,bɾuxule,bɾuxul,bɾuxule,NL
bɾuxulee,bɾuxule,bɾuxul,bɾuxule,NL
bɾuxulee,bɾuxule,bɾuxul,bɾuxule,NL
bɾuxulee,bɾuxule,bɾuxul,bɾuxule,NL
bɾuxulee,bɾuxule,bɾuxul,bɾuxule,NL
bɾuxulee,bɾuxule,bɾuxul,bɾuxule,NL
bɾuxulee,bɾuxule,bɾuxul,bɾuxule,NL
bɾuxulee,bɾuxule,bɾuxul,bɾuxule,NL
bɾuxulee,bɾuxule,bɾuxul,bɾuxule,NL
bɾuxulee,bɾuxule,bɾuxul,bɾuxule,NL
bɾuxulee,bɾuxule,bɾuxul,bɾuxule,NL
bɾuxulee,bɾuxulee,bɾuxule,bɾuxule,NL
bɾuxulee,bɾuxule,bɾuxul,bɾuxule,NL
bɾuxulee,bɾuxule,bɾuxul,bɾuxule,NL
bɾuxulee,bɾuxule,bɾuxul,bɾuxule,NL
bɾuxulee,bɾuxule,bɾuxul,bɾuxule,NL
bɾuxulee,bɾuxule,bɾuxul,bɾuxule,NL
bɾuxulee,bɾuxule,bɾuxul,bɾuxule,NL
bɾuxulee,bɾuxule,bɾuxul,bɾuxule,NL
bɾuxulee,bɾuxule,bɾuxul,bɾuxule,NL
bɾuxulee,bɾuxule,bɾuxul,bɾuxule,NL
bɾuxulee,bɾuxule,bɾuxul,bɾuxule,NL
bɾuxulee,bɾuxule,bɾuxul,bɾuxule,NL
bɾuxulee,bɾuxule,bɾuxul,bɾuxule,NL
bɾuxulee,bɾuxule,bɾuxul,bɾuxule,NL
bɾuxulee,bɾuxule,bɾuxul,bɾuxule,NL
bɾuxulee,bɾuxule,bɾuxul,bɾuxule,NL
bɾuxulee,bɾuxule,bɾuxul,bɾuxule,NL
bɾuxulee,bɾuxule,bɾuxul,bɾuxule,NL
bɾuxulee,bɾuxule,bɾuxul,bɾuxule,NL
bɾuxulee,bɾuxule,bɾuxul,bɾuxule,NL
bɾuxulee,bɾuxule,bɾuxul,bɾuxule,NL
bɾuxulee,bɾuxule,bɾuxul,bɾuxule,NL
bɾuxulee,bɾuxule,bɾuxul,bɾuxule,NL
bɾuxulee,bɾuxulee,bɾuxule,bɾuxule,NL
bɾuxulee,bɾuxule,bɾuxul,bɾuxule,NL
bɾuxulee,bɾuxule,bɾuxul,bɾuxule,NL
bɾuxulee,bɾuxule,bɾuxul,bɾuxule,NL
bɾuxulee,bɾuxule,bɾuxul,bɾuxule,NL
bɾuxulee,bɾuxulee,bɾuxule,bɾuxule,NL
bɾuxulee,bɾuxule,bɾuxul,bɾuxule,NL
bɾuxulee,bɾuxulee,bɾuxule,bɾuxule,NL
bɾuxulee,bɾuxule,bɾuxul,bɾuxule,NL
bɾuxulee,bɾuxule,bɾuxul,bɾuxule,NL
bɾuxulee,bɾuxulee,bɾuxule,bɾuxule,NL
bɾuxulee,bɾuxulee,bɾuxule,bɾuxule,NL
bɾuxulee,bɾuxulee,bɾuxule,bɾuxule,NL
bɾuxulee,bɾuxulee,bɾuxule,bɾuxule,NL
bɾuxulee,bɾuxule,bɾuxul,bɾuxule,NL
bɾuxulee,bɾuxule,bɾuxul,bɾuxule,NL
bɾuxulee,bɾuxulee,bɾuxule,bɾuxule,NL
bɾuxulee,bɾuxulee,bɾuxule,bɾuxule,NL
bɾuxulee,bɾuxulee,bɾuxule,bɾuxule,NL
bɾuxulee,bɾuxulee,bɾuxule,bɾuxule,NL
bɾuxulee,bɾuxule,bɾuxul,bɾuxule,NL
bɾuxulee,bɾuxule,bɾuxul,bɾuxule,NL
bɾuxulee,bɾuxule,bɾuxul,bɾuxule,NL
bɾuxulee,bɾuxule,bɾuxul,bɾuxule,NL
bɾuxulee,bɾuxule,bɾuxul,bɾuxule,NL
bɾuxulee,bɾuxule,bɾuxul,bɾuxule,NL
bɾuxulee,bɾuxule,bɾuxul,bɾuxule,NL
bɾuxulee,bɾuxule,bɾuxul,bɾuxule,NL
bɾuxulee,bɾuxule,bɾuxul,bɾuxule,NL
bɾuxulee,bɾuxule,bɾuxul,bɾuxule,NL
bɾuxulee,bɾuxule,bɾuxul,bɾuxule,NL
bɾuxulee,bɾuxule,bɾuxul,bɾuxule,NL
bɾuxulee,bɾuxulee,bɾuxule,bɾuxule,NL
bɾuxulee,bɾuxule,bɾuxul,bɾuxule,NL
bɾuxulee,bɾuxule,bɾuxul,bɾuxule,NL
bɾuxuleo,bɾuxulo,bɾuxul,bɾuxule,NL
bɾuxuleo,bɾuxulo,bɾuxul,bɾuxule,NL
bɾuxuleo,bɾuxulo,bɾuxul,bɾuxule,NL
bɾuxuleo,bɾuxulo,bɾuxul,bɾuxule,NL
bɾuxuleo,bɾuxulo,bɾuxul,bɾuxule,NL
bɾuxuleo,bɾuxulo,bɾuxul,bɾuxule,NL
bɾuxuleo,bɾuxulo,bɾuxul,bɾuxule,NL
bɾuxuleo,bɾuxulo,bɾuxul,bɾuxule,NL
bɾuxuleo,bɾuxulo,bɾuxul,bɾuxule,NL
bɾuxuleo,bɾuxulo,bɾuxul,bɾuxule,NL
bɾuxuleo,bɾuxulo,bɾuxul,bɾuxule,NL
bɾuxuleo,bɾuxulo,bɾuxul,bɾuxule,NL
bɾuxuleo,bɾuxulo,bɾuxul,bɾuxule,NL
bɾuxuleo,bɾuxulo,bɾuxul,bɾuxule,NL
bɾuxuleo,bɾuxulo,bɾuxul,bɾuxule,NL
bɾuxuleo,bɾuxulo,bɾuxul,bɾuxule,NL
bɾuxuleo,bɾuxulo,bɾuxul,bɾuxule,NL
bɾuxuleo,bɾuxulo,bɾuxul,bɾuxule,NL
bɾuxuleo,bɾuxulo,bɾuxul,bɾuxule,NL
bɾuxuleo,bɾuxulo,bɾuxul,bɾuxule,NL
bɾuxuleo,bɾuxulo,bɾuxul,bɾuxule,NL
bɾuxuleo,bɾuxulo,bɾuxul,bɾuxule,NL
bɾuxuleo,bɾuxulo,bɾuxul,bɾuxule,NL
bɾuxuleo,bɾuxulo,bɾuxul,bɾuxule,NL
bɾuxuleo,bɾuxulo,bɾuxul,bɾuxule,NL
bɾuxuleo,bɾuxulo,bɾuxul,bɾuxule,NL
bɾuxuleo,bɾuxuleo,bɾuxule,bɾuxule,NL
bɾuxuleo,bɾuxuleo,bɾuxule,bɾuxule,NL
bɾuxuleo,bɾuxulo,bɾuxul,bɾuxule,NL
bɾuxuleo,bɾuxulo,bɾuxul,bɾuxule,NL
bɾuxuleo,bɾuxuleo,bɾuxule,bɾuxule,NL
bɾuxuleo,bɾuxuleo,bɾuxule,bɾuxule,NL
bɾuxuleo,bɾuxuleo,bɾuxule,bɾuxule,NL
bɾuxuleo,bɾuxuleo,bɾuxule,bɾuxule,NL
bɾuxuleo,bɾuxulo,bɾuxul,bɾuxule,NL
bɾuxuleo,bɾuxulo,bɾuxul,bɾuxule,NL
bɾuxuleo,bɾuxulo,bɾuxul,bɾuxule,NL
bɾuxuleo,bɾuxuleo,bɾuxule,bɾuxule,NL
bɾuxuleo,bɾuxuleo,bɾuxule,bɾuxule,NL
bɾuxuleo,bɾuxuleo,bɾuxule,bɾuxule,NL
bɾuxuleo,bɾuxulo,bɾuxul,bɾuxule,NL
bɾuxuleo,bɾuxulo,bɾuxul,bɾuxule,NL
bɾuxuleo,bɾuxulo,bɾuxul,bɾuxule,NL
bɾuxuleo,bɾuxulo,bɾuxul,bɾuxule,NL
bɾuxuleo,bɾuxulo,bɾuxul,bɾuxule,NL
bɾuxuleo,bɾuxulo,bɾuxul,bɾuxule,NL
bɾuxuleo,bɾuxulo,bɾuxul,bɾuxule,NL
bɾuxuleo,bɾuxulo,bɾuxul,bɾuxule,NL
bɾuxuleo,bɾuxulo,bɾuxul,bɾuxule,NL
bɾuxuleo,bɾuxulo,bɾuxul,bɾuxule,NL
bɾuxuleo,bɾuxulo,bɾuxul,bɾuxule,NL
bɾuxuleo,bɾuxulo,bɾuxul,bɾuxule,NL
bɾuxuleo,bɾuxulo,bɾuxul,bɾuxule,NL
bɾuxuleo,bɾuxuleo,bɾuxule,bɾuxule,NL
bɾuxuleo,bɾuxulo,bɾuxul,bɾuxule,NL
menɡwais,menɡuɡajs,menɡuɡ,menɡwa,NL
menɡwais,menɡuɡajs,menɡuɡ,menɡwa,NL
menɡwais,menɡuɡajs,menɡuɡ,menɡwa,NL
menɡwais,menɡuajs,menɡu,menɡwa,NL
menɡwais,menɡuɾajs,menɡuɾ,menɡwa,NL
menɡwais,menɡuɡajs,menɡuɡ,menɡwa,NL
menɡwais,menɡuɡajs,menɡuɡ,menɡwa,NL
menɡwais,menɡuɡajs,menɡuɡ,menɡwa,NL
menɡwais,menɡuɡajs,menɡuɡ,menɡwa,NL
menɡwais,menɡuɡajs,menɡuɡ,menɡwa,NL
menɡwais,menajs,men,menɡwa,NL
menɡwais,menajs,men,menɡwa,NL
menɡwais,menajs,men,menɡwa,NL
menɡwais,menajs,men,menɡwa,NL
menɡwais,menajs,men,menɡwa,NL
menɡwais,menajs,men,menɡwa,NL
menɡwais,menajs,men,menɡwa,NL
menɡwais,menajs,men,menɡwa,NL
menɡwais,menajs,men,menɡwa,NL
menɡwais,menajs,men,menɡwa,NL
menɡwais,menajs,men,menɡwa,NL
menɡwais,menajs,men,menɡwa,NL
menɡwais,menajs,men,menɡwa,NL
menɡwais,menajs,men,menɡwa,NL
menɡwais,menajs,men,menɡwa,NL
menɡwais,menajs,men,menɡwa,NL
menɡwais,menajs,men,menɡwa,NL
menɡwais,menajs,men,menɡwa,NL
menɡwais,menajs,men,menɡwa,NL
menɡwais,menajs,men,menɡwa,NL
menɡwais,menajs,men,menɡwa,NL
menɡwais,menajs,men,menɡwa,NL
menɡwais,menajs,men,menɡwa,NL
menɡwais,menajs,men,menɡwa,NL
menɡwais,menɡuajs,menɡu,menɡwa,NL
menɡwais,menɡuajs,menɡu,menɡwa,NL
menɡwais,menɡuajs,menɡu,menɡwa,NL
menɡwais,menɡuajs,menɡu,menɡwa,NL
menɡwais,menɡuajs,menɡu,menɡwa,NL
menɡwais,menɡuajs,menɡu,menɡwa,NL
menɡwais,menɡuɡajs,menɡuɡ,menɡwa,NL
menɡwais,menɡuɲajs,menɡuɲ,menɡwa,NL
menɡwais,menɡuɲajs,menɡuɲ,menɡwa,NL
menɡwais,menɡuɲajs,menɡuɲ,menɡwa,NL
menɡwais,menɡuɲajs,menɡuɲ,menɡwa,NL
menɡwais,menajs,men,menɡwa,NL
menɡwais,menajs,men,menɡwa,NL
menɡwais,menajs,men,menɡwa,NL
menɡwais,menajs,men,menɡwa,NL
menɡwais,menajs,men,menɡwa,NL
menɡwais,menajs,men,menɡwa,NL
menɡwais,menajs,men,menɡwa,NL
menɡwais,menajs,men,menɡwa,NL
menɡwais,menajs,men,menɡwa,NL
menɡwais,menajs,men,menɡwa,NL
menɡwamos,menɡuamos,menɡu,menɡw,NL
menɡwamos,menɡuamos,menɡu,menɡw,NL
menɡwamos,menɡuamos,menɡu,menɡw,NL
menɡwamos,menɡuamos,menɡu,menɡw,NL
menɡwamos,menɡuamos,menɡu,menɡw,NL
menɡwamos,menɡuamos,menɡu,menɡw,NL
menɡwamos,menɡuamos,menɡu,menɡw,NL
menɡwamos,menɡuamos,menɡu,menɡw,NL
menɡwamos,menɡuamos,menɡu,menɡw,NL
menɡwamos,menɡuamos,menɡu,menɡw,NL
menɡwamos,menamos,men,menɡw,NL
menɡwamos,menamos,men,menɡw,NL
menɡwamos,menamos,men,menɡw,NL
menɡwamos,menamos,men,menɡw,NL
menɡwamos,menamos,men,menɡw,NL
menɡwamos,menamos,men,menɡw,NL
menɡwamos,menamos,men,menɡw,NL
menɡwamos,menamos,men,menɡw,NL
menɡwamos,menamos,men,menɡw,NL
menɡwamos,menamos,men,menɡw,NL
menɡwamos,menamos,men,menɡw,NL
menɡwamos,menamos,men,menɡw,NL
menɡwamos,menamos,men,menɡw,NL
menɡwamos,menamos,men,menɡw,NL
menɡwamos,menamos,men,menɡw,NL
menɡwamos,menamos,men,menɡw,NL
menɡwamos,menamos,men,menɡw,NL
menɡwamos,menamos,men,menɡw,NL
menɡwamos,menamos,men,menɡw,NL
menɡwamos,menamos,men,menɡw,NL
menɡwamos,menamos,men,menɡw,NL
menɡwamos,menamos,men,menɡw,NL
menɡwamos,menamos,men,menɡw,NL
menɡwamos,menamos,men,menɡw,NL
menɡwamos,menɡuamos,menɡu,menɡw,NL
menɡwamos,menɡuamos,menɡu,menɡw,NL
menɡwamos,menɡuamos,menɡu,menɡw,NL
menɡwamos,menɡuamos,menɡu,menɡw,NL
menɡwamos,menɡuamos,menɡu,menɡw,NL
menɡwamos,menɡuamos,menɡu,menɡw,NL
menɡwamos,menɡuɡamos,menɡuɡ,menɡw,NL
menɡwamos,menɡuɡamos,menɡuɡ,menɡw,NL
menɡwamos,menɡuɡamos,menɡuɡ,menɡw,NL
menɡwamos,menɡuɡamos,menɡuɡ,menɡw,NL
menɡwamos,menɡuɡamos,menɡuɡ,menɡw,NL
menɡwamos,menamos,men,menɡw,NL
menɡwamos,menamos,men,menɡw,NL
menɡwamos,menamos,men,menɡw,NL
menɡwamos,menamos,men,menɡw,NL
menɡwamos,menamos,men,menɡw,NL
menɡwamos,menamos,men,menɡw,NL
menɡwamos,menamos,men,menɡw,NL
menɡwamos,menamos,men,menɡw,NL
menɡwamos,menamos,men,menɡw,NL
menɡwamos,menamos,men,menɡw,NL
menɡwan,menɡwean,menɡwe,menɡw,NL
menɡwan,menɡwean,menɡwe,menɡw,NL
menɡwan,menɡwean,menɡwe,menɡw,NL
menɡwan,menɡwean,menɡwe,menɡw,NL
menɡwan,menɡwean,menɡwe,menɡw,NL
menɡwan,menɡwean,menɡwe,menɡw,NL
menɡwan,menɡwean,menɡwe,menɡw,NL
menɡwan,menɡwean,menɡwe,menɡw,NL
menɡwan,menɡwean,menɡwe,menɡw,NL
menɡwan,menɡuʃan,menɡuʃ,menɡw,NL
menɡwan,menɡwean,menɡwe,menɡw,NL
menɡwan,menɡwean,menɡwe,menɡw,NL
menɡwan,menɡwean,menɡwe,menɡw,NL
menɡwan,menuɡan,menuɡ,menɡw,NL
menɡwan,menɡwean,menɡwe,menɡw,NL
menɡwan,menɡwean,menɡwe,menɡw,NL
menɡwan,menɡwean,menɡwe,menɡw,NL
menɡwan,menɡwean,menɡwe,menɡw,NL
menɡwan,menɡwean,menɡwe,menɡw,NL
menɡwan,menan,men,menɡw,NL
menɡwan,menan,men,menɡw,NL
menɡwan,menan,men,menɡw,NL
menɡwan,menan,men,menɡw,NL
menɡwan,menan,men,menɡw,NL
menɡwan,menan,men,menɡw,NL
menɡwan,menan,men,menɡw,NL
menɡwan,menan,men,menɡw,NL
menɡwan,menan,men,menɡw,NL
menɡwan,menan,men,menɡw,NL
menɡwan,menan,men,menɡw,NL
menɡwan,menan,men,menɡw,NL
menɡwan,menan,men,menɡw,NL
menɡwan,menan,men,menɡw,NL
menɡwan,menan,men,menɡw,NL
menɡwan,menɡwean,menɡwe,menɡw,NL
menɡwan,menɡwean,menɡwe,menɡw,NL
menɡwan,menɡwean,menɡwe,menɡw,NL
menɡwan,menɡwean,menɡwe,menɡw,NL
menɡwan,menɡwean,menɡwe,menɡw,NL
menɡwan,menɡwean,menɡwe,menɡw,NL
menɡwan,menɡwean,menɡwe,menɡw,NL
menɡwan,menɡwean,menɡwe,menɡw,NL
menɡwan,menɡwean,menɡwe,menɡw,NL
menɡwan,menɡwean,menɡwe,menɡw,NL
menɡwan,menɡwean,menɡwe,menɡw,NL
menɡwan,menan,men,menɡw,NL
menɡwan,menan,men,menɡw,NL
menɡwan,menan,men,menɡw,NL
menɡwan,menan,men,menɡw,NL
menɡwan,menan,men,menɡw,NL
menɡwan,menan,men,menɡw,NL
menɡwan,menan,men,menɡw,NL
menɡwan,menan,men,menɡw,NL
menɡwan,menan,men,menɡw,NL
menɡwan,menan,men,menɡw,NL
menɡwas,menɡweas,menɡwe,menɡw,NL
menɡwas,menɡweas,menɡwe,menɡw,NL
menɡwas,menɡweas,menɡwe,menɡw,NL
menɡwas,menɡweas,menɡwe,menɡw,NL
menɡwas,menɡweas,menɡwe,menɡw,NL
menɡwas,menɡweas,menɡwe,menɡw,NL
menɡwas,menɡweas,menɡwe,menɡw,NL
menɡwas,menɡweas,menɡwe,menɡw,NL
menɡwas,menɡweas,menɡwe,menɡw,NL
menɡwas,menɡuʃas,menɡuʃ,menɡw,NL
menɡwas,menɡuɡas,menɡuɡ,menɡw,NL
menɡwas,menɡuɡas,menɡuɡ,menɡw,NL
menɡwas,menɡuʃas,menɡuʃ,menɡw,NL
menɡwas,menɡweas,menɡwe,menɡw,NL
menɡwas,menɡuɡas,menɡuɡ,menɡw,NL
menɡwas,menɡweas,menɡwe,menɡw,NL
menɡwas,menɡuɡas,menɡuɡ,menɡw,NL
menɡwas,menɡuɡas,menɡuɡ,menɡw,NL
menɡwas,menɡuɲas,menɡuɲ,menɡw,NL
menɡwas,menas,men,menɡw,NL
menɡwas,menas,men,menɡw,NL
menɡwas,menas,men,menɡw,NL
menɡwas,menas,men,menɡw,NL
menɡwas,menas,men,menɡw,NL
menɡwas,menas,men,menɡw,NL
menɡwas,menas,men,menɡw,NL
menɡwas,menas,men,menɡw,NL
menɡwas,menas,men,menɡw,NL
menɡwas,menas,men,menɡw,NL
menɡwas,menas,men,menɡw,NL
menɡwas,menas,men,menɡw,NL
menɡwas,menas,men,menɡw,NL
menɡwas,menas,men,menɡw,NL
menɡwas,menas,men,menɡw,NL
menɡwas,menɡweas,menɡwe,menɡw,NL
menɡwas,menɡweas,menɡwe,menɡw,NL
menɡwas,menɡweas,menɡwe,menɡw,NL
menɡwas,menɡweas,menɡwe,menɡw,NL
menɡwas,menɡweas,menɡwe,menɡw,NL
menɡwas,menɡweas,menɡwe,menɡw,NL
menɡwas,menɡweas,menɡwe,menɡw,NL
menɡwas,menɡweas,menɡwe,menɡw,NL
menɡwas,menɡweas,menɡwe,menɡw,NL
menɡwas,menɡweas,menɡwe,menɡw,NL
menɡwas,menɡweas,menɡwe,menɡw,NL
menɡwas,menas,men,menɡw,NL
menɡwas,menas,men,menɡw,NL
menɡwas,menas,men,menɡw,NL
menɡwas,menas,men,menɡw,NL
menɡwas,menas,men,menɡw,NL
menɡwas,menas,men,menɡw,NL
menɡwas,menas,men,menɡw,NL
menɡwas,menas,men,menɡw,NL
menɡwas,menas,men,menɡw,NL
menɡwas,menas,men,menɡw,NL
menɡwa,menɡwea,menɡwe,menɡw,NL
menɡwa,menɡwea,menɡwe,menɡw,NL
menɡwa,menɡwea,menɡwe,menɡw,NL
menɡwa,menɡua,menɡu,menɡw,NL
menɡwa,menɡwea,menɡwe,menɡw,NL
menɡwa,menɡwea,menɡwe,menɡw,NL
menɡwa,menɡwea,menɡwe,menɡw,NL
menɡwa,menɡwea,menɡwe,menɡw,NL
menɡwa,menɡwea,menɡwe,menɡw,NL
menɡwa,menɡwea,menɡwe,menɡw,NL
menɡwa,menɡwea,menɡwe,menɡw,NL
menɡwa,menɡwea,menɡwe,menɡw,NL
menɡwa,menɡuʃa,menɡuʃ,menɡw,NL
menɡwa,menɡwea,menɡwe,menɡw,NL
menɡwa,menɡwea,menɡwe,menɡw,NL
menɡwa,menɡwea,menɡwe,menɡw,NL
menɡwa,menɡwea,menɡwe,menɡw,NL
menɡwa,menɡwea,menɡwe,menɡw,NL
menɡwa,menɡwea,menɡwe,menɡw,NL
menɡwa,mena,men,menɡw,NL
menɡwa,mena,men,menɡw,NL
menɡwa,mena,men,menɡw,NL
menɡwa,mena,men,menɡw,NL
menɡwa,mena,men,menɡw,NL
menɡwa,mena,men,menɡw,NL
menɡwa,mena,men,menɡw,NL
menɡwa,mena,men,menɡw,NL
menɡwa,mena,men,menɡw,NL
menɡwa,mena,men,menɡw,NL
menɡwa,mena,men,menɡw,NL
menɡwa,mena,men,menɡw,NL
menɡwa,mena,men,menɡw,NL
menɡwa,mena,men,menɡw,NL
menɡwa,mena,men,menɡw,NL
menɡwa,menɡwea,menɡwe,menɡw,NL
menɡwa,menɡwea,menɡwe,menɡw,NL
menɡwa,menɡwea,menɡwe,menɡw,NL
menɡwa,menɡwea,menɡwe,menɡw,NL
menɡwa,menɡwea,menɡwe,menɡw,NL
menɡwa,menɡwea,menɡwe,menɡw,NL
menɡwa,menɡwea,menɡwe,menɡw,NL
menɡwa,menɡwea,menɡwe,menɡw,NL
menɡwa,menɡwea,menɡwe,menɡw,NL
menɡwa,menɡwea,menɡwe,menɡw,NL
menɡwa,menɡwea,menɡwe,menɡw,NL
menɡwa,mena,men,menɡw,NL
menɡwa,mena,men,menɡw,NL
menɡwa,mena,men,menɡw,NL
menɡwa,mena,men,menɡw,NL
menɡwa,mena,men,menɡw,NL
menɡwa,mena,men,menɡw,NL
menɡwa,mena,men,menɡw,NL
menɡwa,mena,men,menɡw,NL
menɡwa,mena,men,menɡw,NL
menɡwa,mena,men,menɡw,NL
menɡweis,menɡuejs,menɡu,menɡwe,NL
menɡweis,menɡuejs,menɡu,menɡwe,NL
menɡweis,menɡuɡeis,menɡuɡe,menɡwe,NL
menɡweis,menɡuejs,menɡu,menɡwe,NL
menɡweis,menɡuejs,menɡu,menɡwe,NL
menɡweis,menɡuɡeis,menɡuɡe,menɡwe,NL
menɡweis,menɡuejs,menɡu,menɡwe,NL
menɡweis,menɡuejs,menɡu,menɡwe,NL
menɡweis,menɡuejs,menɡu,menɡwe,NL
menɡweis,menɡuejs,menɡu,menɡwe,NL
menɡweis,menɡuɡeis,menɡuɡe,menɡwe,NL
menɡweis,menɡuɡeis,menɡuɡe,menɡwe,NL
menɡweis,menɡuɡeis,menɡuɡe,menɡwe,NL
menɡweis,menɡuejs,menɡu,menɡwe,NL
menɡweis,menɡuɡeis,menɡuɡe,menɡwe,NL
menɡweis,menɡuɡeis,menɡuɡe,menɡwe,NL
menɡweis,menɡuɡeis,menɡuɡe,menɡwe,NL
menɡweis,menɡuɡeis,menɡuɡe,menɡwe,NL
menɡweis,menɡuɡeis,menɡuɡe,menɡwe,NL
menɡweis,menɡnejs,menɡn,menɡwe,NL
menɡweis,menɡnejs,menɡn,menɡwe,NL
menɡweis,menɡnejs,menɡn,menɡwe,NL
menɡweis,menɡnejs,menɡn,menɡwe,NL
menɡweis,menɡnejs,menɡn,menɡwe,NL
menɡweis,menɡnejs,menɡn,menɡwe,NL
menɡweis,menɡnejs,menɡn,menɡwe,NL
menɡweis,menɡnejs,menɡn,menɡwe,NL
menɡweis,menɡnejs,menɡn,menɡwe,NL
menɡweis,menɡnejs,menɡn,menɡwe,NL
menɡweis,menɡnejs,menɡn,menɡwe,NL
menɡweis,menɡnejs,menɡn,menɡwe,NL
menɡweis,menɡnejs,menɡn,menɡwe,NL
menɡweis,menɡnejs,menɡn,menɡwe,NL
menɡweis,menɡnejs,menɡn,menɡwe,NL
menɡweis,menɡnejs,menɡn,menɡwe,NL
menɡweis,menɡnejs,menɡn,menɡwe,NL
menɡweis,menɡnejs,menɡn,menɡwe,NL
menɡweis,menɡnejs,menɡn,menɡwe,NL
menɡweis,menɡnejs,menɡn,menɡwe,NL
menɡweis,menejs,men,menɡwe,NL
menɡweis,menɡuɡeis,menɡuɡe,menɡwe,NL
menɡweis,menɡuɡeis,menɡuɡe,menɡwe,NL
menɡweis,menɡuɡeis,menɡuɡe,menɡwe,NL
menɡweis,menɡuɡeis,menɡuɡe,menɡwe,NL
menɡweis,menɡuɡeis,menɡuɡe,menɡwe,NL
menɡweis,menɡnejs,menɡn,menɡwe,NL
menɡweis,menɡnejs,menɡn,menɡwe,NL
menɡweis,menɡnejs,menɡn,menɡwe,NL
menɡweis,menɡnejs,menɡn,menɡwe,NL
menɡweis,menɡnejs,menɡn,menɡwe,NL
menɡweis,menɡnejs,menɡn,menɡwe,NL
menɡweis,menɡnejs,menɡn,menɡwe,NL
menɡweis,menɡnejs,menɡn,menɡwe,NL
menɡweis,menejs,men,menɡwe,NL
menɡweis,menejs,men,menɡwe,NL
menɡwemos,menɡuemos,menɡu,menɡw,NL
menɡwemos,menɡuɡemos,menɡuɡ,menɡw,NL
menɡwemos,menɡuɡemos,menɡuɡ,menɡw,NL
menɡwemos,menɡuemos,menɡu,menɡw,NL
menɡwemos,menɡuemos,menɡu,menɡw,NL
menɡwemos,menɡuɡemos,menɡuɡ,menɡw,NL
menɡwemos,menɡuemos,menɡu,menɡw,NL
menɡwemos,menɡuemos,menɡu,menɡw,NL
menɡwemos,menɡuemos,menɡu,menɡw,NL
menɡwemos,menɡuemos,menɡu,menɡw,NL
menɡwemos,menɡuɡemos,menɡuɡ,menɡw,NL
menɡwemos,menɡuɡemos,menɡuɡ,menɡw,NL
menɡwemos,menɡuɡemos,menɡuɡ,menɡw,NL
menɡwemos,menɡuemos,menɡu,menɡw,NL
menɡwemos,menɡuɡemos,menɡuɡ,menɡw,NL
menɡwemos,menɡuɡemos,menɡuɡ,menɡw,NL
menɡwemos,menɡuɡemos,menɡuɡ,menɡw,NL
menɡwemos,menɡuɡemos,menɡuɡ,menɡw,NL
menɡwemos,menɡuɡemos,menɡuɡ,menɡw,NL
menɡwemos,menɡnemos,menɡn,menɡw,NL
menɡwemos,menɡnemos,menɡn,menɡw,NL
menɡwemos,menɡnemos,menɡn,menɡw,NL
menɡwemos,menɡnemos,menɡn,menɡw,NL
menɡwemos,menɡnemos,menɡn,menɡw,NL
menɡwemos,menɡnemos,menɡn,menɡw,NL
menɡwemos,menɡnemos,menɡn,menɡw,NL
menɡwemos,menɡnemos,menɡn,menɡw,NL
menɡwemos,menɡnemos,menɡn,menɡw,NL
menɡwemos,menɡnemos,menɡn,menɡw,NL
menɡwemos,menɡnemos,menɡn,menɡw,NL
menɡwemos,menɡnemos,menɡn,menɡw,NL
menɡwemos,menɡnemos,menɡn,menɡw,NL
menɡwemos,menɡnemos,menɡn,menɡw,NL
menɡwemos,menɡnemos,menɡn,menɡw,NL
menɡwemos,menɡnemos,menɡn,menɡw,NL
menɡwemos,menɡnemos,menɡn,menɡw,NL
menɡwemos,menɡnemos,menɡn,menɡw,NL
menɡwemos,menɡnemos,menɡn,menɡw,NL
menɡwemos,menɡnemos,menɡn,menɡw,NL
menɡwemos,menɡnemos,menɡn,menɡw,NL
menɡwemos,menɡuemos,menɡu,menɡw,NL
menɡwemos,menɡuemos,menɡu,menɡw,NL
menɡwemos,menɡuemos,menɡu,menɡw,NL
menɡwemos,menɡuemos,menɡu,menɡw,NL
menɡwemos,menɡuemos,menɡu,menɡw,NL
menɡwemos,menɡnemos,menɡn,menɡw,NL
menɡwemos,menɡnemos,menɡn,menɡw,NL
menɡwemos,menɡnemos,menɡn,menɡw,NL
menɡwemos,menɡnemos,menɡn,menɡw,NL
menɡwemos,menɡnemos,menɡn,menɡw,NL
menɡwemos,menɡnemos,menɡn,menɡw,NL
menɡwemos,menɡnemos,menɡn,menɡw,NL
menɡwemos,menɡnemos,menɡn,menɡw,NL
menɡwemos,menemos,men,menɡw,NL
menɡwemos,menemos,men,menɡw,NL
menɡwen,menɡween,menɡwe,menɡw,NL
menɡwen,menɡween,menɡwe,menɡw,NL
menɡwen,menɡween,menɡwe,menɡw,NL
menɡwen,menɡween,menɡwe,menɡw,NL
menɡwen,menɡuen,menɡu,menɡw,NL
menɡwen,menɡween,menɡwe,menɡw,NL
menɡwen,menɡween,menɡwe,menɡw,NL
menɡwen,menɡween,menɡwe,menɡw,NL
menɡwen,menɡween,menɡwe,menɡw,NL
menɡwen,menɡween,menɡwe,menɡw,NL
menɡwen,menɡween,menɡwe,menɡw,NL
menɡwen,menɡween,menɡwe,menɡw,NL
menɡwen,menɡween,menɡwe,menɡw,NL
menɡwen,menɡuen,menɡu,menɡw,NL
menɡwen,menuɡen,menuɡ,menɡw,NL
menɡwen,menɡween,menɡwe,menɡw,NL
menɡwen,menɡween,menɡwe,menɡw,NL
menɡwen,menɡween,menɡwe,menɡw,NL
menɡwen,menɡween,menɡwe,menɡw,NL
menɡwen,menɡnen,menɡn,menɡw,NL
menɡwen,menɡnen,menɡn,menɡw,NL
menɡwen,menɡan,menɡ,menɡw,NL
menɡwen,menɡnen,menɡn,menɡw,NL
menɡwen,menɡnen,menɡn,menɡw,NL
menɡwen,menɡnen,menɡn,menɡw,NL
menɡwen,menɡan,menɡ,menɡw,NL
menɡwen,menɡan,menɡ,menɡw,NL
menɡwen,menɡnen,menɡn,menɡw,NL
menɡwen,menɡan,menɡ,menɡw,NL
menɡwen,menɡnen,menɡn,menɡw,NL
menɡwen,menɡnen,menɡn,menɡw,NL
menɡwen,menɡnen,menɡn,menɡw,NL
menɡwen,menɡan,menɡ,menɡw,NL
menɡwen,menɡan,menɡ,menɡw,NL
menɡwen,menɡnen,menɡn,menɡw,NL
menɡwen,menɡnen,menɡn,menɡw,NL
menɡwen,menɡan,menɡ,menɡw,NL
menɡwen,menɡan,menɡ,menɡw,NL
menɡwen,menɡan,menɡ,menɡw,NL
menɡwen,menɡan,menɡ,menɡw,NL
menɡwen,menɡween,menɡwe,menɡw,NL
menɡwen,menɡween,menɡwe,menɡw,NL
menɡwen,menɡween,menɡwe,menɡw,NL
menɡwen,menɡween,menɡwe,menɡw,NL
menɡwen,menɡween,menɡwe,menɡw,NL
menɡwen,menɡween,menɡwe,menɡw,NL
menɡwen,menɡween,menɡwe,menɡw,NL
menɡwen,menɡween,menɡwe,menɡw,NL
menɡwen,menɡween,menɡwe,menɡw,NL
menɡwen,menɡnen,menɡn,menɡw,NL
menɡwen,menɡnen,menɡn,menɡw,NL
menɡwen,menɡan,menɡ,menɡw,NL
menɡwen,menɡan,menɡ,menɡw,NL
menɡwen,menɡan,menɡ,menɡw,NL
menɡwen,menɡan,menɡ,menɡw,NL
menɡwes,menɡwees,menɡwe,menɡw,NL
menɡwes,menɡuʃes,menɡuʃ,menɡw,NL
menɡwes,menɡuʃes,menɡuʃ,menɡw,NL
menɡwes,menɡuʃes,menɡuʃ,menɡw,NL
menɡwes,menɡuas,menɡu,menɡw,NL
menɡwes,menɡwees,menɡwe,menɡw,NL
menɡwes,menɡuʃes,menɡuʃ,menɡw,NL
menɡwes,menɡuʃes,menɡuʃ,menɡw,NL
menɡwes,menɡuʃes,menɡuʃ,menɡw,NL
menɡwes,menɡuʃes,menɡuʃ,menɡw,NL
menɡwes,menɡuɡes,menɡuɡ,menɡw,NL
menɡwes,menɡuɡes,menɡuɡ,menɡw,NL
menɡwes,menɡuɡes,menɡuɡ,menɡw,NL
menɡwes,menɡuʃes,menɡuʃ,menɡw,NL
menɡwes,menuɡes,menuɡ,menɡw,NL
menɡwes,menɡuɡes,menɡuɡ,menɡw,NL
menɡwes,menɡuɡes,menɡuɡ,menɡw,NL
menɡwes,menɡuɡes,menɡuɡ,menɡw,NL
menɡwes,menɡuɡes,menɡuɡ,menɡw,NL
menɡwes,menɡas,menɡ,menɡw,NL
menɡwes,menɡas,menɡ,menɡw,NL
menɡwes,menɡwes,menɡw,menɡw,NL
menɡwes,menɡas,menɡ,menɡw,NL
menɡwes,menɡas,menɡ,menɡw,NL
menɡwes,menɡas,menɡ,menɡw,NL
menɡwes,menɡas,menɡ,menɡw,NL
menɡwes,menɡas,menɡ,menɡw,NL
menɡwes,menɡas,menɡ,menɡw,NL
menɡwes,menɡwes,menɡw,menɡw,NL
menɡwes,menɡas,menɡ,menɡw,NL
menɡwes,menɡas,menɡ,menɡw,NL
menɡwes,menɡas,menɡ,menɡw,NL
menɡwes,menɡas,menɡ,menɡw,NL
menɡwes,menɡas,menɡ,menɡw,NL
menɡwes,menes,men,menɡw,NL
menɡwes,meneɡ,meneɡ,menɡw,NL
menɡwes,menɡas,menɡ,menɡw,NL
menɡwes,menɡas,menɡ,menɡw,NL
menɡwes,menɡas,menɡ,menɡw,NL
menɡwes,menɡas,menɡ,menɡw,NL
menɡwes,menɡwees,menɡwe,menɡw,NL
menɡwes,menɡwees,menɡwe,menɡw,NL
menɡwes,menɡwees,menɡwe,menɡw,NL
menɡwes,menɡwees,menɡwe,menɡw,NL
menɡwes,menɡwees,menɡwe,menɡw,NL
menɡwes,menɡuʃes,menɡuʃ,menɡw,NL
menɡwes,menɡwees,menɡwe,menɡw,NL
menɡwes,menɡuʃes,menɡuʃ,menɡw,NL
menɡwes,menɡwees,menɡwe,menɡw,NL
menɡwes,menɡas,menɡ,menɡw,NL
menɡwes,menɡas,menɡ,menɡw,NL
menɡwes,menɡas,menɡ,menɡw,NL
menɡwes,menɡas,menɡ,menɡw,NL
menɡwes,menɡas,menɡ,menɡw,NL
menɡwes,menɡas,menɡ,menɡw,NL
menɡwe,menɡwee,menɡwe,menɡw,NL
menɡwe,menɡwee,menɡwe,menɡw,NL
menɡwe,menɡwee,menɡwe,menɡw,NL
menɡwe,menɡwee,menɡwe,menɡw,NL
menɡwe,menɡua,menɡu,menɡw,NL
menɡwe,menɡwee,menɡwe,menɡw,NL
menɡwe,menɡuʃe,menɡuʃ,menɡw,NL
menɡwe,menɡuʃe,menɡuʃ,menɡw,NL
menɡwe,menɡuʃe,menɡuʃ,menɡw,NL
menɡwe,menɡuʃe,menɡuʃ,menɡw,NL
menɡwe,menɡuʃe,menɡuʃ,menɡw,NL
menɡwe,menɡuʃe,menɡuʃ,menɡw,NL
menɡwe,menɡuʃe,menɡuʃ,menɡw,NL
menɡwe,menɡuʃe,menɡuʃ,menɡw,NL
menɡwe,menuɡe,menuɡ,menɡw,NL
menɡwe,menɡuʃe,menɡuʃ,menɡw,NL
menɡwe,menɡuʃe,menɡuʃ,menɡw,NL
menɡwe,menɡuʃe,menɡuʃ,menɡw,NL
menɡwe,menɡuʃe,menɡuʃ,menɡw,NL
menɡwe,menɡa,menɡ,menɡw,NL
menɡwe,menɡa,menɡ,menɡw,NL
menɡwe,menɡwe,menɡw,menɡw,NL
menɡwe,menɡa,menɡ,menɡw,NL
menɡwe,menɡa,menɡ,menɡw,NL
menɡwe,menɡa,menɡ,menɡw,NL
menɡwe,menɡa,menɡ,menɡw,NL
menɡwe,menɡa,menɡ,menɡw,NL
menɡwe,menɡa,menɡ,menɡw,NL
menɡwe,menɡwe,menɡw,menɡw,NL
menɡwe,menɡa,menɡ,menɡw,NL
menɡwe,menɡa,menɡ,menɡw,NL
menɡwe,menɡa,menɡ,menɡw,NL
menɡwe,menɡa,menɡ,menɡw,NL
menɡwe,mene,men,menɡw,NL
menɡwe,menɡ,menɡ,menɡw,NL
menɡwe,mene,men,menɡw,NL
menɡwe,mene,men,menɡw,NL
menɡwe,mene,men,menɡw,NL
menɡwe,mene,men,menɡw,NL
menɡwe,menɡa,menɡ,menɡw,NL
menɡwe,menɡwee,menɡwe,menɡw,NL
menɡwe,menɡwee,menɡwe,menɡw,NL
menɡwe,menɡwee,menɡwe,menɡw,NL
menɡwe,menɡwee,menɡwe,menɡw,NL
menɡwe,menɡwee,menɡwe,menɡw,NL
menɡwe,menɡuʃe,menɡuʃ,menɡw,NL
menɡwe,menɡwee,menɡwe,menɡw,NL
menɡwe,menɡwee,menɡwe,menɡw,NL
menɡwe,menɡwee,menɡwe,menɡw,NL
menɡwe,menɡa,menɡ,menɡw,NL
menɡwe,menɡa,menɡ,menɡw,NL
menɡwe,menɡa,menɡ,menɡw,NL
menɡwe,menɡa,menɡ,menɡw,NL
menɡwe,menɡa,menɡ,menɡw,NL
menɡwe,menɡa,menɡ,menɡw,NL
menɡwe,menɡua,menɡu,menɡw,NL
menɡwe,menɡuʃe,menɡuʃ,menɡw,NL
menɡwe,menɡuʃe,menɡuʃ,menɡw,NL
menɡwe,menɡwee,menɡwe,menɡw,NL
menɡwe,menɡua,menɡu,menɡw,NL
menɡwe,menɡua,menɡu,menɡw,NL
menɡwe,menɡuʃe,menɡuʃ,menɡw,NL
menɡwe,menɡuʃe,menɡuʃ,menɡw,NL
menɡwe,menɡuʃe,menɡuʃ,menɡw,NL
menɡwe,menɡuʃe,menɡuʃ,menɡw,NL
menɡwe,menɡuʃe,menɡuʃ,menɡw,NL
menɡwe,menɡuʃe,menɡuʃ,menɡw,NL
menɡwe,menɡuʃe,menɡuʃ,menɡw,NL
menɡwe,menɡuʃe,menɡuʃ,menɡw,NL
menɡwe,menuɡe,menuɡ,menɡw,NL
menɡwe,menɡuʃe,menɡuʃ,menɡw,NL
menɡwe,menɡuʃe,menɡuʃ,menɡw,NL
menɡwe,menɡuʃe,menɡuʃ,menɡw,NL
menɡwe,menɡuʃe,menɡuʃ,menɡw,NL
menɡwe,menɡa,menɡ,menɡw,NL
menɡwe,menɡa,menɡ,menɡw,NL
menɡwe,menɡwe,menɡw,menɡw,NL
menɡwe,menɡa,menɡ,menɡw,NL
menɡwe,menɡa,menɡ,menɡw,NL
menɡwe,menɡa,menɡ,menɡw,NL
menɡwe,menɡa,menɡ,menɡw,NL
menɡwe,mene,men,menɡw,NL
menɡwe,menɡa,menɡ,menɡw,NL
menɡwe,menɡwe,menɡw,menɡw,NL
menɡwe,menɡ,menɡ,menɡw,NL
menɡwe,menɡa,menɡ,menɡw,NL
menɡwe,menɡa,menɡ,menɡw,NL
menɡwe,menɡa,menɡ,menɡw,NL
menɡwe,mene,men,menɡw,NL
menɡwe,menɡwe,menɡw,menɡw,NL
menɡwe,mene,men,menɡw,NL
menɡwe,mene,men,menɡw,NL
menɡwe,mene,men,menɡw,NL
menɡwe,mene,men,menɡw,NL
menɡwe,mene,men,menɡw,NL
menɡwe,menɡua,menɡu,menɡw,NL
menɡwe,menɡuʃe,menɡuʃ,menɡw,NL
menɡwe,menɡua,menɡu,menɡw,NL
menɡwe,menɡwee,menɡwe,menɡw,NL
menɡwe,menɡwee,menɡwe,menɡw,NL
menɡwe,menɡuʃe,menɡuʃ,menɡw,NL
menɡwe,menɡuʃe,menɡuʃ,menɡw,NL
menɡwe,menɡuʃe,menɡuʃ,menɡw,NL
menɡwe,menɡwee,menɡwe,menɡw,NL
menɡwe,menɡa,menɡ,menɡw,NL
menɡwe,menɡa,menɡ,menɡw,NL
menɡwe,menɡa,menɡ,menɡw,NL
menɡwe,menɡa,menɡ,menɡw,NL
menɡwe,menɡa,menɡ,menɡw,NL
menɡwe,menɡa,menɡ,menɡw,NL
menɡwo,menɡweo,menɡwe,menɡw,NL
menɡwo,menɡuo,menɡu,menɡw,NL
menɡwo,menɡuo,menɡu,menɡw,NL
menɡwo,menɡuo,menɡu,menɡw,NL
menɡwo,menɡuo,menɡu,menɡw,NL
menɡwo,menɡweo,menɡwe,menɡw,NL
menɡwo,menɡweo,menɡwe,menɡw,NL
menɡwo,menɡweo,menɡwe,menɡw,NL
menɡwo,menɡweo,menɡwe,menɡw,NL
menɡwo,menɡweo,menɡwe,menɡw,NL
menɡwo,menuɡo,menuɡ,menɡw,NL
menɡwo,menɡweo,menɡwe,menɡw,NL
menɡwo,menɡweo,menɡwe,menɡw,NL
menɡwo,menɡuo,menɡu,menɡw,NL
menɡwo,menuɡo,menuɡ,menɡw,NL
menɡwo,menɡuʃo,menɡuʃ,menɡw,NL
menɡwo,menɡuo,menɡu,menɡw,NL
menɡwo,menɡweo,menɡwe,menɡw,NL
menɡwo,menɡuʃo,menɡuʃ,menɡw,NL
menɡwo,meno,men,menɡw,NL
menɡwo,meno,men,menɡw,NL
menɡwo,meno,men,menɡw,NL
menɡwo,meno,men,menɡw,NL
menɡwo,meno,men,menɡw,NL
menɡwo,meno,men,menɡw,NL
menɡwo,meno,men,menɡw,NL
menɡwo,meno,men,menɡw,NL
menɡwo,meno,men,menɡw,NL
menɡwo,meno,men,menɡw,NL
menɡwo,meno,men,menɡw,NL
menɡwo,meno,men,menɡw,NL
menɡwo,meno,men,menɡw,NL
menɡwo,meno,men,menɡw,NL
menɡwo,meno,men,menɡw,NL
menɡwo,meno,men,menɡw,NL
menɡwo,meno,men,menɡw,NL
menɡwo,meno,men,menɡw,NL
menɡwo,meno,men,menɡw,NL
menɡwo,meno,men,menɡw,NL
menɡwo,meno,men,menɡw,NL
menɡwo,menɡweo,menɡwe,menɡw,NL
menɡwo,menɡuo,menɡu,menɡw,NL
menɡwo,menɡuo,menɡu,menɡw,NL
menɡwo,menɡuo,menɡu,menɡw,NL
menɡwo,menɡuo,menɡu,menɡw,NL
menɡwo,menɡweo,menɡwe,menɡw,NL
menɡwo,menɡweo,menɡwe,menɡw,NL
menɡwo,menɡweo,menɡwe,menɡw,NL
menɡwo,menɡweo,menɡwe,menɡw,NL
menɡwo,meno,men,menɡw,NL
menɡwo,meno,men,menɡw,NL
menɡwo,meno,men,menɡw,NL
menɡwo,meno,men,menɡw,NL
menɡwo,meno,men,menɡw,NL
menɡwo,meno,men,menɡw,NL
enkastɾajs,enkastɾajs,enkastɾ,enkastɾ,NL
enkastɾajs,enkastɾajs,enkastɾ,enkastɾ,NL
enkastɾajs,enkastɾajs,enkastɾ,enkastɾ,NL
enkastɾajs,enkastɾajs,enkastɾ,enkastɾ,NL
enkastɾajs,enkastɾajs,enkastɾ,enkastɾ,NL
enkastɾajs,enkastɾajs,enkastɾ,enkastɾ,NL
enkastɾajs,enkastɾajs,enkastɾ,enkastɾ,NL
enkastɾajs,enkastɾajs,enkastɾ,enkastɾ,NL
enkastɾajs,enkastɾajs,enkastɾ,enkastɾ,NL
enkastɾajs,enkastɾajs,enkastɾ,enkastɾ,NL
enkastɾajs,enkastɾajs,enkastɾ,enkastɾ,NL
enkastɾajs,enkastɾajs,enkastɾ,enkastɾ,NL
enkastɾajs,enkastɾajs,enkastɾ,enkastɾ,NL
enkastɾajs,enkastɾajs,enkastɾ,enkastɾ,NL
enkastɾajs,enkastɾajs,enkastɾ,enkastɾ,NL
enkastɾajs,enkastɾajs,enkastɾ,enkastɾ,NL
enkastɾajs,enkastɾajs,enkastɾ,enkastɾ,NL
enkastɾajs,enkastɾajs,enkastɾ,enkastɾ,NL
enkastɾajs,enkastɾajs,enkastɾ,enkastɾ,NL
enkastɾajs,enkastɾajs,enkastɾ,enkastɾ,NL
enkastɾajs,enkastɾajs,enkastɾ,enkastɾ,NL
enkastɾajs,enkastɾajs,enkastɾ,enkastɾ,NL
enkastɾajs,enkastɾajs,enkastɾ,enkastɾ,NL
enkastɾajs,enkastɾajs,enkastɾ,enkastɾ,NL
enkastɾajs,enkastɾajs,enkastɾ,enkastɾ,NL
enkastɾajs,enkastɾajs,enkastɾ,enkastɾ,NL
enkastɾajs,enkastɾajs,enkastɾ,enkastɾ,NL
enkastɾajs,enkastɾajs,enkastɾ,enkastɾ,NL
enkastɾajs,enkastɾajs,enkastɾ,enkastɾ,NL
enkastɾajs,enkastɾajs,enkastɾ,enkastɾ,NL
enkastɾajs,enkastɾajs,enkastɾ,enkastɾ,NL
enkastɾajs,enkastɾajs,enkastɾ,enkastɾ,NL
enkastɾajs,enkastɾajs,enkastɾ,enkastɾ,NL
enkastɾajs,enkastɾajs,enkastɾ,enkastɾ,NL
enkastɾajs,enkastɾajs,enkastɾ,enkastɾ,NL
enkastɾajs,enkastɾajs,enkastɾ,enkastɾ,NL
enkastɾajs,enkastɾajs,enkastɾ,enkastɾ,NL
enkastɾajs,enkastɾajs,enkastɾ,enkastɾ,NL
enkastɾajs,enkastɾajs,enkastɾ,enkastɾ,NL
enkastɾajs,enkastɾajs,enkastɾ,enkastɾ,NL
enkastɾajs,enkastɾajs,enkastɾ,enkastɾ,NL
enkastɾajs,enkastɾajs,enkastɾ,enkastɾ,NL
enkastɾajs,enkastɾajs,enkastɾ,enkastɾ,NL
enkastɾajs,enkastɾajs,enkastɾ,enkastɾ,NL
enkastɾajs,enkastɾajs,enkastɾ,enkastɾ,NL
enkastɾajs,enkastɾajs,enkastɾ,enkastɾ,NL
enkastɾajs,enkastɾajs,enkastɾ,enkastɾ,NL
enkastɾajs,enkastɾajs,enkastɾ,enkastɾ,NL
enkastɾajs,enkastɾajs,enkastɾ,enkastɾ,NL
enkastɾajs,enkastɾajs,enkastɾ,enkastɾ,NL
enkastɾajs,enkastɾajs,enkastɾ,enkastɾ,NL
enkastɾajs,enkastɾajs,enkastɾ,enkastɾ,NL
enkastɾajs,enkastɾajs,enkastɾ,enkastɾ,NL
enkastɾajs,enkastɾajs,enkastɾ,enkastɾ,NL
enkastɾajs,enkastɾajs,enkastɾ,enkastɾ,NL
enkastɾamos,enkastɾamos,enkastɾ,enkastɾ,NL
enkastɾamos,enkastɾamos,enkastɾ,enkastɾ,NL
enkastɾamos,enkastɾamos,enkastɾ,enkastɾ,NL
enkastɾamos,enkastɾamos,enkastɾ,enkastɾ,NL
enkastɾamos,enkastɾamos,enkastɾ,enkastɾ,NL
enkastɾamos,enkastɾamos,enkastɾ,enkastɾ,NL
enkastɾamos,enkastɾamos,enkastɾ,enkastɾ,NL
enkastɾamos,enkastɾamos,enkastɾ,enkastɾ,NL
enkastɾamos,enkastɾamos,enkastɾ,enkastɾ,NL
enkastɾamos,enkastɾamos,enkastɾ,enkastɾ,NL
enkastɾamos,enkastɾamos,enkastɾ,enkastɾ,NL
enkastɾamos,enkastɾamos,enkastɾ,enkastɾ,NL
enkastɾamos,enkastɾamos,enkastɾ,enkastɾ,NL
enkastɾamos,enkastɾamos,enkastɾ,enkastɾ,NL
enkastɾamos,enkastɾamos,enkastɾ,enkastɾ,NL
enkastɾamos,enkastɾamos,enkastɾ,enkastɾ,NL
enkastɾamos,enkastɾamos,enkastɾ,enkastɾ,NL
enkastɾamos,enkastɾamos,enkastɾ,enkastɾ,NL
enkastɾamos,enkastɾamos,enkastɾ,enkastɾ,NL
enkastɾamos,enkastɾamos,enkastɾ,enkastɾ,NL
enkastɾamos,enkastɾamos,enkastɾ,enkastɾ,NL
enkastɾamos,enkastɾamos,enkastɾ,enkastɾ,NL
enkastɾamos,enkastɾamos,enkastɾ,enkastɾ,NL
enkastɾamos,enkastɾamos,enkastɾ,enkastɾ,NL
enkastɾamos,enkastɾamos,enkastɾ,enkastɾ,NL
enkastɾamos,enkastɾamos,enkastɾ,enkastɾ,NL
enkastɾamos,enkastɾamos,enkastɾ,enkastɾ,NL
enkastɾamos,enkastɾamos,enkastɾ,enkastɾ,NL
enkastɾamos,enkastɾamos,enkastɾ,enkastɾ,NL
enkastɾamos,enkastɾamos,enkastɾ,enkastɾ,NL
enkastɾamos,enkastɾamos,enkastɾ,enkastɾ,NL
enkastɾamos,enkastɾamos,enkastɾ,enkastɾ,NL
enkastɾamos,enkastɾamos,enkastɾ,enkastɾ,NL
enkastɾamos,enkastɾamos,enkastɾ,enkastɾ,NL
enkastɾamos,enkastɾamos,enkastɾ,enkastɾ,NL
enkastɾamos,enkastɾamos,enkastɾ,enkastɾ,NL
enkastɾamos,enkastɾamos,enkastɾ,enkastɾ,NL
enkastɾamos,enkastɾamos,enkastɾ,enkastɾ,NL
enkastɾamos,enkastɾamos,enkastɾ,enkastɾ,NL
enkastɾamos,enkastɾamos,enkastɾ,enkastɾ,NL
enkastɾamos,enkastɾamos,enkastɾ,enkastɾ,NL
enkastɾamos,enkastɾamos,enkastɾ,enkastɾ,NL
enkastɾamos,enkastɾamos,enkastɾ,enkastɾ,NL
enkastɾamos,enkastɾamos,enkastɾ,enkastɾ,NL
enkastɾamos,enkastɾamos,enkastɾ,enkastɾ,NL
enkastɾamos,enkastɾamos,enkastɾ,enkastɾ,NL
enkastɾamos,enkastɾamos,enkastɾ,enkastɾ,NL
enkastɾamos,enkastɾamos,enkastɾ,enkastɾ,NL
enkastɾamos,enkastɾamos,enkastɾ,enkastɾ,NL
enkastɾamos,enkastɾamos,enkastɾ,enkastɾ,NL
enkastɾamos,enkastɾamos,enkastɾ,enkastɾ,NL
enkastɾamos,enkastɾamos,enkastɾ,enkastɾ,NL
enkastɾamos,enkastɾamos,enkastɾ,enkastɾ,NL
enkastɾamos,enkastɾamos,enkastɾ,enkastɾ,NL
enkastɾamos,enkastɾamos,enkastɾ,enkastɾ,NL
enkastɾan,enkastɾan,enkastɾ,enkastɾ,NL
enkastɾan,enkastɾan,enkastɾ,enkastɾ,NL
enkastɾan,enkastɾan,enkastɾ,enkastɾ,NL
enkastɾan,enkastɾan,enkastɾ,enkastɾ,NL
enkastɾan,enkastɾan,enkastɾ,enkastɾ,NL
enkastɾan,enkastɾan,enkastɾ,enkastɾ,NL
enkastɾan,enkastɾan,enkastɾ,enkastɾ,NL
enkastɾan,enkastɾan,enkastɾ,enkastɾ,NL
enkastɾan,enkastɾan,enkastɾ,enkastɾ,NL
enkastɾan,enkastɾan,enkastɾ,enkastɾ,NL
enkastɾan,enkastɾan,enkastɾ,enkastɾ,NL
enkastɾan,enkastɾan,enkastɾ,enkastɾ,NL
enkastɾan,enkastɾan,enkastɾ,enkastɾ,NL
enkastɾan,enkastɾan,enkastɾ,enkastɾ,NL
enkastɾan,enkastɾan,enkastɾ,enkastɾ,NL
enkastɾan,enkastɾan,enkastɾ,enkastɾ,NL
enkastɾan,enkastɾan,enkastɾ,enkastɾ,NL
enkastɾan,enkastɾan,enkastɾ,enkastɾ,NL
enkastɾan,enkastɾan,enkastɾ,enkastɾ,NL
enkastɾan,enkastɾan,enkastɾ,enkastɾ,NL
enkastɾan,enkastɾan,enkastɾ,enkastɾ,NL
enkastɾan,enkastɾan,enkastɾ,enkastɾ,NL
enkastɾan,enkastɾan,enkastɾ,enkastɾ,NL
enkastɾan,enkastɾan,enkastɾ,enkastɾ,NL
enkastɾan,enkastɾan,enkastɾ,enkastɾ,NL
enkastɾan,enkastɾan,enkastɾ,enkastɾ,NL
enkastɾan,enkastɾan,enkastɾ,enkastɾ,NL
enkastɾan,enkastɾan,enkastɾ,enkastɾ,NL
enkastɾan,enkastɾan,enkastɾ,enkastɾ,NL
enkastɾan,enkastɾan,enkastɾ,enkastɾ,NL
enkastɾan,enkastɾan,enkastɾ,enkastɾ,NL
enkastɾan,enkastɾan,enkastɾ,enkastɾ,NL
enkastɾan,enkastɾan,enkastɾ,enkastɾ,NL
enkastɾan,enkastɾan,enkastɾ,enkastɾ,NL
enkastɾan,enkastɾan,enkastɾ,enkastɾ,NL
enkastɾan,enkastɾan,enkastɾ,enkastɾ,NL
enkastɾan,enkastɾan,enkastɾ,enkastɾ,NL
enkastɾan,enkastɾan,enkastɾ,enkastɾ,NL
enkastɾan,enkastɾan,enkastɾ,enkastɾ,NL
enkastɾan,enkastɾan,enkastɾ,enkastɾ,NL
enkastɾan,enkastɾan,enkastɾ,enkastɾ,NL
enkastɾan,enkastɾan,enkastɾ,enkastɾ,NL
enkastɾan,enkastɾan,enkastɾ,enkastɾ,NL
enkastɾan,enkastɾan,enkastɾ,enkastɾ,NL
enkastɾan,enkastɾan,enkastɾ,enkastɾ,NL
enkastɾan,enkastɾan,enkastɾ,enkastɾ,NL
enkastɾan,enkastɾan,enkastɾ,enkastɾ,NL
enkastɾan,enkastɾan,enkastɾ,enkastɾ,NL
enkastɾan,enkastɾan,enkastɾ,enkastɾ,NL
enkastɾan,enkastɾan,enkastɾ,enkastɾ,NL
enkastɾan,enkastɾan,enkastɾ,enkastɾ,NL
enkastɾan,enkastɾan,enkastɾ,enkastɾ,NL
enkastɾan,enkastɾan,enkastɾ,enkastɾ,NL
enkastɾan,enkastɾan,enkastɾ,enkastɾ,NL
enkastɾan,enkastɾan,enkastɾ,enkastɾ,NL
enkastɾas,enkastɾas,enkastɾ,enkastɾ,NL
enkastɾas,enkastɾas,enkastɾ,enkastɾ,NL
enkastɾas,enkastɾas,enkastɾ,enkastɾ,NL
enkastɾas,enkastɾas,enkastɾ,enkastɾ,NL
enkastɾas,enkastɾas,enkastɾ,enkastɾ,NL
enkastɾas,enkastɾas,enkastɾ,enkastɾ,NL
enkastɾas,enkastɾas,enkastɾ,enkastɾ,NL
enkastɾas,enkastɾas,enkastɾ,enkastɾ,NL
enkastɾas,enkastɾas,enkastɾ,enkastɾ,NL
enkastɾas,enkastɾas,enkastɾ,enkastɾ,NL
enkastɾas,enkastɾas,enkastɾ,enkastɾ,NL
enkastɾas,enkastɾas,enkastɾ,enkastɾ,NL
enkastɾas,enkastɾas,enkastɾ,enkastɾ,NL
enkastɾas,enkastɾas,enkastɾ,enkastɾ,NL
enkastɾas,enkastɾas,enkastɾ,enkastɾ,NL
enkastɾas,enkastɾas,enkastɾ,enkastɾ,NL
enkastɾas,enkastɾas,enkastɾ,enkastɾ,NL
enkastɾas,enkastɾas,enkastɾ,enkastɾ,NL
enkastɾas,enkastɾas,enkastɾ,enkastɾ,NL
enkastɾas,enkastɾas,enkastɾ,enkastɾ,NL
enkastɾas,enkastɾas,enkastɾ,enkastɾ,NL
enkastɾas,enkastɾas,enkastɾ,enkastɾ,NL
enkastɾas,enkastɾas,enkastɾ,enkastɾ,NL
enkastɾas,enkastɾas,enkastɾ,enkastɾ,NL
enkastɾas,enkastɾas,enkastɾ,enkastɾ,NL
enkastɾas,enkastɾas,enkastɾ,enkastɾ,NL
enkastɾas,enkastɾas,enkastɾ,enkastɾ,NL
enkastɾas,enkastɾas,enkastɾ,enkastɾ,NL
enkastɾas,enkastɾas,enkastɾ,enkastɾ,NL
enkastɾas,enkastɾas,enkastɾ,enkastɾ,NL
enkastɾas,enkastɾas,enkastɾ,enkastɾ,NL
enkastɾas,enkastɾas,enkastɾ,enkastɾ,NL
enkastɾas,enkastɾas,enkastɾ,enkastɾ,NL
enkastɾas,enkastɾas,enkastɾ,enkastɾ,NL
enkastɾas,enkastɾas,enkastɾ,enkastɾ,NL
enkastɾas,enkastɾas,enkastɾ,enkastɾ,NL
enkastɾas,enkastɾas,enkastɾ,enkastɾ,NL
enkastɾas,enkastɾas,enkastɾ,enkastɾ,NL
enkastɾas,enkastɾas,enkastɾ,enkastɾ,NL
enkastɾas,enkastɾas,enkastɾ,enkastɾ,NL
enkastɾas,enkastɾas,enkastɾ,enkastɾ,NL
enkastɾas,enkastɾas,enkastɾ,enkastɾ,NL
enkastɾas,enkastɾas,enkastɾ,enkastɾ,NL
enkastɾas,enkastɾas,enkastɾ,enkastɾ,NL
enkastɾas,enkastɾas,enkastɾ,enkastɾ,NL
enkastɾas,enkastɾas,enkastɾ,enkastɾ,NL
enkastɾas,enkastɾas,enkastɾ,enkastɾ,NL
enkastɾas,enkastɾas,enkastɾ,enkastɾ,NL
enkastɾas,enkastɾas,enkastɾ,enkastɾ,NL
enkastɾas,enkastɾas,enkastɾ,enkastɾ,NL
enkastɾas,enkastɾas,enkastɾ,enkastɾ,NL
enkastɾas,enkastɾas,enkastɾ,enkastɾ,NL
enkastɾas,enkastɾas,enkastɾ,enkastɾ,NL
enkastɾas,enkastɾas,enkastɾ,enkastɾ,NL
enkastɾas,enkastɾas,enkastɾ,enkastɾ,NL
enkastɾa,enkastɾa,enkastɾ,enkastɾ,NL
enkastɾa,enkastɾa,enkastɾ,enkastɾ,NL
enkastɾa,enkastɾa,enkastɾ,enkastɾ,NL
enkastɾa,enkastɾa,enkastɾ,enkastɾ,NL
enkastɾa,enkastɾa,enkastɾ,enkastɾ,NL
enkastɾa,enkastɾa,enkastɾ,enkastɾ,NL
enkastɾa,enkastɾa,enkastɾ,enkastɾ,NL
enkastɾa,enkastɾa,enkastɾ,enkastɾ,NL
enkastɾa,enkastɾa,enkastɾ,enkastɾ,NL
enkastɾa,enkastɾa,enkastɾ,enkastɾ,NL
enkastɾa,enkastɾa,enkastɾ,enkastɾ,NL
enkastɾa,enkastɾa,enkastɾ,enkastɾ,NL
enkastɾa,enkastɾa,enkastɾ,enkastɾ,NL
enkastɾa,enkastɾa,enkastɾ,enkastɾ,NL
enkastɾa,enkastɾa,enkastɾ,enkastɾ,NL
enkastɾa,enkastɾa,enkastɾ,enkastɾ,NL
enkastɾa,enkastɾa,enkastɾ,enkastɾ,NL
enkastɾa,enkastɾa,enkastɾ,enkastɾ,NL
enkastɾa,enkastɾa,enkastɾ,enkastɾ,NL
enkastɾa,enkastɾa,enkastɾ,enkastɾ,NL
enkastɾa,enkastɾa,enkastɾ,enkastɾ,NL
enkastɾa,enkastɾa,enkastɾ,enkastɾ,NL
enkastɾa,enkastɾa,enkastɾ,enkastɾ,NL
enkastɾa,enkastɾa,enkastɾ,enkastɾ,NL
enkastɾa,enkastɾa,enkastɾ,enkastɾ,NL
enkastɾa,enkastɾa,enkastɾ,enkastɾ,NL
enkastɾa,enkastɾa,enkastɾ,enkastɾ,NL
enkastɾa,enkastɾa,enkastɾ,enkastɾ,NL
enkastɾa,enkastɾa,enkastɾ,enkastɾ,NL
enkastɾa,enkastɾa,enkastɾ,enkastɾ,NL
enkastɾa,enkastɾa,enkastɾ,enkastɾ,NL
enkastɾa,enkastɾa,enkastɾ,enkastɾ,NL
enkastɾa,enkastɾa,enkastɾ,enkastɾ,NL
enkastɾa,enkastɾa,enkastɾ,enkastɾ,NL
enkastɾa,enkastɾa,enkastɾ,enkastɾ,NL
enkastɾa,enkastɾa,enkastɾ,enkastɾ,NL
enkastɾa,enkastɾa,enkastɾ,enkastɾ,NL
enkastɾa,enkastɾa,enkastɾ,enkastɾ,NL
enkastɾa,enkastɾa,enkastɾ,enkastɾ,NL
enkastɾa,enkastɾa,enkastɾ,enkastɾ,NL
enkastɾa,enkastɾa,enkastɾ,enkastɾ,NL
enkastɾa,enkastɾa,enkastɾ,enkastɾ,NL
enkastɾa,enkastɾa,enkastɾ,enkastɾ,NL
enkastɾa,enkastɾa,enkastɾ,enkastɾ,NL
enkastɾa,enkastɾa,enkastɾ,enkastɾ,NL
enkastɾa,enkastɾa,enkastɾ,enkastɾ,NL
enkastɾa,enkastɾa,enkastɾ,enkastɾ,NL
enkastɾa,enkastɾa,enkastɾ,enkastɾ,NL
enkastɾa,enkastɾa,enkastɾ,enkastɾ,NL
enkastɾa,enkastɾa,enkastɾ,enkastɾ,NL
enkastɾa,enkastɾa,enkastɾ,enkastɾ,NL
enkastɾa,enkastɾa,enkastɾ,enkastɾ,NL
enkastɾa,enkastɾa,enkastɾ,enkastɾ,NL
enkastɾa,enkastɾa,enkastɾ,enkastɾ,NL
enkastɾa,enkastɾa,enkastɾ,enkastɾ,NL
enkastɾejs,enkastɾejs,enkastɾ,enkastɾ,NL
enkastɾejs,enkastɾejs,enkastɾ,enkastɾ,NL
enkastɾejs,enkastɾejs,enkastɾ,enkastɾ,NL
enkastɾejs,enkastɾejs,enkastɾ,enkastɾ,NL
enkastɾejs,enkastɾejs,enkastɾ,enkastɾ,NL
enkastɾejs,enkastɾejs,enkastɾ,enkastɾ,NL
enkastɾejs,enkastɾejs,enkastɾ,enkastɾ,NL
enkastɾejs,enkastɾejs,enkastɾ,enkastɾ,NL
enkastɾejs,enkastɾejs,enkastɾ,enkastɾ,NL
enkastɾejs,enkastɾejs,enkastɾ,enkastɾ,NL
enkastɾejs,enkastɾejs,enkastɾ,enkastɾ,NL
enkastɾejs,enkastɾejs,enkastɾ,enkastɾ,NL
enkastɾejs,enkastɾejs,enkastɾ,enkastɾ,NL
enkastɾejs,enkastɾejs,enkastɾ,enkastɾ,NL
enkastɾejs,enkastɾejs,enkastɾ,enkastɾ,NL
enkastɾejs,enkastɾejs,enkastɾ,enkastɾ,NL
enkastɾejs,enkastɾejs,enkastɾ,enkastɾ,NL
enkastɾejs,enkastɾejs,enkastɾ,enkastɾ,NL
enkastɾejs,enkastɾejs,enkastɾ,enkastɾ,NL
enkastɾejs,enkastɾejs,enkastɾ,enkastɾ,NL
enkastɾejs,enkastɾejs,enkastɾ,enkastɾ,NL
enkastɾejs,enkastɾejs,enkastɾ,enkastɾ,NL
enkastɾejs,enkastɾejs,enkastɾ,enkastɾ,NL
enkastɾejs,enkastɾejs,enkastɾ,enkastɾ,NL
enkastɾejs,enkastɾejs,enkastɾ,enkastɾ,NL
enkastɾejs,enkastɾejs,enkastɾ,enkastɾ,NL
enkastɾejs,enkastɾejs,enkastɾ,enkastɾ,NL
enkastɾejs,enkastɾejs,enkastɾ,enkastɾ,NL
enkastɾejs,enkastɾejs,enkastɾ,enkastɾ,NL
enkastɾejs,enkastɾejs,enkastɾ,enkastɾ,NL
enkastɾejs,enkastɾejs,enkastɾ,enkastɾ,NL
enkastɾejs,enkastɾejs,enkastɾ,enkastɾ,NL
enkastɾejs,enkastɾejs,enkastɾ,enkastɾ,NL
enkastɾejs,enkastɾejs,enkastɾ,enkastɾ,NL
enkastɾejs,enkastɾejs,enkastɾ,enkastɾ,NL
enkastɾejs,enkastɾejs,enkastɾ,enkastɾ,NL
enkastɾejs,enkastɾejs,enkastɾ,enkastɾ,NL
enkastɾejs,enkastɾejs,enkastɾ,enkastɾ,NL
enkastɾejs,enkastɾejs,enkastɾ,enkastɾ,NL
enkastɾejs,enkastɾejs,enkastɾ,enkastɾ,NL
enkastɾejs,enkastɾejs,enkastɾ,enkastɾ,NL
enkastɾejs,enkastɾejs,enkastɾ,enkastɾ,NL
enkastɾejs,enkastɾejs,enkastɾ,enkastɾ,NL
enkastɾejs,enkastɾejs,enkastɾ,enkastɾ,NL
enkastɾejs,enkastɾejs,enkastɾ,enkastɾ,NL
enkastɾejs,enkastɾejs,enkastɾ,enkastɾ,NL
enkastɾejs,enkastɾejs,enkastɾ,enkastɾ,NL
enkastɾejs,enkastɾejs,enkastɾ,enkastɾ,NL
enkastɾejs,enkastɾejs,enkastɾ,enkastɾ,NL
enkastɾejs,enkastɾejs,enkastɾ,enkastɾ,NL
enkastɾejs,enkastɾejs,enkastɾ,enkastɾ,NL
enkastɾejs,enkastɾejs,enkastɾ,enkastɾ,NL
enkastɾejs,enkastɾejs,enkastɾ,enkastɾ,NL
enkastɾejs,enkastɾejs,enkastɾ,enkastɾ,NL
enkastɾejs,enkastɾejs,enkastɾ,enkastɾ,NL
enkastɾemos,enkastɾemos,enkastɾ,enkastɾ,NL
enkastɾemos,enkastɾemos,enkastɾ,enkastɾ,NL
enkastɾemos,enkastɾemos,enkastɾ,enkastɾ,NL
enkastɾemos,enkastɾemos,enkastɾ,enkastɾ,NL
enkastɾemos,enkastɾemos,enkastɾ,enkastɾ,NL
enkastɾemos,enkastɾemos,enkastɾ,enkastɾ,NL
enkastɾemos,enkastɾemos,enkastɾ,enkastɾ,NL
enkastɾemos,enkastɾemos,enkastɾ,enkastɾ,NL
enkastɾemos,enkastɾemos,enkastɾ,enkastɾ,NL
enkastɾemos,enkastɾemos,enkastɾ,enkastɾ,NL
enkastɾemos,enkastɾemos,enkastɾ,enkastɾ,NL
enkastɾemos,enkastɾemos,enkastɾ,enkastɾ,NL
enkastɾemos,enkastɾemos,enkastɾ,enkastɾ,NL
enkastɾemos,enkastɾemos,enkastɾ,enkastɾ,NL
enkastɾemos,enkastɾemos,enkastɾ,enkastɾ,NL
enkastɾemos,enkastɾemos,enkastɾ,enkastɾ,NL
enkastɾemos,enkastɾemos,enkastɾ,enkastɾ,NL
enkastɾemos,enkastɾemos,enkastɾ,enkastɾ,NL
enkastɾemos,enkastɾemos,enkastɾ,enkastɾ,NL
enkastɾemos,enkastɾemos,enkastɾ,enkastɾ,NL
enkastɾemos,enkastɾemos,enkastɾ,enkastɾ,NL
enkastɾemos,enkastɾemos,enkastɾ,enkastɾ,NL
enkastɾemos,enkastɾemos,enkastɾ,enkastɾ,NL
enkastɾemos,enkastɾemos,enkastɾ,enkastɾ,NL
enkastɾemos,enkastɾemos,enkastɾ,enkastɾ,NL
enkastɾemos,enkastɾemos,enkastɾ,enkastɾ,NL
enkastɾemos,enkastɾemos,enkastɾ,enkastɾ,NL
enkastɾemos,enkastɾemos,enkastɾ,enkastɾ,NL
enkastɾemos,enkastɾemos,enkastɾ,enkastɾ,NL
enkastɾemos,enkastɾemos,enkastɾ,enkastɾ,NL
enkastɾemos,enkastɾemos,enkastɾ,enkastɾ,NL
enkastɾemos,enkastɾemos,enkastɾ,enkastɾ,NL
enkastɾemos,enkastɾemos,enkastɾ,enkastɾ,NL
enkastɾemos,enkastɾemos,enkastɾ,enkastɾ,NL
enkastɾemos,enkastɾemos,enkastɾ,enkastɾ,NL
enkastɾemos,enkastɾemos,enkastɾ,enkastɾ,NL
enkastɾemos,enkastɾemos,enkastɾ,enkastɾ,NL
enkastɾemos,enkastɾemos,enkastɾ,enkastɾ,NL
enkastɾemos,enkastɾemos,enkastɾ,enkastɾ,NL
enkastɾemos,enkastɾemos,enkastɾ,enkastɾ,NL
enkastɾemos,enkastɾemos,enkastɾ,enkastɾ,NL
enkastɾemos,enkastɾemos,enkastɾ,enkastɾ,NL
enkastɾemos,enkastɾemos,enkastɾ,enkastɾ,NL
enkastɾemos,enkastɾemos,enkastɾ,enkastɾ,NL
enkastɾemos,enkastɾemos,enkastɾ,enkastɾ,NL
enkastɾemos,enkastɾemos,enkastɾ,enkastɾ,NL
enkastɾemos,enkastɾemos,enkastɾ,enkastɾ,NL
enkastɾemos,enkastɾemos,enkastɾ,enkastɾ,NL
enkastɾemos,enkastɾemos,enkastɾ,enkastɾ,NL
enkastɾemos,enkastɾemos,enkastɾ,enkastɾ,NL
enkastɾemos,enkastɾemos,enkastɾ,enkastɾ,NL
enkastɾemos,enkastɾemos,enkastɾ,enkastɾ,NL
enkastɾemos,enkastɾemos,enkastɾ,enkastɾ,NL
enkastɾemos,enkastɾemos,enkastɾ,enkastɾ,NL
enkastɾemos,enkastɾemos,enkastɾ,enkastɾ,NL
enkastɾen,enkastɾen,enkastɾ,enkastɾ,NL
enkastɾen,enkastɾen,enkastɾ,enkastɾ,NL
enkastɾen,enkastɾen,enkastɾ,enkastɾ,NL
enkastɾen,enkastɾen,enkastɾ,enkastɾ,NL
enkastɾen,enkastɾen,enkastɾ,enkastɾ,NL
enkastɾen,enkastɾen,enkastɾ,enkastɾ,NL
enkastɾen,enkastɾen,enkastɾ,enkastɾ,NL
enkastɾen,enkastɾen,enkastɾ,enkastɾ,NL
enkastɾen,enkastɾen,enkastɾ,enkastɾ,NL
enkastɾen,enkastɾen,enkastɾ,enkastɾ,NL
enkastɾen,enkastɾen,enkastɾ,enkastɾ,NL
enkastɾen,enkastɾen,enkastɾ,enkastɾ,NL
enkastɾen,enkastɾen,enkastɾ,enkastɾ,NL
enkastɾen,enkastɾen,enkastɾ,enkastɾ,NL
enkastɾen,enkastɾen,enkastɾ,enkastɾ,NL
enkastɾen,enkastɾen,enkastɾ,enkastɾ,NL
enkastɾen,enkastɾen,enkastɾ,enkastɾ,NL
enkastɾen,enkastɾen,enkastɾ,enkastɾ,NL
enkastɾen,enkastɾen,enkastɾ,enkastɾ,NL
enkastɾen,enkastɾen,enkastɾ,enkastɾ,NL
enkastɾen,enkastɾen,enkastɾ,enkastɾ,NL
enkastɾen,enkastɾen,enkastɾ,enkastɾ,NL
enkastɾen,enkastɾen,enkastɾ,enkastɾ,NL
enkastɾen,enkastɾen,enkastɾ,enkastɾ,NL
enkastɾen,enkastɾen,enkastɾ,enkastɾ,NL
enkastɾen,enkastɾen,enkastɾ,enkastɾ,NL
enkastɾen,enkastɾen,enkastɾ,enkastɾ,NL
enkastɾen,enkastɾen,enkastɾ,enkastɾ,NL
enkastɾen,enkastɾen,enkastɾ,enkastɾ,NL
enkastɾen,enkastɾen,enkastɾ,enkastɾ,NL
enkastɾen,enkastɾen,enkastɾ,enkastɾ,NL
enkastɾen,enkastɾen,enkastɾ,enkastɾ,NL
enkastɾen,enkastɾen,enkastɾ,enkastɾ,NL
enkastɾen,enkastɾen,enkastɾ,enkastɾ,NL
enkastɾen,enkastɾen,enkastɾ,enkastɾ,NL
enkastɾen,enkastɾen,enkastɾ,enkastɾ,NL
enkastɾen,enkastɾen,enkastɾ,enkastɾ,NL
enkastɾen,enkastɾen,enkastɾ,enkastɾ,NL
enkastɾen,enkastɾen,enkastɾ,enkastɾ,NL
enkastɾen,enkastɾen,enkastɾ,enkastɾ,NL
enkastɾen,enkastɾen,enkastɾ,enkastɾ,NL
enkastɾen,enkastɾen,enkastɾ,enkastɾ,NL
enkastɾen,enkastɾen,enkastɾ,enkastɾ,NL
enkastɾen,enkastɾen,enkastɾ,enkastɾ,NL
enkastɾen,enkastɾen,enkastɾ,enkastɾ,NL
enkastɾen,enkastɾen,enkastɾ,enkastɾ,NL
enkastɾen,enkastɾen,enkastɾ,enkastɾ,NL
enkastɾen,enkastɾen,enkastɾ,enkastɾ,NL
enkastɾen,enkastɾen,enkastɾ,enkastɾ,NL
enkastɾen,enkastɾen,enkastɾ,enkastɾ,NL
enkastɾen,enkastɾen,enkastɾ,enkastɾ,NL
enkastɾen,enkastɾen,enkastɾ,enkastɾ,NL
enkastɾen,enkastɾen,enkastɾ,enkastɾ,NL
enkastɾen,enkastɾen,enkastɾ,enkastɾ,NL
enkastɾen,enkastɾen,enkastɾ,enkastɾ,NL
enkastɾes,enkastɾes,enkastɾ,enkastɾ,NL
enkastɾes,enkastɾes,enkastɾ,enkastɾ,NL
enkastɾes,enkastɾes,enkastɾ,enkastɾ,NL
enkastɾes,enkastɾes,enkastɾ,enkastɾ,NL
enkastɾes,enkastɾes,enkastɾ,enkastɾ,NL
enkastɾes,enkastɾes,enkastɾ,enkastɾ,NL
enkastɾes,enkastɾes,enkastɾ,enkastɾ,NL
enkastɾes,enkastɾes,enkastɾ,enkastɾ,NL
enkastɾes,enkastɾes,enkastɾ,enkastɾ,NL
enkastɾes,enkastɾes,enkastɾ,enkastɾ,NL
enkastɾes,enkastɾes,enkastɾ,enkastɾ,NL
enkastɾes,enkastɾes,enkastɾ,enkastɾ,NL
enkastɾes,enkastɾes,enkastɾ,enkastɾ,NL
enkastɾes,enkastɾes,enkastɾ,enkastɾ,NL
enkastɾes,enkastɾes,enkastɾ,enkastɾ,NL
enkastɾes,enkastɾes,enkastɾ,enkastɾ,NL
enkastɾes,enkastɾes,enkastɾ,enkastɾ,NL
enkastɾes,enkastɾes,enkastɾ,enkastɾ,NL
enkastɾes,enkastɾes,enkastɾ,enkastɾ,NL
enkastɾes,enkastɾes,enkastɾ,enkastɾ,NL
enkastɾes,enkastɾes,enkastɾ,enkastɾ,NL
enkastɾes,enkastɾes,enkastɾ,enkastɾ,NL
enkastɾes,enkastɾes,enkastɾ,enkastɾ,NL
enkastɾes,enkastɾes,enkastɾ,enkastɾ,NL
enkastɾes,enkastɾes,enkastɾ,enkastɾ,NL
enkastɾes,enkastɾes,enkastɾ,enkastɾ,NL
enkastɾes,enkastɾes,enkastɾ,enkastɾ,NL
enkastɾes,enkastɾes,enkastɾ,enkastɾ,NL
enkastɾes,enkastɾes,enkastɾ,enkastɾ,NL
enkastɾes,enkastɾes,enkastɾ,enkastɾ,NL
enkastɾes,enkastɾes,enkastɾ,enkastɾ,NL
enkastɾes,enkastɾes,enkastɾ,enkastɾ,NL
enkastɾes,enkastɾes,enkastɾ,enkastɾ,NL
enkastɾes,enkastɾes,enkastɾ,enkastɾ,NL
enkastɾes,enkastɾes,enkastɾ,enkastɾ,NL
enkastɾes,enkastɾes,enkastɾ,enkastɾ,NL
enkastɾes,enkastɾes,enkastɾ,enkastɾ,NL
enkastɾes,enkastɾes,enkastɾ,enkastɾ,NL
enkastɾes,enkastɾes,enkastɾ,enkastɾ,NL
enkastɾes,enkastɾes,enkastɾ,enkastɾ,NL
enkastɾes,enkastɾes,enkastɾ,enkastɾ,NL
enkastɾes,enkastɾes,enkastɾ,enkastɾ,NL
enkastɾes,enkastɾes,enkastɾ,enkastɾ,NL
enkastɾes,enkastɾes,enkastɾ,enkastɾ,NL
enkastɾes,enkastɾes,enkastɾ,enkastɾ,NL
enkastɾes,enkastɾes,enkastɾ,enkastɾ,NL
enkastɾes,enkastɾes,enkastɾ,enkastɾ,NL
enkastɾes,enkastɾes,enkastɾ,enkastɾ,NL
enkastɾes,enkastɾes,enkastɾ,enkastɾ,NL
enkastɾes,enkastɾes,enkastɾ,enkastɾ,NL
enkastɾes,enkastɾes,enkastɾ,enkastɾ,NL
enkastɾes,enkastɾes,enkastɾ,enkastɾ,NL
enkastɾes,enkastɾes,enkastɾ,enkastɾ,NL
enkastɾes,enkastɾes,enkastɾ,enkastɾ,NL
enkastɾes,enkastɾes,enkastɾ,enkastɾ,NL
enkastɾe,enkastɾe,enkastɾ,enkastɾ,NL
enkastɾe,enkastɾe,enkastɾ,enkastɾ,NL
enkastɾe,enkastɾe,enkastɾ,enkastɾ,NL
enkastɾe,enkastɾe,enkastɾ,enkastɾ,NL
enkastɾe,enkastɾe,enkastɾ,enkastɾ,NL
enkastɾe,enkastɾe,enkastɾ,enkastɾ,NL
enkastɾe,enkastɾe,enkastɾ,enkastɾ,NL
enkastɾe,enkastɾe,enkastɾ,enkastɾ,NL
enkastɾe,enkastɾe,enkastɾ,enkastɾ,NL
enkastɾe,enkastɾe,enkastɾ,enkastɾ,NL
enkastɾe,enkastɾe,enkastɾ,enkastɾ,NL
enkastɾe,enkastɾe,enkastɾ,enkastɾ,NL
enkastɾe,enkastɾe,enkastɾ,enkastɾ,NL
enkastɾe,enkastɾe,enkastɾ,enkastɾ,NL
enkastɾe,enkastɾe,enkastɾ,enkastɾ,NL
enkastɾe,enkastɾe,enkastɾ,enkastɾ,NL
enkastɾe,enkastɾe,enkastɾ,enkastɾ,NL
enkastɾe,enkastɾe,enkastɾ,enkastɾ,NL
enkastɾe,enkastɾe,enkastɾ,enkastɾ,NL
enkastɾe,enkastɾe,enkastɾ,enkastɾ,NL
enkastɾe,enkastɾe,enkastɾ,enkastɾ,NL
enkastɾe,enkastɾe,enkastɾ,enkastɾ,NL
enkastɾe,enkastɾe,enkastɾ,enkastɾ,NL
enkastɾe,enkastɾe,enkastɾ,enkastɾ,NL
enkastɾe,enkastɾe,enkastɾ,enkastɾ,NL
enkastɾe,enkastɾe,enkastɾ,enkastɾ,NL
enkastɾe,enkastɾe,enkastɾ,enkastɾ,NL
enkastɾe,enkastɾe,enkastɾ,enkastɾ,NL
enkastɾe,enkastɾe,enkastɾ,enkastɾ,NL
enkastɾe,enkastɾe,enkastɾ,enkastɾ,NL
enkastɾe,enkastɾe,enkastɾ,enkastɾ,NL
enkastɾe,enkastɾe,enkastɾ,enkastɾ,NL
enkastɾe,enkastɾe,enkastɾ,enkastɾ,NL
enkastɾe,enkastɾe,enkastɾ,enkastɾ,NL
enkastɾe,enkastɾe,enkastɾ,enkastɾ,NL
enkastɾe,enkastɾe,enkastɾ,enkastɾ,NL
enkastɾe,enkastɾe,enkastɾ,enkastɾ,NL
enkastɾe,enkastɾe,enkastɾ,enkastɾ,NL
enkastɾe,enkastɾe,enkastɾ,enkastɾ,NL
enkastɾe,enkastɾe,enkastɾ,enkastɾ,NL
enkastɾe,enkastɾe,enkastɾ,enkastɾ,NL
enkastɾe,enkastɾe,enkastɾ,enkastɾ,NL
enkastɾe,enkastɾe,enkastɾ,enkastɾ,NL
enkastɾe,enkastɾe,enkastɾ,enkastɾ,NL
enkastɾe,enkastɾe,enkastɾ,enkastɾ,NL
enkastɾe,enkastɾe,enkastɾ,enkastɾ,NL
enkastɾe,enkastɾe,enkastɾ,enkastɾ,NL
enkastɾe,enkastɾe,enkastɾ,enkastɾ,NL
enkastɾe,enkastɾe,enkastɾ,enkastɾ,NL
enkastɾe,enkastɾe,enkastɾ,enkastɾ,NL
enkastɾe,enkastɾe,enkastɾ,enkastɾ,NL
enkastɾe,enkastɾe,enkastɾ,enkastɾ,NL
enkastɾe,enkastɾe,enkastɾ,enkastɾ,NL
enkastɾe,enkastɾe,enkastɾ,enkastɾ,NL
enkastɾe,enkastɾe,enkastɾ,enkastɾ,NL
enkastɾe,enkastɾe,enkastɾ,enkastɾ,NL
enkastɾe,enkastɾe,enkastɾ,enkastɾ,NL
enkastɾe,enkastɾe,enkastɾ,enkastɾ,NL
enkastɾe,enkastɾe,enkastɾ,enkastɾ,NL
enkastɾe,enkastɾe,enkastɾ,enkastɾ,NL
enkastɾe,enkastɾe,enkastɾ,enkastɾ,NL
enkastɾe,enkastɾe,enkastɾ,enkastɾ,NL
enkastɾe,enkastɾe,enkastɾ,enkastɾ,NL
enkastɾe,enkastɾe,enkastɾ,enkastɾ,NL
enkastɾe,enkastɾe,enkastɾ,enkastɾ,NL
enkastɾe,enkastɾe,enkastɾ,enkastɾ,NL
enkastɾe,enkastɾe,enkastɾ,enkastɾ,NL
enkastɾe,enkastɾe,enkastɾ,enkastɾ,NL
enkastɾe,enkastɾe,enkastɾ,enkastɾ,NL
enkastɾe,enkastɾe,enkastɾ,enkastɾ,NL
enkastɾe,enkastɾe,enkastɾ,enkastɾ,NL
enkastɾe,enkastɾe,enkastɾ,enkastɾ,NL
enkastɾe,enkastɾe,enkastɾ,enkastɾ,NL
enkastɾe,enkastɾe,enkastɾ,enkastɾ,NL
enkastɾe,enkastɾe,enkastɾ,enkastɾ,NL
enkastɾe,enkastɾe,enkastɾ,enkastɾ,NL
enkastɾe,enkastɾe,enkastɾ,enkastɾ,NL
enkastɾe,enkastɾe,enkastɾ,enkastɾ,NL
enkastɾe,enkastɾe,enkastɾ,enkastɾ,NL
enkastɾe,enkastɾe,enkastɾ,enkastɾ,NL
enkastɾe,enkastɾe,enkastɾ,enkastɾ,NL
enkastɾe,enkastɾe,enkastɾ,enkastɾ,NL
enkastɾe,enkastɾe,enkastɾ,enkastɾ,NL
enkastɾe,enkastɾe,enkastɾ,enkastɾ,NL
enkastɾe,enkastɾe,enkastɾ,enkastɾ,NL
enkastɾe,enkastɾe,enkastɾ,enkastɾ,NL
enkastɾe,enkastɾe,enkastɾ,enkastɾ,NL
enkastɾe,enkastɾe,enkastɾ,enkastɾ,NL
enkastɾe,enkastɾe,enkastɾ,enkastɾ,NL
enkastɾe,enkastɾe,enkastɾ,enkastɾ,NL
enkastɾe,enkastɾe,enkastɾ,enkastɾ,NL
enkastɾe,enkastɾe,enkastɾ,enkastɾ,NL
enkastɾe,enkastɾe,enkastɾ,enkastɾ,NL
enkastɾe,enkastɾe,enkastɾ,enkastɾ,NL
enkastɾe,enkastɾe,enkastɾ,enkastɾ,NL
enkastɾe,enkastɾe,enkastɾ,enkastɾ,NL
enkastɾe,enkastɾe,enkastɾ,enkastɾ,NL
enkastɾe,enkastɾe,enkastɾ,enkastɾ,NL
enkastɾe,enkastɾe,enkastɾ,enkastɾ,NL
enkastɾe,enkastɾe,enkastɾ,enkastɾ,NL
enkastɾe,enkastɾe,enkastɾ,enkastɾ,NL
enkastɾe,enkastɾe,enkastɾ,enkastɾ,NL
enkastɾe,enkastɾe,enkastɾ,enkastɾ,NL
enkastɾe,enkastɾe,enkastɾ,enkastɾ,NL
enkastɾe,enkastɾe,enkastɾ,enkastɾ,NL
enkastɾe,enkastɾe,enkastɾ,enkastɾ,NL
enkastɾe,enkastɾe,enkastɾ,enkastɾ,NL
enkastɾe,enkastɾe,enkastɾ,enkastɾ,NL
enkastɾe,enkastɾe,enkastɾ,enkastɾ,NL
enkastɾe,enkastɾe,enkastɾ,enkastɾ,NL
enkastɾo,enkastɾo,enkastɾ,enkastɾ,NL
enkastɾo,enkastɾo,enkastɾ,enkastɾ,NL
enkastɾo,enkastɾo,enkastɾ,enkastɾ,NL
enkastɾo,enkastɾo,enkastɾ,enkastɾ,NL
enkastɾo,enkastɾo,enkastɾ,enkastɾ,NL
enkastɾo,enkastɾo,enkastɾ,enkastɾ,NL
enkastɾo,enkastɾo,enkastɾ,enkastɾ,NL
enkastɾo,enkastɾo,enkastɾ,enkastɾ,NL
enkastɾo,enkastɾo,enkastɾ,enkastɾ,NL
enkastɾo,enkastɾo,enkastɾ,enkastɾ,NL
enkastɾo,enkastɾo,enkastɾ,enkastɾ,NL
enkastɾo,enkastɾo,enkastɾ,enkastɾ,NL
enkastɾo,enkastɾo,enkastɾ,enkastɾ,NL
enkastɾo,enkastɾo,enkastɾ,enkastɾ,NL
enkastɾo,enkastɾo,enkastɾ,enkastɾ,NL
enkastɾo,enkastɾo,enkastɾ,enkastɾ,NL
enkastɾo,enkastɾo,enkastɾ,enkastɾ,NL
enkastɾo,enkastɾo,enkastɾ,enkastɾ,NL
enkastɾo,enkastɾo,enkastɾ,enkastɾ,NL
enkastɾo,enkastɾo,enkastɾ,enkastɾ,NL
enkastɾo,enkastɾo,enkastɾ,enkastɾ,NL
enkastɾo,enkastɾo,enkastɾ,enkastɾ,NL
enkastɾo,enkastɾo,enkastɾ,enkastɾ,NL
enkastɾo,enkastɾo,enkastɾ,enkastɾ,NL
enkastɾo,enkastɾo,enkastɾ,enkastɾ,NL
enkastɾo,enkastɾo,enkastɾ,enkastɾ,NL
enkastɾo,enkastɾo,enkastɾ,enkastɾ,NL
enkastɾo,enkastɾo,enkastɾ,enkastɾ,NL
enkastɾo,enkastɾo,enkastɾ,enkastɾ,NL
enkastɾo,enkastɾo,enkastɾ,enkastɾ,NL
enkastɾo,enkastɾo,enkastɾ,enkastɾ,NL
enkastɾo,enkastɾo,enkastɾ,enkastɾ,NL
enkastɾo,enkastɾo,enkastɾ,enkastɾ,NL
enkastɾo,enkastɾo,enkastɾ,enkastɾ,NL
enkastɾo,enkastɾo,enkastɾ,enkastɾ,NL
enkastɾo,enkastɾo,enkastɾ,enkastɾ,NL
enkastɾo,enkastɾo,enkastɾ,enkastɾ,NL
enkastɾo,enkastɾo,enkastɾ,enkastɾ,NL
enkastɾo,enkastɾo,enkastɾ,enkastɾ,NL
enkastɾo,enkastɾo,enkastɾ,enkastɾ,NL
enkastɾo,enkastɾo,enkastɾ,enkastɾ,NL
enkastɾo,enkastɾo,enkastɾ,enkastɾ,NL
enkastɾo,enkastɾo,enkastɾ,enkastɾ,NL
enkastɾo,enkastɾo,enkastɾ,enkastɾ,NL
enkastɾo,enkastɾo,enkastɾ,enkastɾ,NL
enkastɾo,enkastɾo,enkastɾ,enkastɾ,NL
enkastɾo,enkastɾo,enkastɾ,enkastɾ,NL
enkastɾo,enkastɾo,enkastɾ,enkastɾ,NL
enkastɾo,enkastɾo,enkastɾ,enkastɾ,NL
enkastɾo,enkastɾo,enkastɾ,enkastɾ,NL
enkastɾo,enkastɾo,enkastɾ,enkastɾ,NL
enkastɾo,enkastɾo,enkastɾ,enkastɾ,NL
enkastɾo,enkastɾo,enkastɾ,enkastɾ,NL
enkastɾo,enkastɾo,enkastɾ,enkastɾ,NL
enkastɾo,enkastɾo,enkastɾ,enkastɾ,NL
dolajs,dolɡajs,dolɡ,dol,NL
dolajs,dolɡajs,dolɡ,dol,NL
dolajs,dolɡajs,dolɡ,dol,NL
dolajs,dolɡajs,dolɡ,dol,NL
dolajs,dolɡajs,dolɡ,dol,NL
dolajs,dolɡajs,dolɡ,dol,NL
dolajs,dolɡajs,dolɡ,dol,NL
dolajs,dolɡajs,dolɡ,dol,NL
dolajs,dolɡajs,dolɡ,dol,NL
dolajs,dolɡajs,dolɡ,dol,NL
dolajs,dolɡajs,dolɡ,dol,NL
dolajs,dolɡajs,dolɡ,dol,NL
dolajs,dolɡajs,dolɡ,dol,NL
dolajs,dolɡajs,dolɡ,dol,NL
dolajs,dolɡajs,dolɡ,dol,NL
dolajs,dolɡajs,dolɡ,dol,NL
dolajs,dolɡajs,dolɡ,dol,NL
dolajs,dolɡajs,dolɡ,dol,NL
dolajs,dolɡajs,dolɡ,dol,NL
dolajs,dolɡajs,dolɡ,dol,NL
dolajs,dolɡajs,dolɡ,dol,NL
dolajs,dolɡajs,dolɡ,dol,NL
dolajs,dolɡajs,dolɡ,dol,NL
dolajs,dolɡajs,dolɡ,dol,NL
dolajs,dolɡajs,dolɡ,dol,NL
dolajs,dolɡajs,dolɡ,dol,NL
dolajs,dolɡajs,dolɡ,dol,NL
dolajs,dulajs,dul,dol,NL
dolajs,dulajs,dul,dol,NL
dolajs,dulajs,dul,dol,NL
dolajs,dulajs,dul,dol,NL
dolajs,dulajs,dul,dol,NL
dolajs,dulajs,dul,dol,NL
dolajs,dulajs,dul,dol,NL
dolajs,dulajs,dul,dol,NL
dolajs,dulajs,dul,dol,NL
dolajs,dulajs,dul,dol,NL
dolajs,dulajs,dul,dol,NL
dolajs,dulajs,dul,dol,NL
dolajs,dulajs,dul,dol,NL
dolajs,dulajs,dul,dol,NL
dolajs,dulajs,dul,dol,NL
dolajs,dulajs,dul,dol,NL
dolajs,dulajs,dul,dol,NL
dolajs,dulajs,dul,dol,NL
dolajs,dulajs,dul,dol,NL
dolajs,dulajs,dul,dol,NL
dolajs,dulajs,dul,dol,NL
dolajs,dulajs,dul,dol,NL
dolajs,dulajs,dul,dol,NL
dolajs,dulajs,dul,dol,NL
dolajs,dulajs,dul,dol,NL
dolajs,dulajs,dul,dol,NL
dolajs,dulajs,dul,dol,NL
dolajs,dulajs,dul,dol,NL
dolamos,dolɡamos,dolɡ,dol,NL
dolamos,dolɡamos,dolɡ,dol,NL
dolamos,dolɡamos,dolɡ,dol,NL
dolamos,dolɡamos,dolɡ,dol,NL
dolamos,dolɡamos,dolɡ,dol,NL
dolamos,dolɡamos,dolɡ,dol,NL
dolamos,dolɡamos,dolɡ,dol,NL
dolamos,dolɡamos,dolɡ,dol,NL
dolamos,dolɡamos,dolɡ,dol,NL
dolamos,dolɡamos,dolɡ,dol,NL
dolamos,dolɡamos,dolɡ,dol,NL
dolamos,dolɡamos,dolɡ,dol,NL
dolamos,dolɡamos,dolɡ,dol,NL
dolamos,dolɡamos,dolɡ,dol,NL
dolamos,dolɡamos,dolɡ,dol,NL
dolamos,dolɡamos,dolɡ,dol,NL
dolamos,dolɡamos,dolɡ,dol,NL
dolamos,dolɡamos,dolɡ,dol,NL
dolamos,dolɡamos,dolɡ,dol,NL
dolamos,dolɡamos,dolɡ,dol,NL
dolamos,dolɡamos,dolɡ,dol,NL
dolamos,dolɡamos,dolɡ,dol,NL
dolamos,dolɡamos,dolɡ,dol,NL
dolamos,dolɡamos,dolɡ,dol,NL
dolamos,dolɡamos,dolɡ,dol,NL
dolamos,dolɡamos,dolɡ,dol,NL
dolamos,dolɡamos,dolɡ,dol,NL
dolamos,dulamos,dul,dol,NL
dolamos,dulamos,dul,dol,NL
dolamos,dulamos,dul,dol,NL
dolamos,dulamos,dul,dol,NL
dolamos,dulamos,dul,dol,NL
dolamos,dulamos,dul,dol,NL
dolamos,dulamos,dul,dol,NL
dolamos,dulamos,dul,dol,NL
dolamos,dulamos,dul,dol,NL
dolamos,dulamos,dul,dol,NL
dolamos,dulamos,dul,dol,NL
dolamos,dulamos,dul,dol,NL
dolamos,dulamos,dul,dol,NL
dolamos,dulamos,dul,dol,NL
dolamos,dulamos,dul,dol,NL
dolamos,dulamos,dul,dol,NL
dolamos,dulamos,dul,dol,NL
dolamos,dulamos,dul,dol,NL
dolamos,dulamos,dul,dol,NL
dolamos,dulamos,dul,dol,NL
dolamos,dulamos,dul,dol,NL
dolamos,dulamos,dul,dol,NL
dolamos,dulamos,dul,dol,NL
dolamos,dulamos,dul,dol,NL
dolamos,dulamos,dul,dol,NL
dolamos,dulamos,dul,dol,NL
dolamos,dulamos,dul,dol,NL
dolamos,dulamos,dul,dol,NL
dolejs,delis,del,dol,NL
dolejs,delis,del,dol,NL
dolejs,delis,del,dol,NL
dolejs,delis,del,dol,NL
dolejs,delis,del,dol,NL
dolejs,delis,del,dol,NL
dolejs,delis,del,dol,NL
dolejs,delis,del,dol,NL
dolejs,delis,del,dol,NL
dolejs,delis,del,dol,NL
dolejs,dolis,dol,dol,NL
dolejs,delis,del,dol,NL
dolejs,delis,del,dol,NL
dolejs,delis,del,dol,NL
dolejs,delis,del,dol,NL
dolejs,delis,del,dol,NL
dolejs,delis,del,dol,NL
dolejs,delis,del,dol,NL
dolejs,delis,del,dol,NL
dolejs,dolis,dol,dol,NL
dolejs,dolis,dol,dol,NL
dolejs,dolis,dol,dol,NL
dolejs,dolis,dol,dol,NL
dolejs,dolis,dol,dol,NL
dolejs,dolis,dol,dol,NL
dolejs,dolis,dol,dol,NL
dolejs,dolis,dol,dol,NL
dolejs,desis,des,dol,NL
dolejs,delis,del,dol,NL
dolejs,desis,des,dol,NL
dolejs,delelajs,delel,dol,NL
dolejs,delelajs,delel,dol,NL
dolejs,delelajs,delel,dol,NL
dolejs,delelajs,delel,dol,NL
dolejs,delis,del,dol,NL
dolejs,delis,del,dol,NL
dolejs,delelajs,delel,dol,NL
dolejs,delelajs,delel,dol,NL
dolejs,delelajs,delel,dol,NL
dolejs,delis,del,dol,NL
dolejs,delis,del,dol,NL
dolejs,delelajs,delel,dol,NL
dolejs,delis,del,dol,NL
dolejs,delis,del,dol,NL
dolejs,delis,del,dol,NL
dolejs,delelajs,delel,dol,NL
dolejs,delis,del,dol,NL
dolejs,delis,del,dol,NL
dolejs,delis,del,dol,NL
dolejs,delelajs,delel,dol,NL
dolejs,delelajs,delel,dol,NL
dolejs,delelajs,delel,dol,NL
dolejs,delelajs,delel,dol,NL
dolejs,desis,des,dol,NL
dolejs,delelajs,delel,dol,NL
dolemos,delimos,del,dol,NL
dolemos,delimos,del,dol,NL
dolemos,delimos,del,dol,NL
dolemos,delimos,del,dol,NL
dolemos,delimos,del,dol,NL
dolemos,delimos,del,dol,NL
dolemos,delimos,del,dol,NL
dolemos,delimos,del,dol,NL
dolemos,delimos,del,dol,NL
dolemos,delimos,del,dol,NL
dolemos,delimos,del,dol,NL
dolemos,delimos,del,dol,NL
dolemos,delimos,del,dol,NL
dolemos,delimos,del,dol,NL
dolemos,delimos,del,dol,NL
dolemos,delimos,del,dol,NL
dolemos,delimos,del,dol,NL
dolemos,delimos,del,dol,NL
dolemos,delimos,del,dol,NL
dolemos,delimos,del,dol,NL
dolemos,delimos,del,dol,NL
dolemos,delimos,del,dol,NL
dolemos,delimos,del,dol,NL
dolemos,delimos,del,dol,NL
dolemos,delimos,del,dol,NL
dolemos,delimos,del,dol,NL
dolemos,delimos,del,dol,NL
dolemos,desimos,des,dol,NL
dolemos,desimos,des,dol,NL
dolemos,desimos,des,dol,NL
dolemos,desimos,des,dol,NL
dolemos,desimos,des,dol,NL
dolemos,desimos,des,dol,NL
dolemos,desimos,des,dol,NL
dolemos,delimos,del,dol,NL
dolemos,desimos,des,dol,NL
dolemos,desimos,des,dol,NL
dolemos,desimos,des,dol,NL
dolemos,delimos,del,dol,NL
dolemos,desimos,des,dol,NL
dolemos,delimos,del,dol,NL
dolemos,delimos,del,dol,NL
dolemos,desimos,des,dol,NL
dolemos,delimos,del,dol,NL
dolemos,delimos,del,dol,NL
dolemos,delelamos,delel,dol,NL
dolemos,delelamos,delel,dol,NL
dolemos,delimos,del,dol,NL
dolemos,delimos,del,dol,NL
dolemos,delelamos,delel,dol,NL
dolemos,delelamos,delel,dol,NL
dolemos,delelamos,delel,dol,NL
dolemos,delelamos,delel,dol,NL
dolemos,delelamos,delel,dol,NL
dolemos,delelamos,delel,dol,NL
dwelan,dolan,dol,dwel,NL
dwelan,dolan,dol,dwel,NL
dwelan,dolan,dol,dwel,NL
dwelan,dolan,dol,dwel,NL
dwelan,dolan,dol,dwel,NL
dwelan,dolan,dol,dwel,NL
dwelan,dolan,dol,dwel,NL
dwelan,dolan,dol,dwel,NL
dwelan,dolan,dol,dwel,NL
dwelan,dolan,dol,dwel,NL
dwelan,dolan,dol,dwel,NL
dwelan,dolan,dol,dwel,NL
dwelan,dolan,dol,dwel,NL
dwelan,dolan,dol,dwel,NL
dwelan,dolan,dol,dwel,NL
dwelan,dolan,dol,dwel,NL
dwelan,dolan,dol,dwel,NL
dwelan,dolan,dol,dwel,NL
dwelan,dolan,dol,dwel,NL
dwelan,dolan,dol,dwel,NL
dwelan,dolan,dol,dwel,NL
dwelan,dolan,dol,dwel,NL
dwelan,dolan,dol,dwel,NL
dwelan,dolan,dol,dwel,NL
dwelan,dolan,dol,dwel,NL
dwelan,dolan,dol,dwel,NL
dwelan,dolan,dol,dwel,NL
dwelan,dolan,dol,dwel,NL
dwelan,dolan,dol,dwel,NL
dwelan,dolan,dol,dwel,NL
dwelan,dolan,dol,dwel,NL
dwelan,dolan,dol,dwel,NL
dwelan,dolan,dol,dwel,NL
dwelan,dolan,dol,dwel,NL
dwelan,delan,del,dwel,NL
dwelan,delan,del,dwel,NL
dwelan,dulan,dul,dwel,NL
dwelan,delan,del,dwel,NL
dwelan,dulan,dul,dwel,NL
dwelan,dulan,dul,dwel,NL
dwelan,dulan,dul,dwel,NL
dwelan,dulan,dul,dwel,NL
dwelan,dulan,dul,dwel,NL
dwelan,dulan,dul,dwel,NL
dwelan,dulan,dul,dwel,NL
dwelan,dulan,dul,dwel,NL
dwelan,dulan,dul,dwel,NL
dwelan,dulan,dul,dwel,NL
dwelan,dulan,dul,dwel,NL
dwelan,dulan,dul,dwel,NL
dwelan,dulan,dul,dwel,NL
dwelan,dulan,dul,dwel,NL
dwelan,dulan,dul,dwel,NL
dwelan,dulan,dul,dwel,NL
dwelan,dulan,dul,dwel,NL
dwelas,dolas,dol,dwel,NL
dwelas,dolas,dol,dwel,NL
dwelas,dolas,dol,dwel,NL
dwelas,dolas,dol,dwel,NL
dwelas,dolas,dol,dwel,NL
dwelas,dolas,dol,dwel,NL
dwelas,dolas,dol,dwel,NL
dwelas,dolas,dol,dwel,NL
dwelas,dolas,dol,dwel,NL
dwelas,dolas,dol,dwel,NL
dwelas,dolas,dol,dwel,NL
dwelas,dolas,dol,dwel,NL
dwelas,dolas,dol,dwel,NL
dwelas,dolas,dol,dwel,NL
dwelas,dolas,dol,dwel,NL
dwelas,dolas,dol,dwel,NL
dwelas,dolas,dol,dwel,NL
dwelas,dolas,dol,dwel,NL
dwelas,dolas,dol,dwel,NL
dwelas,dolas,dol,dwel,NL
dwelas,dolas,dol,dwel,NL
dwelas,dolas,dol,dwel,NL
dwelas,dolas,dol,dwel,NL
dwelas,dolas,dol,dwel,NL
dwelas,dolas,dol,dwel,NL
dwelas,dolas,dol,dwel,NL
dwelas,dolas,dol,dwel,NL
dwelas,dolas,dol,dwel,NL
dwelas,dolas,dol,dwel,NL
dwelas,dolas,dol,dwel,NL
dwelas,dolas,dol,dwel,NL
dwelas,dolas,dol,dwel,NL
dwelas,dolas,dol,dwel,NL
dwelas,dolas,dol,dwel,NL
dwelas,dulas,dul,dwel,NL
dwelas,dulas,dul,dwel,NL
dwelas,dulas,dul,dwel,NL
dwelas,dulas,dul,dwel,NL
dwelas,dulas,dul,dwel,NL
dwelas,dulas,dul,dwel,NL
dwelas,dulas,dul,dwel,NL
dwelas,dulas,dul,dwel,NL
dwelas,dulas,dul,dwel,NL
dwelas,dulas,dul,dwel,NL
dwelas,dulas,dul,dwel,NL
dwelas,dulas,dul,dwel,NL
dwelas,dulas,dul,dwel,NL
dwelas,dulas,dul,dwel,NL
dwelas,dulas,dul,dwel,NL
dwelas,dulas,dul,dwel,NL
dwelas,dulas,dul,dwel,NL
dwelas,dulas,dul,dwel,NL
dwelas,dulas,dul,dwel,NL
dwelas,dulas,dul,dwel,NL
dwelas,dulas,dul,dwel,NL
dwela,dola,dol,dwel,NL
dwela,dola,dol,dwel,NL
dwela,dola,dol,dwel,NL
dwela,dola,dol,dwel,NL
dwela,dola,dol,dwel,NL
dwela,dola,dol,dwel,NL
dwela,dola,dol,dwel,NL
dwela,dola,dol,dwel,NL
dwela,dola,dol,dwel,NL
dwela,dola,dol,dwel,NL
dwela,dola,dol,dwel,NL
dwela,dola,dol,dwel,NL
dwela,dola,dol,dwel,NL
dwela,dola,dol,dwel,NL
dwela,dola,dol,dwel,NL
dwela,dola,dol,dwel,NL
dwela,dola,dol,dwel,NL
dwela,dola,dol,dwel,NL
dwela,dola,dol,dwel,NL
dwela,dola,dol,dwel,NL
dwela,dola,dol,dwel,NL
dwela,dola,dol,dwel,NL
dwela,dola,dol,dwel,NL
dwela,dola,dol,dwel,NL
dwela,dola,dol,dwel,NL
dwela,dola,dol,dwel,NL
dwela,dola,dol,dwel,NL
dwela,dola,dol,dwel,NL
dwela,dola,dol,dwel,NL
dwela,dola,dol,dwel,NL
dwela,dola,dol,dwel,NL
dwela,dola,dol,dwel,NL
dwela,dola,dol,dwel,NL
dwela,dola,dol,dwel,NL
dwela,dela,del,dwel,NL
dwela,dula,dul,dwel,NL
dwela,dela,del,dwel,NL
dwela,dela,del,dwel,NL
dwela,dula,dul,dwel,NL
dwela,dula,dul,dwel,NL
dwela,dela,del,dwel,NL
dwela,dela,del,dwel,NL
dwela,dela,del,dwel,NL
dwela,dula,dul,dwel,NL
dwela,dula,dul,dwel,NL
dwela,dula,dul,dwel,NL
dwela,dula,dul,dwel,NL
dwela,dula,dul,dwel,NL
dwela,dula,dul,dwel,NL
dwela,dula,dul,dwel,NL
dwela,dula,dul,dwel,NL
dwela,dula,dul,dwel,NL
dwela,dula,dul,dwel,NL
dwela,dula,dul,dwel,NL
dwela,dula,dul,dwel,NL
dwela,dola,dol,dwel,NL
dwela,dola,dol,dwel,NL
dwela,dola,dol,dwel,NL
dwela,dola,dol,dwel,NL
dwela,dola,dol,dwel,NL
dwela,dola,dol,dwel,NL
dwela,dola,dol,dwel,NL
dwela,dola,dol,dwel,NL
dwela,dola,dol,dwel,NL
dwela,dola,dol,dwel,NL
dwela,dola,dol,dwel,NL
dwela,dola,dol,dwel,NL
dwela,dola,dol,dwel,NL
dwela,dola,dol,dwel,NL
dwela,dola,dol,dwel,NL
dwela,dola,dol,dwel,NL
dwela,dola,dol,dwel,NL
dwela,dola,dol,dwel,NL
dwela,dola,dol,dwel,NL
dwela,dola,dol,dwel,NL
dwela,dola,dol,dwel,NL
dwela,dola,dol,dwel,NL
dwela,dola,dol,dwel,NL
dwela,dola,dol,dwel,NL
dwela,dola,dol,dwel,NL
dwela,dola,dol,dwel,NL
dwela,dola,dol,dwel,NL
dwela,dola,dol,dwel,NL
dwela,dola,dol,dwel,NL
dwela,dola,dol,dwel,NL
dwela,dola,dol,dwel,NL
dwela,dola,dol,dwel,NL
dwela,dola,dol,dwel,NL
dwela,dola,dol,dwel,NL
dwela,dela,del,dwel,NL
dwela,dela,del,dwel,NL
dwela,dela,del,dwel,NL
dwela,dela,del,dwel,NL
dwela,dula,dul,dwel,NL
dwela,dula,dul,dwel,NL
dwela,dela,del,dwel,NL
dwela,dela,del,dwel,NL
dwela,dela,del,dwel,NL
dwela,dula,dul,dwel,NL
dwela,dela,del,dwel,NL
dwela,dula,dul,dwel,NL
dwela,dula,dul,dwel,NL
dwela,dula,dul,dwel,NL
dwela,dula,dul,dwel,NL
dwela,dula,dul,dwel,NL
dwela,dula,dul,dwel,NL
dwela,dula,dul,dwel,NL
dwela,dula,dul,dwel,NL
dwela,dula,dul,dwel,NL
dwela,dula,dul,dwel,NL
dwelen,dolen,dol,dwel,NL
dwelen,dolen,dol,dwel,NL
dwelen,dolen,dol,dwel,NL
dwelen,dolen,dol,dwel,NL
dwelen,dolen,dol,dwel,NL
dwelen,dolen,dol,dwel,NL
dwelen,dolen,dol,dwel,NL
dwelen,dolen,dol,dwel,NL
dwelen,dolen,dol,dwel,NL
dwelen,dolen,dol,dwel,NL
dwelen,dolen,dol,dwel,NL
dwelen,dolen,dol,dwel,NL
dwelen,dolen,dol,dwel,NL
dwelen,dolen,dol,dwel,NL
dwelen,dolen,dol,dwel,NL
dwelen,dolen,dol,dwel,NL
dwelen,dolen,dol,dwel,NL
dwelen,dolen,dol,dwel,NL
dwelen,dolen,dol,dwel,NL
dwelen,dolen,dol,dwel,NL
dwelen,dolen,dol,dwel,NL
dwelen,dolen,dol,dwel,NL
dwelen,dolen,dol,dwel,NL
dwelen,dolen,dol,dwel,NL
dwelen,dolen,dol,dwel,NL
dwelen,dolen,dol,dwel,NL
dwelen,dolen,dol,dwel,NL
dwelen,dolen,dol,dwel,NL
dwelen,dolen,dol,dwel,NL
dwelen,dolen,dol,dwel,NL
dwelen,dolen,dol,dwel,NL
dwelen,dolen,dol,dwel,NL
dwelen,dolen,dol,dwel,NL
dwelen,dolen,dol,dwel,NL
dwelen,delen,del,dwel,NL
dwelen,delen,del,dwel,NL
dwelen,delen,del,dwel,NL
dwelen,delen,del,dwel,NL
dwelen,delen,del,dwel,NL
dwelen,delen,del,dwel,NL
dwelen,delen,del,dwel,NL
dwelen,delen,del,dwel,NL
dwelen,delen,del,dwel,NL
dwelen,delen,del,dwel,NL
dwelen,delen,del,dwel,NL
dwelen,delen,del,dwel,NL
dwelen,delen,del,dwel,NL
dwelen,delen,del,dwel,NL
dwelen,delen,del,dwel,NL
dwelen,delen,del,dwel,NL
dwelen,dulen,dul,dwel,NL
dwelen,delen,del,dwel,NL
dwelen,dulen,dul,dwel,NL
dwelen,dulen,dul,dwel,NL
dwelen,dulen,dul,dwel,NL
dweles,doles,dol,dwel,NL
dweles,doles,dol,dwel,NL
dweles,doles,dol,dwel,NL
dweles,doles,dol,dwel,NL
dweles,doles,dol,dwel,NL
dweles,doles,dol,dwel,NL
dweles,doles,dol,dwel,NL
dweles,doles,dol,dwel,NL
dweles,doles,dol,dwel,NL
dweles,doles,dol,dwel,NL
dweles,doles,dol,dwel,NL
dweles,doles,dol,dwel,NL
dweles,doles,dol,dwel,NL
dweles,doles,dol,dwel,NL
dweles,doles,dol,dwel,NL
dweles,doles,dol,dwel,NL
dweles,doles,dol,dwel,NL
dweles,doles,dol,dwel,NL
dweles,doles,dol,dwel,NL
dweles,doles,dol,dwel,NL
dweles,doles,dol,dwel,NL
dweles,doles,dol,dwel,NL
dweles,doles,dol,dwel,NL
dweles,doles,dol,dwel,NL
dweles,doles,dol,dwel,NL
dweles,doles,dol,dwel,NL
dweles,doles,dol,dwel,NL
dweles,doles,dol,dwel,NL
dweles,doles,dol,dwel,NL
dweles,doles,dol,dwel,NL
dweles,doles,dol,dwel,NL
dweles,doles,dol,dwel,NL
dweles,doles,dol,dwel,NL
dweles,doles,dol,dwel,NL
dweles,deles,del,dwel,NL
dweles,deles,del,dwel,NL
dweles,dules,dul,dwel,NL
dweles,dules,dul,dwel,NL
dweles,dules,dul,dwel,NL
dweles,dules,dul,dwel,NL
dweles,deles,del,dwel,NL
dweles,deles,del,dwel,NL
dweles,dules,dul,dwel,NL
dweles,deles,del,dwel,NL
dweles,deles,del,dwel,NL
dweles,dules,dul,dwel,NL
dweles,dules,dul,dwel,NL
dweles,dules,dul,dwel,NL
dweles,dules,dul,dwel,NL
dweles,dules,dul,dwel,NL
dweles,dules,dul,dwel,NL
dweles,dules,dul,dwel,NL
dweles,dules,dul,dwel,NL
dweles,dules,dul,dwel,NL
dweles,dules,dul,dwel,NL
dwele,dole,dol,dwel,NL
dwele,dole,dol,dwel,NL
dwele,dole,dol,dwel,NL
dwele,dole,dol,dwel,NL
dwele,dole,dol,dwel,NL
dwele,dole,dol,dwel,NL
dwele,dole,dol,dwel,NL
dwele,dole,dol,dwel,NL
dwele,dole,dol,dwel,NL
dwele,dole,dol,dwel,NL
dwele,dole,dol,dwel,NL
dwele,dole,dol,dwel,NL
dwele,dole,dol,dwel,NL
dwele,dole,dol,dwel,NL
dwele,dole,dol,dwel,NL
dwele,dole,dol,dwel,NL
dwele,dole,dol,dwel,NL
dwele,dole,dol,dwel,NL
dwele,dole,dol,dwel,NL
dwele,dole,dol,dwel,NL
dwele,dole,dol,dwel,NL
dwele,dole,dol,dwel,NL
dwele,dole,dol,dwel,NL
dwele,dole,dol,dwel,NL
dwele,dole,dol,dwel,NL
dwele,dole,dol,dwel,NL
dwele,dole,dol,dwel,NL
dwele,dole,dol,dwel,NL
dwele,dole,dol,dwel,NL
dwele,dole,dol,dwel,NL
dwele,dole,dol,dwel,NL
dwele,dole,dol,dwel,NL
dwele,dole,dol,dwel,NL
dwele,dole,dol,dwel,NL
dwele,dele,del,dwel,NL
dwele,dele,del,dwel,NL
dwele,dele,del,dwel,NL
dwele,dele,del,dwel,NL
dwele,dele,del,dwel,NL
dwele,dele,del,dwel,NL
dwele,dele,del,dwel,NL
dwele,dele,del,dwel,NL
dwele,dele,del,dwel,NL
dwele,dele,del,dwel,NL
dwele,dele,del,dwel,NL
dwele,dele,del,dwel,NL
dwele,dele,del,dwel,NL
dwele,dele,del,dwel,NL
dwele,dele,del,dwel,NL
dwele,dele,del,dwel,NL
dwele,dele,del,dwel,NL
dwele,dele,del,dwel,NL
dwele,dule,dul,dwel,NL
dwele,dule,dul,dwel,NL
dwele,dule,dul,dwel,NL
dwelo,dolo,dol,dwel,NL
dwelo,dolo,dol,dwel,NL
dwelo,dolo,dol,dwel,NL
dwelo,dolo,dol,dwel,NL
dwelo,dolo,dol,dwel,NL
dwelo,dolo,dol,dwel,NL
dwelo,dolo,dol,dwel,NL
dwelo,dolo,dol,dwel,NL
dwelo,dolo,dol,dwel,NL
dwelo,dolo,dol,dwel,NL
dwelo,dolo,dol,dwel,NL
dwelo,dolo,dol,dwel,NL
dwelo,dolo,dol,dwel,NL
dwelo,dolo,dol,dwel,NL
dwelo,dolo,dol,dwel,NL
dwelo,dolo,dol,dwel,NL
dwelo,dolo,dol,dwel,NL
dwelo,dolo,dol,dwel,NL
dwelo,dolo,dol,dwel,NL
dwelo,dolo,dol,dwel,NL
dwelo,dolo,dol,dwel,NL
dwelo,dolo,dol,dwel,NL
dwelo,dolo,dol,dwel,NL
dwelo,dolo,dol,dwel,NL
dwelo,dolo,dol,dwel,NL
dwelo,dolo,dol,dwel,NL
dwelo,dolo,dol,dwel,NL
dwelo,dolo,dol,dwel,NL
dwelo,dolo,dol,dwel,NL
dwelo,dolo,dol,dwel,NL
dwelo,dolo,dol,dwel,NL
dwelo,dolo,dol,dwel,NL
dwelo,dolo,dol,dwel,NL
dwelo,dolo,dol,dwel,NL
dwelo,delo,del,dwel,NL
dwelo,delo,del,dwel,NL
dwelo,dulo,dul,dwel,NL
dwelo,delo,del,dwel,NL
dwelo,delo,del,dwel,NL
dwelo,dulo,dul,dwel,NL
dwelo,delo,del,dwel,NL
dwelo,delo,del,dwel,NL
dwelo,delo,del,dwel,NL
dwelo,delo,del,dwel,NL
dwelo,dulo,dul,dwel,NL
dwelo,dulo,dul,dwel,NL
dwelo,delo,del,dwel,NL
dwelo,delo,del,dwel,NL
dwelo,dulo,dul,dwel,NL
dwelo,dulo,dul,dwel,NL
dwelo,delo,del,dwel,NL
dwelo,dulo,dul,dwel,NL
dwelo,dulo,dul,dwel,NL
dwelo,dulo,dul,dwel,NL
dwelo,dulo,dul,dwel,NL
aumajs,aumajs,aum,aum,NL
aumajs,aumajs,aum,aum,NL
aumajs,aumajs,aum,aum,NL
aumajs,aumajs,aum,aum,NL
aumajs,aumajs,aum,aum,NL
aumajs,aumajs,aum,aum,NL
aumajs,aumajs,aum,aum,NL
aumajs,aumajs,aum,aum,NL
aumajs,aumajs,aum,aum,NL
aumajs,aumajs,aum,aum,NL
aumajs,aumajs,aum,aum,NL
aumajs,aumajs,aum,aum,NL
aumajs,aumajs,aum,aum,NL
aumajs,aumajs,aum,aum,NL
aumajs,aumajs,aum,aum,NL
aumajs,aumajs,aum,aum,NL
aumajs,aumajs,aum,aum,NL
aumajs,aumajs,aum,aum,NL
aumajs,aumajs,aum,aum,NL
aumajs,aumajs,aum,aum,NL
aumajs,aumajs,aum,aum,NL
aumajs,aumajs,aum,aum,NL
aumajs,aumajs,aum,aum,NL
aumajs,aumajs,aum,aum,NL
aumajs,aumajs,aum,aum,NL
aumajs,aumajs,aum,aum,NL
aumajs,aumajs,aum,aum,NL
aumajs,aumajs,aum,aum,NL
aumajs,aumajs,aum,aum,NL
aumajs,aumajs,aum,aum,NL
aumajs,aumajs,aum,aum,NL
aumajs,aumajs,aum,aum,NL
aumajs,aumajs,aum,aum,NL
aumajs,aumajs,aum,aum,NL
aumajs,aumajs,aum,aum,NL
aumajs,aumajs,aum,aum,NL
aumajs,aumajs,aum,aum,NL
aumajs,aumajs,aum,aum,NL
aumajs,aumajs,aum,aum,NL
aumajs,aumajs,aum,aum,NL
aumajs,aumajs,aum,aum,NL
aumajs,aumajs,aum,aum,NL
aumajs,aumajs,aum,aum,NL
aumajs,aumajs,aum,aum,NL
aumajs,aumajs,aum,aum,NL
aumajs,aumajs,aum,aum,NL
aumajs,aumajs,aum,aum,NL
aumajs,aumajs,aum,aum,NL
aumajs,aumajs,aum,aum,NL
aumajs,aumajs,aum,aum,NL
aumajs,aumajs,aum,aum,NL
aumajs,aumajs,aum,aum,NL
aumajs,aumajs,aum,aum,NL
aumajs,aumajs,aum,aum,NL
aumajs,aumajs,aum,aum,NL
aumamos,aumamos,aum,aum,NL
aumamos,aumamos,aum,aum,NL
aumamos,aumamos,aum,aum,NL
aumamos,aumamos,aum,aum,NL
aumamos,aumamos,aum,aum,NL
aumamos,aumamos,aum,aum,NL
aumamos,aumamos,aum,aum,NL
aumamos,aumamos,aum,aum,NL
aumamos,aumamos,aum,aum,NL
aumamos,aumamos,aum,aum,NL
aumamos,aumamos,aum,aum,NL
aumamos,aumamos,aum,aum,NL
aumamos,aumamos,aum,aum,NL
aumamos,aumamos,aum,aum,NL
aumamos,aumamos,aum,aum,NL
aumamos,aumamos,aum,aum,NL
aumamos,aumamos,aum,aum,NL
aumamos,aumamos,aum,aum,NL
aumamos,aumamos,aum,aum,NL
aumamos,aumamos,aum,aum,NL
aumamos,aumamos,aum,aum,NL
aumamos,aumamos,aum,aum,NL
aumamos,aumamos,aum,aum,NL
aumamos,aumamos,aum,aum,NL
aumamos,aumamos,aum,aum,NL
aumamos,aumamos,aum,aum,NL
aumamos,aumamos,aum,aum,NL
aumamos,aumamos,aum,aum,NL
aumamos,aumamos,aum,aum,NL
aumamos,aumamos,aum,aum,NL
aumamos,aumamos,aum,aum,NL
aumamos,aumamos,aum,aum,NL
aumamos,aumamos,aum,aum,NL
aumamos,aumamos,aum,aum,NL
aumamos,aumamos,aum,aum,NL
aumamos,aumamos,aum,aum,NL
aumamos,aumamos,aum,aum,NL
aumamos,aumamos,aum,aum,NL
aumamos,aumamos,aum,aum,NL
aumamos,aumamos,aum,aum,NL
aumamos,aumamos,aum,aum,NL
aumamos,aumamos,aum,aum,NL
aumamos,aumamos,aum,aum,NL
aumamos,aumamos,aum,aum,NL
aumamos,aumamos,aum,aum,NL
aumamos,aumamos,aum,aum,NL
aumamos,aumamos,aum,aum,NL
aumamos,aumamos,aum,aum,NL
aumamos,aumamos,aum,aum,NL
aumamos,aumamos,aum,aum,NL
aumamos,aumamos,aum,aum,NL
aumamos,aumamos,aum,aum,NL
aumamos,aumamos,aum,aum,NL
aumamos,aumamos,aum,aum,NL
aumamos,aumamos,aum,aum,NL
auman,auman,aum,aum,NL
auman,auman,aum,aum,NL
auman,auman,aum,aum,NL
auman,auman,aum,aum,NL
auman,auman,aum,aum,NL
auman,auman,aum,aum,NL
auman,auman,aum,aum,NL
auman,auman,aum,aum,NL
auman,auman,aum,aum,NL
auman,auman,aum,aum,NL
auman,auman,aum,aum,NL
auman,auman,aum,aum,NL
auman,auman,aum,aum,NL
auman,auman,aum,aum,NL
auman,auman,aum,aum,NL
auman,auman,aum,aum,NL
auman,auman,aum,aum,NL
auman,auman,aum,aum,NL
auman,auman,aum,aum,NL
auman,auman,aum,aum,NL
auman,auman,aum,aum,NL
auman,auman,aum,aum,NL
auman,auman,aum,aum,NL
auman,auman,aum,aum,NL
auman,auman,aum,aum,NL
auman,auman,aum,aum,NL
auman,auman,aum,aum,NL
auman,auman,aum,aum,NL
auman,auman,aum,aum,NL
auman,auman,aum,aum,NL
auman,auman,aum,aum,NL
auman,auman,aum,aum,NL
auman,auman,aum,aum,NL
auman,auman,aum,aum,NL
auman,auman,aum,aum,NL
auman,auman,aum,aum,NL
auman,auman,aum,aum,NL
auman,auman,aum,aum,NL
auman,auman,aum,aum,NL
auman,auman,aum,aum,NL
auman,auman,aum,aum,NL
auman,auman,aum,aum,NL
auman,auman,aum,aum,NL
auman,auman,aum,aum,NL
auman,auman,aum,aum,NL
auman,auman,aum,aum,NL
auman,auman,aum,aum,NL
auman,auman,aum,aum,NL
auman,auman,aum,aum,NL
auman,auman,aum,aum,NL
auman,auman,aum,aum,NL
auman,auman,aum,aum,NL
auman,auman,aum,aum,NL
auman,auman,aum,aum,NL
auman,auman,aum,aum,NL
aumas,aumas,aum,aum,NL
aumas,aumas,aum,aum,NL
aumas,aumas,aum,aum,NL
aumas,aumas,aum,aum,NL
aumas,aumas,aum,aum,NL
aumas,aumas,aum,aum,NL
aumas,aumas,aum,aum,NL
aumas,aumas,aum,aum,NL
aumas,aumas,aum,aum,NL
aumas,aumas,aum,aum,NL
aumas,aumas,aum,aum,NL
aumas,aumas,aum,aum,NL
aumas,aumas,aum,aum,NL
aumas,aumas,aum,aum,NL
aumas,aumas,aum,aum,NL
aumas,aumas,aum,aum,NL
aumas,aumas,aum,aum,NL
aumas,aumas,aum,aum,NL
aumas,aumas,aum,aum,NL
aumas,aumas,aum,aum,NL
aumas,aumas,aum,aum,NL
aumas,aumas,aum,aum,NL
aumas,aumas,aum,aum,NL
aumas,aumas,aum,aum,NL
aumas,aumas,aum,aum,NL
aumas,aumas,aum,aum,NL
aumas,aumas,aum,aum,NL
aumas,aumas,aum,aum,NL
aumas,aumas,aum,aum,NL
aumas,aumas,aum,aum,NL
aumas,aumas,aum,aum,NL
aumas,aumas,aum,aum,NL
aumas,aumas,aum,aum,NL
aumas,aumas,aum,aum,NL
aumas,aumas,aum,aum,NL
aumas,aumas,aum,aum,NL
aumas,aumas,aum,aum,NL
aumas,aumas,aum,aum,NL
aumas,aumas,aum,aum,NL
aumas,aumas,aum,aum,NL
aumas,aumas,aum,aum,NL
aumas,aumas,aum,aum,NL
aumas,aumas,aum,aum,NL
aumas,aumas,aum,aum,NL
aumas,aumas,aum,aum,NL
aumas,aumas,aum,aum,NL
aumas,aumas,aum,aum,NL
aumas,aumas,aum,aum,NL
aumas,aumas,aum,aum,NL
aumas,aumas,aum,aum,NL
aumas,aumas,aum,aum,NL
aumas,aumas,aum,aum,NL
aumas,aumas,aum,aum,NL
aumas,aumas,aum,aum,NL
aumas,aumas,aum,aum,NL
auma,auma,aum,aum,NL
auma,auma,aum,aum,NL
auma,auma,aum,aum,NL
auma,auma,aum,aum,NL
auma,auma,aum,aum,NL
auma,auma,aum,aum,NL
auma,auma,aum,aum,NL
auma,auma,aum,aum,NL
auma,auma,aum,aum,NL
auma,auma,aum,aum,NL
auma,auma,aum,aum,NL
auma,auma,aum,aum,NL
auma,auma,aum,aum,NL
auma,auma,aum,aum,NL
auma,auma,aum,aum,NL
auma,auma,aum,aum,NL
auma,auma,aum,aum,NL
auma,auma,aum,aum,NL
auma,auma,aum,aum,NL
auma,auma,aum,aum,NL
auma,auma,aum,aum,NL
auma,auma,aum,aum,NL
auma,auma,aum,aum,NL
auma,auma,aum,aum,NL
auma,auma,aum,aum,NL
auma,auma,aum,aum,NL
auma,auma,aum,aum,NL
auma,auma,aum,aum,NL
auma,auma,aum,aum,NL
auma,auma,aum,aum,NL
auma,auma,aum,aum,NL
auma,auma,aum,aum,NL
auma,auma,aum,aum,NL
auma,auma,aum,aum,NL
auma,auma,aum,aum,NL
auma,auma,aum,aum,NL
auma,auma,aum,aum,NL
auma,auma,aum,aum,NL
auma,auma,aum,aum,NL
auma,auma,aum,aum,NL
auma,auma,aum,aum,NL
auma,auma,aum,aum,NL
auma,auma,aum,aum,NL
auma,auma,aum,aum,NL
auma,auma,aum,aum,NL
auma,auma,aum,aum,NL
auma,auma,aum,aum,NL
auma,auma,aum,aum,NL
auma,auma,aum,aum,NL
auma,auma,aum,aum,NL
auma,auma,aum,aum,NL
auma,auma,aum,aum,NL
auma,auma,aum,aum,NL
auma,auma,aum,aum,NL
auma,auma,aum,aum,NL
aumejs,aumejs,aum,aum,NL
aumejs,aumejs,aum,aum,NL
aumejs,aumejs,aum,aum,NL
aumejs,aumejs,aum,aum,NL
aumejs,aumejs,aum,aum,NL
aumejs,aumejs,aum,aum,NL
aumejs,aumejs,aum,aum,NL
aumejs,aumejs,aum,aum,NL
aumejs,aumejs,aum,aum,NL
aumejs,aumejs,aum,aum,NL
aumejs,aumejs,aum,aum,NL
aumejs,aumejs,aum,aum,NL
aumejs,aumejs,aum,aum,NL
aumejs,aumejs,aum,aum,NL
aumejs,aumejs,aum,aum,NL
aumejs,aumejs,aum,aum,NL
aumejs,aumejs,aum,aum,NL
aumejs,aumejs,aum,aum,NL
aumejs,aumejs,aum,aum,NL
aumejs,aumejs,aum,aum,NL
aumejs,aumejs,aum,aum,NL
aumejs,aumejs,aum,aum,NL
aumejs,aumejs,aum,aum,NL
aumejs,aumejs,aum,aum,NL
aumejs,aumejs,aum,aum,NL
aumejs,aumejs,aum,aum,NL
aumejs,aumejs,aum,aum,NL
aumejs,aumejs,aum,aum,NL
aumejs,aumejs,aum,aum,NL
aumejs,aumejs,aum,aum,NL
aumejs,aumejs,aum,aum,NL
aumejs,aumejs,aum,aum,NL
aumejs,aumejs,aum,aum,NL
aumejs,aumejs,aum,aum,NL
aumejs,aumejs,aum,aum,NL
aumejs,aumejs,aum,aum,NL
aumejs,aumejs,aum,aum,NL
aumejs,aumejs,aum,aum,NL
aumejs,aumejs,aum,aum,NL
aumejs,aumejs,aum,aum,NL
aumejs,aumejs,aum,aum,NL
aumejs,aumejs,aum,aum,NL
aumejs,aumejs,aum,aum,NL
aumejs,aumejs,aum,aum,NL
aumejs,aumejs,aum,aum,NL
aumejs,aumejs,aum,aum,NL
aumejs,aumejs,aum,aum,NL
aumejs,aumejs,aum,aum,NL
aumejs,aumejs,aum,aum,NL
aumejs,aumejs,aum,aum,NL
aumejs,aumejs,aum,aum,NL
aumejs,aumejs,aum,aum,NL
aumejs,aumejs,aum,aum,NL
aumejs,aumejs,aum,aum,NL
aumejs,aumejs,aum,aum,NL
aumemos,aumemos,aum,aum,NL
aumemos,aumemos,aum,aum,NL
aumemos,aumemos,aum,aum,NL
aumemos,aumemos,aum,aum,NL
aumemos,aumemos,aum,aum,NL
aumemos,aumemos,aum,aum,NL
aumemos,aumemos,aum,aum,NL
aumemos,aumemos,aum,aum,NL
aumemos,aumemos,aum,aum,NL
aumemos,aumemos,aum,aum,NL
aumemos,aumemos,aum,aum,NL
aumemos,aumemos,aum,aum,NL
aumemos,aumemos,aum,aum,NL
aumemos,aumemos,aum,aum,NL
aumemos,aumemos,aum,aum,NL
aumemos,aumemos,aum,aum,NL
aumemos,aumemos,aum,aum,NL
aumemos,aumemos,aum,aum,NL
aumemos,aumemos,aum,aum,NL
aumemos,aumemos,aum,aum,NL
aumemos,aumemos,aum,aum,NL
aumemos,aumemos,aum,aum,NL
aumemos,aumemos,aum,aum,NL
aumemos,aumemos,aum,aum,NL
aumemos,aumemos,aum,aum,NL
aumemos,aumemos,aum,aum,NL
aumemos,aumemos,aum,aum,NL
aumemos,aumemos,aum,aum,NL
aumemos,aumemos,aum,aum,NL
aumemos,aumemos,aum,aum,NL
aumemos,aumemos,aum,aum,NL
aumemos,aumemos,aum,aum,NL
aumemos,aumemos,aum,aum,NL
aumemos,aumemos,aum,aum,NL
aumemos,aumemos,aum,aum,NL
aumemos,aumemos,aum,aum,NL
aumemos,aumemos,aum,aum,NL
aumemos,aumemos,aum,aum,NL
aumemos,aumemos,aum,aum,NL
aumemos,aumemos,aum,aum,NL
aumemos,aumemos,aum,aum,NL
aumemos,aumemos,aum,aum,NL
aumemos,aumemos,aum,aum,NL
aumemos,aumemos,aum,aum,NL
aumemos,aumemos,aum,aum,NL
aumemos,aumemos,aum,aum,NL
aumemos,aumemos,aum,aum,NL
aumemos,aumemos,aum,aum,NL
aumemos,aumemos,aum,aum,NL
aumemos,aumemos,aum,aum,NL
aumemos,aumemos,aum,aum,NL
aumemos,aumemos,aum,aum,NL
aumemos,aumemos,aum,aum,NL
aumemos,aumemos,aum,aum,NL
aumemos,aumemos,aum,aum,NL
aumen,aumen,aum,aum,NL
aumen,aumen,aum,aum,NL
aumen,aumen,aum,aum,NL
aumen,aumen,aum,aum,NL
aumen,aumen,aum,aum,NL
aumen,aumen,aum,aum,NL
aumen,aumen,aum,aum,NL
aumen,aumen,aum,aum,NL
aumen,aumen,aum,aum,NL
aumen,aumen,aum,aum,NL
aumen,aumen,aum,aum,NL
aumen,aumen,aum,aum,NL
aumen,aumen,aum,aum,NL
aumen,aumen,aum,aum,NL
aumen,aumen,aum,aum,NL
aumen,aumen,aum,aum,NL
aumen,aumen,aum,aum,NL
aumen,aumen,aum,aum,NL
aumen,aumen,aum,aum,NL
aumen,aumen,aum,aum,NL
aumen,aumen,aum,aum,NL
aumen,aumen,aum,aum,NL
aumen,aumen,aum,aum,NL
aumen,aumen,aum,aum,NL
aumen,aumen,aum,aum,NL
aumen,aumen,aum,aum,NL
aumen,aumen,aum,aum,NL
aumen,aumen,aum,aum,NL
aumen,aumen,aum,aum,NL
aumen,aumen,aum,aum,NL
aumen,aumen,aum,aum,NL
aumen,aumen,aum,aum,NL
aumen,aumen,aum,aum,NL
aumen,aumen,aum,aum,NL
aumen,aumen,aum,aum,NL
aumen,aumen,aum,aum,NL
aumen,aumen,aum,aum,NL
aumen,aumen,aum,aum,NL
aumen,aumen,aum,aum,NL
aumen,aumen,aum,aum,NL
aumen,aumen,aum,aum,NL
aumen,aumen,aum,aum,NL
aumen,aumen,aum,aum,NL
aumen,aumen,aum,aum,NL
aumen,aumen,aum,aum,NL
aumen,aumen,aum,aum,NL
aumen,aumen,aum,aum,NL
aumen,aumen,aum,aum,NL
aumen,aumen,aum,aum,NL
aumen,aumen,aum,aum,NL
aumen,aumen,aum,aum,NL
aumen,aumen,aum,aum,NL
aumen,aumen,aum,aum,NL
aumen,aumen,aum,aum,NL
aumen,aumen,aum,aum,NL
aumes,aumes,aum,aum,NL
aumes,aumes,aum,aum,NL
aumes,aumes,aum,aum,NL
aumes,aumes,aum,aum,NL
aumes,aumes,aum,aum,NL
aumes,aumes,aum,aum,NL
aumes,aumes,aum,aum,NL
aumes,aumes,aum,aum,NL
aumes,aumes,aum,aum,NL
aumes,aumes,aum,aum,NL
aumes,aumes,aum,aum,NL
aumes,aumes,aum,aum,NL
aumes,aumes,aum,aum,NL
aumes,aumes,aum,aum,NL
aumes,aumes,aum,aum,NL
aumes,aumes,aum,aum,NL
aumes,aumes,aum,aum,NL
aumes,aumes,aum,aum,NL
aumes,aumes,aum,aum,NL
aumes,aumes,aum,aum,NL
aumes,aumes,aum,aum,NL
aumes,aumes,aum,aum,NL
aumes,aumes,aum,aum,NL
aumes,aumes,aum,aum,NL
aumes,aumes,aum,aum,NL
aumes,aumes,aum,aum,NL
aumes,aumes,aum,aum,NL
aumes,aumes,aum,aum,NL
aumes,aumes,aum,aum,NL
aumes,aumes,aum,aum,NL
aumes,aumes,aum,aum,NL
aumes,aumes,aum,aum,NL
aumes,aumes,aum,aum,NL
aumes,aumes,aum,aum,NL
aumes,aumes,aum,aum,NL
aumes,aumes,aum,aum,NL
aumes,aumes,aum,aum,NL
aumes,aumes,aum,aum,NL
aumes,aumes,aum,aum,NL
aumes,aumes,aum,aum,NL
aumes,aumes,aum,aum,NL
aumes,aumes,aum,aum,NL
aumes,aumes,aum,aum,NL
aumes,aumes,aum,aum,NL
aumes,aumes,aum,aum,NL
aumes,aumes,aum,aum,NL
aumes,aumes,aum,aum,NL
aumes,aumes,aum,aum,NL
aumes,aumes,aum,aum,NL
aumes,aumes,aum,aum,NL
aumes,aumes,aum,aum,NL
aumes,aumes,aum,aum,NL
aumes,aumes,aum,aum,NL
aumes,aumes,aum,aum,NL
aumes,aumes,aum,aum,NL
aume,aume,aum,aum,NL
aume,aume,aum,aum,NL
aume,aume,aum,aum,NL
aume,aume,aum,aum,NL
aume,aume,aum,aum,NL
aume,aume,aum,aum,NL
aume,aume,aum,aum,NL
aume,aume,aum,aum,NL
aume,aume,aum,aum,NL
aume,aume,aum,aum,NL
aume,aume,aum,aum,NL
aume,aume,aum,aum,NL
aume,aume,aum,aum,NL
aume,aume,aum,aum,NL
aume,aume,aum,aum,NL
aume,aume,aum,aum,NL
aume,aume,aum,aum,NL
aume,aume,aum,aum,NL
aume,aume,aum,aum,NL
aume,aume,aum,aum,NL
aume,aume,aum,aum,NL
aume,aume,aum,aum,NL
aume,aume,aum,aum,NL
aume,aume,aum,aum,NL
aume,aume,aum,aum,NL
aume,aume,aum,aum,NL
aume,aume,aum,aum,NL
aume,aume,aum,aum,NL
aume,aume,aum,aum,NL
aume,aume,aum,aum,NL
aume,aume,aum,aum,NL
aume,aume,aum,aum,NL
aume,aume,aum,aum,NL
aume,aume,aum,aum,NL
aume,aume,aum,aum,NL
aume,aume,aum,aum,NL
aume,aume,aum,aum,NL
aume,aume,aum,aum,NL
aume,aume,aum,aum,NL
aume,aume,aum,aum,NL
aume,aume,aum,aum,NL
aume,aume,aum,aum,NL
aume,aume,aum,aum,NL
aume,aume,aum,aum,NL
aume,aume,aum,aum,NL
aume,aume,aum,aum,NL
aume,aume,aum,aum,NL
aume,aume,aum,aum,NL
aume,aume,aum,aum,NL
aume,aume,aum,aum,NL
aume,aume,aum,aum,NL
aume,aume,aum,aum,NL
aume,aume,aum,aum,NL
aume,aume,aum,aum,NL
aume,aume,aum,aum,NL
aume,aume,aum,aum,NL
aume,aume,aum,aum,NL
aume,aume,aum,aum,NL
aume,aume,aum,aum,NL
aume,aume,aum,aum,NL
aume,aume,aum,aum,NL
aume,aume,aum,aum,NL
aume,aume,aum,aum,NL
aume,aume,aum,aum,NL
aume,aume,aum,aum,NL
aume,aume,aum,aum,NL
aume,aume,aum,aum,NL
aume,aume,aum,aum,NL
aume,aume,aum,aum,NL
aume,aume,aum,aum,NL
aume,aume,aum,aum,NL
aume,aume,aum,aum,NL
aume,aume,aum,aum,NL
aume,aume,aum,aum,NL
aume,aume,aum,aum,NL
aume,aume,aum,aum,NL
aume,aume,aum,aum,NL
aume,aume,aum,aum,NL
aume,aume,aum,aum,NL
aume,aume,aum,aum,NL
aume,aume,aum,aum,NL
aume,aume,aum,aum,NL
aume,aume,aum,aum,NL
aume,aume,aum,aum,NL
aume,aume,aum,aum,NL
aume,aume,aum,aum,NL
aume,aume,aum,aum,NL
aume,aume,aum,aum,NL
aume,aume,aum,aum,NL
aume,aume,aum,aum,NL
aume,aume,aum,aum,NL
aume,aume,aum,aum,NL
aume,aume,aum,aum,NL
aume,aume,aum,aum,NL
aume,aume,aum,aum,NL
aume,aume,aum,aum,NL
aume,aume,aum,aum,NL
aume,aume,aum,aum,NL
aume,aume,aum,aum,NL
aume,aume,aum,aum,NL
aume,aume,aum,aum,NL
aume,aume,aum,aum,NL
aume,aume,aum,aum,NL
aume,aume,aum,aum,NL
aume,aume,aum,aum,NL
aume,aume,aum,aum,NL
aume,aume,aum,aum,NL
aume,aume,aum,aum,NL
aume,aume,aum,aum,NL
aume,aume,aum,aum,NL
aumo,aumo,aum,aum,NL
aumo,aumo,aum,aum,NL
aumo,aumo,aum,aum,NL
aumo,aumo,aum,aum,NL
aumo,aumo,aum,aum,NL
aumo,aumo,aum,aum,NL
aumo,aumo,aum,aum,NL
aumo,aumo,aum,aum,NL
aumo,aumo,aum,aum,NL
aumo,aumo,aum,aum,NL
aumo,aumo,aum,aum,NL
aumo,aumo,aum,aum,NL
aumo,aumo,aum,aum,NL
aumo,aumo,aum,aum,NL
aumo,aumo,aum,aum,NL
aumo,aumo,aum,aum,NL
aumo,aumo,aum,aum,NL
aumo,aumo,aum,aum,NL
aumo,aumo,aum,aum,NL
aumo,aumo,aum,aum,NL
aumo,aumo,aum,aum,NL
aumo,aumo,aum,aum,NL
aumo,aumo,aum,aum,NL
aumo,aumo,aum,aum,NL
aumo,aumo,aum,aum,NL
aumo,aumo,aum,aum,NL
aumo,aumo,aum,aum,NL
aumo,aumo,aum,aum,NL
aumo,aumo,aum,aum,NL
aumo,aumo,aum,aum,NL
aumo,aumo,aum,aum,NL
aumo,aumo,aum,aum,NL
aumo,aumo,aum,aum,NL
aumo,aumo,aum,aum,NL
aumo,aumo,aum,aum,NL
aumo,aumo,aum,aum,NL
aumo,aumo,aum,aum,NL
aumo,aumo,aum,aum,NL
aumo,aumo,aum,aum,NL
aumo,aumo,aum,aum,NL
aumo,aumo,aum,aum,NL
aumo,aumo,aum,aum,NL
aumo,aumo,aum,aum,NL
aumo,aumo,aum,aum,NL
aumo,aumo,aum,aum,NL
aumo,aumo,aum,aum,NL
aumo,aumo,aum,aum,NL
aumo,aumo,aum,aum,NL
aumo,aumo,aum,aum,NL
aumo,aumo,aum,aum,NL
aumo,aumo,aum,aum,NL
aumo,aumo,aum,aum,NL
aumo,aumo,aum,aum,NL
aumo,aumo,aum,aum,NL
aumo,aumo,aum,aum,NL
desempaɲajs,desempaɲajs,desempaɲ,desempaɲ,NL
desempaɲajs,desempaɲajs,desempaɲ,desempaɲ,NL
desempaɲajs,desempaɲajs,desempaɲ,desempaɲ,NL
desempaɲajs,desempaɲajs,desempaɲ,desempaɲ,NL
desempaɲajs,desempaɲajs,desempaɲ,desempaɲ,NL
desempaɲajs,desempaɲajs,desempaɲ,desempaɲ,NL
desempaɲajs,desempaɲajs,desempaɲ,desempaɲ,NL
desempaɲajs,desempaɲajs,desempaɲ,desempaɲ,NL
desempaɲajs,desempaɲajs,desempaɲ,desempaɲ,NL
desempaɲajs,desempaɲajs,desempaɲ,desempaɲ,NL
desempaɲajs,desempaɲajs,desempaɲ,desempaɲ,NL
desempaɲajs,desempaɲajs,desempaɲ,desempaɲ,NL
desempaɲajs,desempaɲajs,desempaɲ,desempaɲ,NL
desempaɲajs,desempaɲajs,desempaɲ,desempaɲ,NL
desempaɲajs,desempaɲajs,desempaɲ,desempaɲ,NL
desempaɲajs,desempaɲajs,desempaɲ,desempaɲ,NL
desempaɲajs,desempaɲajs,desempaɲ,desempaɲ,NL
desempaɲajs,desempaɲajs,desempaɲ,desempaɲ,NL
desempaɲajs,desempaɲajs,desempaɲ,desempaɲ,NL
desempaɲajs,desempaɲajs,desempaɲ,desempaɲ,NL
desempaɲajs,desempaɲajs,desempaɲ,desempaɲ,NL
desempaɲajs,desempaɲajs,desempaɲ,desempaɲ,NL
desempaɲajs,desempaɲajs,desempaɲ,desempaɲ,NL
desempaɲajs,desempaɲajs,desempaɲ,desempaɲ,NL
desempaɲajs,desempaɲajs,desempaɲ,desempaɲ,NL
desempaɲajs,desempaɲajs,desempaɲ,desempaɲ,NL
desempaɲajs,desempaɲajs,desempaɲ,desempaɲ,NL
desempaɲajs,desempaɲajs,desempaɲ,desempaɲ,NL
desempaɲajs,desempaɲajs,desempaɲ,desempaɲ,NL
desempaɲajs,desempaɲajs,desempaɲ,desempaɲ,NL
desempaɲajs,desempaɲajs,desempaɲ,desempaɲ,NL
desempaɲajs,desempaɲajs,desempaɲ,desempaɲ,NL
desempaɲajs,desempaɲajs,desempaɲ,desempaɲ,NL
desempaɲajs,desempaɲajs,desempaɲ,desempaɲ,NL
desempaɲajs,desempaɲajs,desempaɲ,desempaɲ,NL
desempaɲajs,desempaɲajs,desempaɲ,desempaɲ,NL
desempaɲajs,desempaɲajs,desempaɲ,desempaɲ,NL
desempaɲajs,desempaɲajs,desempaɲ,desempaɲ,NL
desempaɲajs,desempaɲajs,desempaɲ,desempaɲ,NL
desempaɲajs,desempaɲajs,desempaɲ,desempaɲ,NL
desempaɲajs,desempaɲajs,desempaɲ,desempaɲ,NL
desempaɲajs,desempaɲajs,desempaɲ,desempaɲ,NL
desempaɲajs,desempaɲajs,desempaɲ,desempaɲ,NL
desempaɲajs,desempaɲajs,desempaɲ,desempaɲ,NL
desempaɲajs,desempaɲajs,desempaɲ,desempaɲ,NL
desempaɲajs,desempaɲajs,desempaɲ,desempaɲ,NL
desempaɲajs,desempaɲajs,desempaɲ,desempaɲ,NL
desempaɲajs,desempaɲajs,desempaɲ,desempaɲ,NL
desempaɲajs,desempaɲajs,desempaɲ,desempaɲ,NL
desempaɲajs,desempaɲajs,desempaɲ,desempaɲ,NL
desempaɲajs,desempaɲajs,desempaɲ,desempaɲ,NL
desempaɲajs,desempaɲajs,desempaɲ,desempaɲ,NL
desempaɲajs,desempaɲajs,desempaɲ,desempaɲ,NL
desempaɲajs,desempaɲajs,desempaɲ,desempaɲ,NL
desempaɲajs,desempaɲajs,desempaɲ,desempaɲ,NL
desempaɲamos,desempaɲamos,desempaɲ,desempaɲ,NL
desempaɲamos,desempaɲamos,desempaɲ,desempaɲ,NL
desempaɲamos,desempaɲamos,desempaɲ,desempaɲ,NL
desempaɲamos,desempaɲamos,desempaɲ,desempaɲ,NL
desempaɲamos,desempaɲamos,desempaɲ,desempaɲ,NL
desempaɲamos,desempaɲamos,desempaɲ,desempaɲ,NL
desempaɲamos,desempaɲamos,desempaɲ,desempaɲ,NL
desempaɲamos,desempaɲamos,desempaɲ,desempaɲ,NL
desempaɲamos,desempaɲamos,desempaɲ,desempaɲ,NL
desempaɲamos,desempaɲamos,desempaɲ,desempaɲ,NL
desempaɲamos,desempaɲamos,desempaɲ,desempaɲ,NL
desempaɲamos,desempaɲamos,desempaɲ,desempaɲ,NL
desempaɲamos,desempaɲamos,desempaɲ,desempaɲ,NL
desempaɲamos,desempaɲamos,desempaɲ,desempaɲ,NL
desempaɲamos,desempaɲamos,desempaɲ,desempaɲ,NL
desempaɲamos,desempaɲamos,desempaɲ,desempaɲ,NL
desempaɲamos,desempaɲamos,desempaɲ,desempaɲ,NL
desempaɲamos,desempaɲamos,desempaɲ,desempaɲ,NL
desempaɲamos,desempaɲamos,desempaɲ,desempaɲ,NL
desempaɲamos,desempaɲamos,desempaɲ,desempaɲ,NL
desempaɲamos,desempaɲamos,desempaɲ,desempaɲ,NL
desempaɲamos,desempaɲamos,desempaɲ,desempaɲ,NL
desempaɲamos,desempaɲamos,desempaɲ,desempaɲ,NL
desempaɲamos,desempaɲamos,desempaɲ,desempaɲ,NL
desempaɲamos,desempaɲamos,desempaɲ,desempaɲ,NL
desempaɲamos,desempaɲamos,desempaɲ,desempaɲ,NL
desempaɲamos,desempaɲamos,desempaɲ,desempaɲ,NL
desempaɲamos,desempaɲamos,desempaɲ,desempaɲ,NL
desempaɲamos,desempaɲamos,desempaɲ,desempaɲ,NL
desempaɲamos,desempaɲamos,desempaɲ,desempaɲ,NL
desempaɲamos,desempaɲamos,desempaɲ,desempaɲ,NL
desempaɲamos,desempaɲamos,desempaɲ,desempaɲ,NL
desempaɲamos,desempaɲamos,desempaɲ,desempaɲ,NL
desempaɲamos,desempaɲamos,desempaɲ,desempaɲ,NL
desempaɲamos,desempaɲamos,desempaɲ,desempaɲ,NL
desempaɲamos,desempaɲamos,desempaɲ,desempaɲ,NL
desempaɲamos,desempaɲamos,desempaɲ,desempaɲ,NL
desempaɲamos,desempaɲamos,desempaɲ,desempaɲ,NL
desempaɲamos,desempaɲamos,desempaɲ,desempaɲ,NL
desempaɲamos,desempaɲamos,desempaɲ,desempaɲ,NL
desempaɲamos,desempaɲamos,desempaɲ,desempaɲ,NL
desempaɲamos,desempaɲamos,desempaɲ,desempaɲ,NL
desempaɲamos,desempaɲamos,desempaɲ,desempaɲ,NL
desempaɲamos,desempaɲamos,desempaɲ,desempaɲ,NL
desempaɲamos,desempaɲamos,desempaɲ,desempaɲ,NL
desempaɲamos,desempaɲamos,desempaɲ,desempaɲ,NL
desempaɲamos,desempaɲamos,desempaɲ,desempaɲ,NL
desempaɲamos,desempaɲamos,desempaɲ,desempaɲ,NL
desempaɲamos,desempaɲamos,desempaɲ,desempaɲ,NL
desempaɲamos,desempaɲamos,desempaɲ,desempaɲ,NL
desempaɲamos,desempaɲamos,desempaɲ,desempaɲ,NL
desempaɲamos,desempaɲamos,desempaɲ,desempaɲ,NL
desempaɲamos,desempaɲamos,desempaɲ,desempaɲ,NL
desempaɲamos,desempaɲamos,desempaɲ,desempaɲ,NL
desempaɲamos,desempaɲamos,desempaɲ,desempaɲ,NL
desempaɲan,desempaɲan,desempaɲ,desempaɲ,NL
desempaɲan,desempaɲan,desempaɲ,desempaɲ,NL
desempaɲan,desempaɲan,desempaɲ,desempaɲ,NL
desempaɲan,desempaɲan,desempaɲ,desempaɲ,NL
desempaɲan,desempaɲan,desempaɲ,desempaɲ,NL
desempaɲan,desempaɲan,desempaɲ,desempaɲ,NL
desempaɲan,desempaɲan,desempaɲ,desempaɲ,NL
desempaɲan,desempaɲan,desempaɲ,desempaɲ,NL
desempaɲan,desempaɲan,desempaɲ,desempaɲ,NL
desempaɲan,desmempaɲan,desmempaɲ,desempaɲ,NL
desempaɲan,desempaɲan,desempaɲ,desempaɲ,NL
desempaɲan,desempaɲan,desempaɲ,desempaɲ,NL
desempaɲan,desempaɲan,desempaɲ,desempaɲ,NL
desempaɲan,desempaɲan,desempaɲ,desempaɲ,NL
desempaɲan,desempaɲan,desempaɲ,desempaɲ,NL
desempaɲan,desempaɲan,desempaɲ,desempaɲ,NL
desempaɲan,desempaɲan,desempaɲ,desempaɲ,NL
desempaɲan,desempaɲan,desempaɲ,desempaɲ,NL
desempaɲan,desempaɲan,desempaɲ,desempaɲ,NL
desempaɲan,desempaɲan,desempaɲ,desempaɲ,NL
desempaɲan,desempaɲan,desempaɲ,desempaɲ,NL
desempaɲan,desempaɲan,desempaɲ,desempaɲ,NL
desempaɲan,desempaɲan,desempaɲ,desempaɲ,NL
desempaɲan,desempaɲan,desempaɲ,desempaɲ,NL
desempaɲan,desempaɲan,desempaɲ,desempaɲ,NL
desempaɲan,desempaɲan,desempaɲ,desempaɲ,NL
desempaɲan,desempaɲan,desempaɲ,desempaɲ,NL
desempaɲan,desempaɲan,desempaɲ,desempaɲ,NL
desempaɲan,desempaɲan,desempaɲ,desempaɲ,NL
desempaɲan,desempaɲan,desempaɲ,desempaɲ,NL
desempaɲan,desempaɲan,desempaɲ,desempaɲ,NL
desempaɲan,desempaɲan,desempaɲ,desempaɲ,NL
desempaɲan,desempaɲan,desempaɲ,desempaɲ,NL
desempaɲan,desempaɲan,desempaɲ,desempaɲ,NL
desempaɲan,desempaɲean,desempaɲe,desempaɲ,NL
desempaɲan,desempaɲan,desempaɲ,desempaɲ,NL
desempaɲan,desempaɲan,desempaɲ,desempaɲ,NL
desempaɲan,desempaɲan,desempaɲ,desempaɲ,NL
desempaɲan,desempaɲan,desempaɲ,desempaɲ,NL
desempaɲan,desempaɲan,desempaɲ,desempaɲ,NL
desempaɲan,desempaɲen,desempaɲ,desempaɲ,NL
desempaɲan,desempaɲen,desempaɲ,desempaɲ,NL
desempaɲan,desempaɲan,desempaɲ,desempaɲ,NL
desempaɲan,desempaɲen,desempaɲ,desempaɲ,NL
desempaɲan,desempaɲan,desempaɲ,desempaɲ,NL
desempaɲan,desempaɲan,desempaɲ,desempaɲ,NL
desempaɲan,desempaɲan,desempaɲ,desempaɲ,NL
desempaɲan,desempaɲan,desempaɲ,desempaɲ,NL
desempaɲan,desempaɲan,desempaɲ,desempaɲ,NL
desempaɲan,desempaɲan,desempaɲ,desempaɲ,NL
desempaɲan,desempaɲan,desempaɲ,desempaɲ,NL
desempaɲan,desempaɲan,desempaɲ,desempaɲ,NL
desempaɲan,desempaɲan,desempaɲ,desempaɲ,NL
desempaɲan,desempaɲan,desempaɲ,desempaɲ,NL
desempaɲan,desempaɲan,desempaɲ,desempaɲ,NL
desempaɲas,desempaɲas,desempaɲ,desempaɲ,NL
desempaɲas,desempaɲas,desempaɲ,desempaɲ,NL
desempaɲas,desempaɲas,desempaɲ,desempaɲ,NL
desempaɲas,desempaɲas,desempaɲ,desempaɲ,NL
desempaɲas,desempaɲas,desempaɲ,desempaɲ,NL
desempaɲas,desempaɲas,desempaɲ,desempaɲ,NL
desempaɲas,desempaɲas,desempaɲ,desempaɲ,NL
desempaɲas,desempaɲas,desempaɲ,desempaɲ,NL
desempaɲas,desempaɲas,desempaɲ,desempaɲ,NL
desempaɲas,desmempaɲas,desmempaɲ,desempaɲ,NL
desempaɲas,desempaɲas,desempaɲ,desempaɲ,NL
desempaɲas,desempaɲas,desempaɲ,desempaɲ,NL
desempaɲas,desempaɲas,desempaɲ,desempaɲ,NL
desempaɲas,desempaɲas,desempaɲ,desempaɲ,NL
desempaɲas,desempaɲas,desempaɲ,desempaɲ,NL
desempaɲas,desempaɲas,desempaɲ,desempaɲ,NL
desempaɲas,desempaɲas,desempaɲ,desempaɲ,NL
desempaɲas,desempaɲas,desempaɲ,desempaɲ,NL
desempaɲas,desempaɲas,desempaɲ,desempaɲ,NL
desempaɲas,desempaɲas,desempaɲ,desempaɲ,NL
desempaɲas,desempaɲas,desempaɲ,desempaɲ,NL
desempaɲas,desempaɲas,desempaɲ,desempaɲ,NL
desempaɲas,desempaɲas,desempaɲ,desempaɲ,NL
desempaɲas,desempaɲas,desempaɲ,desempaɲ,NL
desempaɲas,desempaɲas,desempaɲ,desempaɲ,NL
desempaɲas,desempaɲas,desempaɲ,desempaɲ,NL
desempaɲas,desempaɲas,desempaɲ,desempaɲ,NL
desempaɲas,desempaɲas,desempaɲ,desempaɲ,NL
desempaɲas,desempaɲas,desempaɲ,desempaɲ,NL
desempaɲas,desempaɲas,desempaɲ,desempaɲ,NL
desempaɲas,desempaɲas,desempaɲ,desempaɲ,NL
desempaɲas,desempaɲas,desempaɲ,desempaɲ,NL
desempaɲas,desempaɲas,desempaɲ,desempaɲ,NL
desempaɲas,desempaɲas,desempaɲ,desempaɲ,NL
desempaɲas,desempaɲeas,desempaɲe,desempaɲ,NL
desempaɲas,desempaɲas,desempaɲ,desempaɲ,NL
desempaɲas,desempaɲas,desempaɲ,desempaɲ,NL
desempaɲas,desempaɲas,desempaɲ,desempaɲ,NL
desempaɲas,desempaɲas,desempaɲ,desempaɲ,NL
desempaɲas,desempaɲas,desempaɲ,desempaɲ,NL
desempaɲas,desempaɲas,desempaɲ,desempaɲ,NL
desempaɲas,desempaɲas,desempaɲ,desempaɲ,NL
desempaɲas,desempaɲas,desempaɲ,desempaɲ,NL
desempaɲas,desempaɲas,desempaɲ,desempaɲ,NL
desempaɲas,desempaɲas,desempaɲ,desempaɲ,NL
desempaɲas,desempaɲas,desempaɲ,desempaɲ,NL
desempaɲas,desempaɲas,desempaɲ,desempaɲ,NL
desempaɲas,desempaɲas,desempaɲ,desempaɲ,NL
desempaɲas,desempaɲas,desempaɲ,desempaɲ,NL
desempaɲas,desempaɲas,desempaɲ,desempaɲ,NL
desempaɲas,desempaɲas,desempaɲ,desempaɲ,NL
desempaɲas,desempaɲas,desempaɲ,desempaɲ,NL
desempaɲas,desempaɲas,desempaɲ,desempaɲ,NL
desempaɲas,desempaɲas,desempaɲ,desempaɲ,NL
desempaɲas,desempaɲas,desempaɲ,desempaɲ,NL
desempaɲa,desempaɲa,desempaɲ,desempaɲ,NL
desempaɲa,desempaɲa,desempaɲ,desempaɲ,NL
desempaɲa,desempaɲa,desempaɲ,desempaɲ,NL
desempaɲa,desempaɲa,desempaɲ,desempaɲ,NL
desempaɲa,desempaɲa,desempaɲ,desempaɲ,NL
desempaɲa,desempaɲa,desempaɲ,desempaɲ,NL
desempaɲa,desempaɲa,desempaɲ,desempaɲ,NL
desempaɲa,desempaɲa,desempaɲ,desempaɲ,NL
desempaɲa,desempaɲa,desempaɲ,desempaɲ,NL
desempaɲa,desempaɲa,desempaɲ,desempaɲ,NL
desempaɲa,desempaɲa,desempaɲ,desempaɲ,NL
desempaɲa,desempaɲa,desempaɲ,desempaɲ,NL
desempaɲa,desempaɲa,desempaɲ,desempaɲ,NL
desempaɲa,desempaɲa,desempaɲ,desempaɲ,NL
desempaɲa,desempaɲa,desempaɲ,desempaɲ,NL
desempaɲa,desempaɲa,desempaɲ,desempaɲ,NL
desempaɲa,desempaɲa,desempaɲ,desempaɲ,NL
desempaɲa,desempaɲa,desempaɲ,desempaɲ,NL
desempaɲa,desempaɲa,desempaɲ,desempaɲ,NL
desempaɲa,desempaɲa,desempaɲ,desempaɲ,NL
desempaɲa,desempaɲa,desempaɲ,desempaɲ,NL
desempaɲa,desempaɲa,desempaɲ,desempaɲ,NL
desempaɲa,desempaɲa,desempaɲ,desempaɲ,NL
desempaɲa,desempaɲa,desempaɲ,desempaɲ,NL
desempaɲa,desempaɲa,desempaɲ,desempaɲ,NL
desempaɲa,desempaɲa,desempaɲ,desempaɲ,NL
desempaɲa,desempaɲa,desempaɲ,desempaɲ,NL
desempaɲa,desempaɲa,desempaɲ,desempaɲ,NL
desempaɲa,desempaɲa,desempaɲ,desempaɲ,NL
desempaɲa,desempaɲa,desempaɲ,desempaɲ,NL
desempaɲa,desempaɲa,desempaɲ,desempaɲ,NL
desempaɲa,desempaɲa,desempaɲ,desempaɲ,NL
desempaɲa,desempaɲa,desempaɲ,desempaɲ,NL
desempaɲa,desempaɲa,desempaɲ,desempaɲ,NL
desempaɲa,desempaɲea,desempaɲe,desempaɲ,NL
desempaɲa,desempaɲa,desempaɲ,desempaɲ,NL
desempaɲa,desempaɲa,desempaɲ,desempaɲ,NL
desempaɲa,desempaɲa,desempaɲ,desempaɲ,NL
desempaɲa,desempaɲa,desempaɲ,desempaɲ,NL
desempaɲa,desempaɲa,desempaɲ,desempaɲ,NL
desempaɲa,desempaɲea,desempaɲe,desempaɲ,NL
desempaɲa,desempaɲea,desempaɲe,desempaɲ,NL
desempaɲa,desempaɲa,desempaɲ,desempaɲ,NL
desempaɲa,desempaɲa,desempaɲ,desempaɲ,NL
desempaɲa,desempaɲa,desempaɲ,desempaɲ,NL
desempaɲa,desempaɲa,desempaɲ,desempaɲ,NL
desempaɲa,desempaɲa,desempaɲ,desempaɲ,NL
desempaɲa,desempaɲa,desempaɲ,desempaɲ,NL
desempaɲa,desempaɲa,desempaɲ,desempaɲ,NL
desempaɲa,desempaɲa,desempaɲ,desempaɲ,NL
desempaɲa,desempaɲa,desempaɲ,desempaɲ,NL
desempaɲa,desempaɲa,desempaɲ,desempaɲ,NL
desempaɲa,desempaɲa,desempaɲ,desempaɲ,NL
desempaɲa,desempaɲa,desempaɲ,desempaɲ,NL
desempaɲa,desempaɲa,desempaɲ,desempaɲ,NL
desempaɲejs,desempaɲejs,desempaɲ,desempaɲ,NL
desempaɲejs,desempaɲejs,desempaɲ,desempaɲ,NL
desempaɲejs,desempaɲejs,desempaɲ,desempaɲ,NL
desempaɲejs,desempaɲejs,desempaɲ,desempaɲ,NL
desempaɲejs,desempaɲejs,desempaɲ,desempaɲ,NL
desempaɲejs,desempaɲejs,desempaɲ,desempaɲ,NL
desempaɲejs,desempaɲejs,desempaɲ,desempaɲ,NL
desempaɲejs,desempaɲejs,desempaɲ,desempaɲ,NL
desempaɲejs,desempaɲejs,desempaɲ,desempaɲ,NL
desempaɲejs,desempaɲejs,desempaɲ,desempaɲ,NL
desempaɲejs,desempaɲejs,desempaɲ,desempaɲ,NL
desempaɲejs,desempaɲejs,desempaɲ,desempaɲ,NL
desempaɲejs,desempaɲejs,desempaɲ,desempaɲ,NL
desempaɲejs,desempaɲejs,desempaɲ,desempaɲ,NL
desempaɲejs,desempaɲejs,desempaɲ,desempaɲ,NL
desempaɲejs,desempaɲejs,desempaɲ,desempaɲ,NL
desempaɲejs,desempaɲejs,desempaɲ,desempaɲ,NL
desempaɲejs,desempaɲejs,desempaɲ,desempaɲ,NL
desempaɲejs,desempaɲejs,desempaɲ,desempaɲ,NL
desempaɲejs,desempaɲejs,desempaɲ,desempaɲ,NL
desempaɲejs,desempaɲejs,desempaɲ,desempaɲ,NL
desempaɲejs,desempaɲejs,desempaɲ,desempaɲ,NL
desempaɲejs,desempaɲejs,desempaɲ,desempaɲ,NL
desempaɲejs,desempaɲejs,desempaɲ,desempaɲ,NL
desempaɲejs,desempaɲejs,desempaɲ,desempaɲ,NL
desempaɲejs,desempaɲejs,desempaɲ,desempaɲ,NL
desempaɲejs,desempaɲejs,desempaɲ,desempaɲ,NL
desempaɲejs,desempaɲejs,desempaɲ,desempaɲ,NL
desempaɲejs,desempaɲejs,desempaɲ,desempaɲ,NL
desempaɲejs,desempaɲejs,desempaɲ,desempaɲ,NL
desempaɲejs,desempaɲejs,desempaɲ,desempaɲ,NL
desempaɲejs,desempaɲejs,desempaɲ,desempaɲ,NL
desempaɲejs,desempaɲejs,desempaɲ,desempaɲ,NL
desempaɲejs,desempaɲejs,desempaɲ,desempaɲ,NL
desempaɲejs,desempaɲejs,desempaɲ,desempaɲ,NL
desempaɲejs,desempaɲejs,desempaɲ,desempaɲ,NL
desempaɲejs,desempaɲejs,desempaɲ,desempaɲ,NL
desempaɲejs,desempaɲejs,desempaɲ,desempaɲ,NL
desempaɲejs,desempaɲejs,desempaɲ,desempaɲ,NL
desempaɲejs,desempaɲejs,desempaɲ,desempaɲ,NL
desempaɲejs,desempaɲejs,desempaɲ,desempaɲ,NL
desempaɲejs,desempaɲejs,desempaɲ,desempaɲ,NL
desempaɲejs,desempaɲejs,desempaɲ,desempaɲ,NL
desempaɲejs,desempaɲejs,desempaɲ,desempaɲ,NL
desempaɲejs,desempaɲejs,desempaɲ,desempaɲ,NL
desempaɲejs,desempaɲejs,desempaɲ,desempaɲ,NL
desempaɲejs,desempaɲejs,desempaɲ,desempaɲ,NL
desempaɲejs,desempaɲejs,desempaɲ,desempaɲ,NL
desempaɲejs,desempaɲejs,desempaɲ,desempaɲ,NL
desempaɲejs,desempaɲejs,desempaɲ,desempaɲ,NL
desempaɲejs,desempaɲejs,desempaɲ,desempaɲ,NL
desempaɲejs,desempaɲejs,desempaɲ,desempaɲ,NL
desempaɲejs,desempaɲejs,desempaɲ,desempaɲ,NL
desempaɲejs,desempaɲejs,desempaɲ,desempaɲ,NL
desempaɲejs,desempaɲejs,desempaɲ,desempaɲ,NL
desempaɲemos,desempaɲemos,desempaɲ,desempaɲ,NL
desempaɲemos,desempaɲemos,desempaɲ,desempaɲ,NL
desempaɲemos,desempaɲemos,desempaɲ,desempaɲ,NL
desempaɲemos,desempaɲemos,desempaɲ,desempaɲ,NL
desempaɲemos,desempaɲemos,desempaɲ,desempaɲ,NL
desempaɲemos,desempaɲemos,desempaɲ,desempaɲ,NL
desempaɲemos,desempaɲemos,desempaɲ,desempaɲ,NL
desempaɲemos,desempaɲemos,desempaɲ,desempaɲ,NL
desempaɲemos,desempaɲemos,desempaɲ,desempaɲ,NL
desempaɲemos,desempaɲemos,desempaɲ,desempaɲ,NL
desempaɲemos,desempaɲemos,desempaɲ,desempaɲ,NL
desempaɲemos,desempaɲemos,desempaɲ,desempaɲ,NL
desempaɲemos,desempaɲemos,desempaɲ,desempaɲ,NL
desempaɲemos,desempaɲemos,desempaɲ,desempaɲ,NL
desempaɲemos,desempaɲemos,desempaɲ,desempaɲ,NL
desempaɲemos,desempaɲemos,desempaɲ,desempaɲ,NL
desempaɲemos,desempaɲemos,desempaɲ,desempaɲ,NL
desempaɲemos,desempaɲemos,desempaɲ,desempaɲ,NL
desempaɲemos,desempaɲemos,desempaɲ,desempaɲ,NL
desempaɲemos,desempaɲemos,desempaɲ,desempaɲ,NL
desempaɲemos,desempaɲemos,desempaɲ,desempaɲ,NL
desempaɲemos,desempaɲemos,desempaɲ,desempaɲ,NL
desempaɲemos,desempaɲemos,desempaɲ,desempaɲ,NL
desempaɲemos,desempaɲemos,desempaɲ,desempaɲ,NL
desempaɲemos,desempaɲemos,desempaɲ,desempaɲ,NL
desempaɲemos,desempaɲemos,desempaɲ,desempaɲ,NL
desempaɲemos,desempaɲemos,desempaɲ,desempaɲ,NL
desempaɲemos,desempaɲemos,desempaɲ,desempaɲ,NL
desempaɲemos,desempaɲemos,desempaɲ,desempaɲ,NL
desempaɲemos,desempaɲemos,desempaɲ,desempaɲ,NL
desempaɲemos,desempaɲemos,desempaɲ,desempaɲ,NL
desempaɲemos,desempaɲemos,desempaɲ,desempaɲ,NL
desempaɲemos,desempaɲemos,desempaɲ,desempaɲ,NL
desempaɲemos,desempaɲemos,desempaɲ,desempaɲ,NL
desempaɲemos,desempaɲemos,desempaɲ,desempaɲ,NL
desempaɲemos,desempaɲemos,desempaɲ,desempaɲ,NL
desempaɲemos,desempaɲemos,desempaɲ,desempaɲ,NL
desempaɲemos,desempaɲemos,desempaɲ,desempaɲ,NL
desempaɲemos,desempaɲemos,desempaɲ,desempaɲ,NL
desempaɲemos,desempaɲemos,desempaɲ,desempaɲ,NL
desempaɲemos,desempaɲemos,desempaɲ,desempaɲ,NL
desempaɲemos,desempaɲemos,desempaɲ,desempaɲ,NL
desempaɲemos,desempaɲemos,desempaɲ,desempaɲ,NL
desempaɲemos,desempaɲemos,desempaɲ,desempaɲ,NL
desempaɲemos,desempaɲemos,desempaɲ,desempaɲ,NL
desempaɲemos,desempaɲemos,desempaɲ,desempaɲ,NL
desempaɲemos,desempaɲemos,desempaɲ,desempaɲ,NL
desempaɲemos,desempaɲemos,desempaɲ,desempaɲ,NL
desempaɲemos,desempaɲemos,desempaɲ,desempaɲ,NL
desempaɲemos,desempaɲemos,desempaɲ,desempaɲ,NL
desempaɲemos,desempaɲemos,desempaɲ,desempaɲ,NL
desempaɲemos,desempaɲemos,desempaɲ,desempaɲ,NL
desempaɲemos,desempaɲemos,desempaɲ,desempaɲ,NL
desempaɲemos,desempaɲemos,desempaɲ,desempaɲ,NL
desempaɲemos,desempaɲemos,desempaɲ,desempaɲ,NL
desempaɲen,desempaɲan,desempaɲ,desempaɲ,NL
desempaɲen,desempaɲen,desempaɲ,desempaɲ,NL
desempaɲen,desempaɲen,desempaɲ,desempaɲ,NL
desempaɲen,desempaɲen,desempaɲ,desempaɲ,NL
desempaɲen,desempaɲan,desempaɲ,desempaɲ,NL
desempaɲen,desempaɲan,desempaɲ,desempaɲ,NL
desempaɲen,desempaɲen,desempaɲ,desempaɲ,NL
desempaɲen,desempaɲen,desempaɲ,desempaɲ,NL
desempaɲen,desempaɲen,desempaɲ,desempaɲ,NL
desempaɲen,desempaɲen,desempaɲ,desempaɲ,NL
desempaɲen,desempaɲenɡan,desempaɲenɡ,desempaɲ,NL
desempaɲen,desempaɲenɡan,desempaɲenɡ,desempaɲ,NL
desempaɲen,desempaɲen,desempaɲ,desempaɲ,NL
desempaɲen,desempaɲan,desempaɲ,desempaɲ,NL
desempaɲen,desempaɲan,desempaɲ,desempaɲ,NL
desempaɲen,desempaɲen,desempaɲ,desempaɲ,NL
desempaɲen,desempaɲen,desempaɲ,desempaɲ,NL
desempaɲen,desempaɲen,desempaɲ,desempaɲ,NL
desempaɲen,desempaɲen,desempaɲ,desempaɲ,NL
desempaɲen,desempaɲen,desempaɲ,desempaɲ,NL
desempaɲen,desempaɲen,desempaɲ,desempaɲ,NL
desempaɲen,desempaɲen,desempaɲ,desempaɲ,NL
desempaɲen,desempaɲen,desempaɲ,desempaɲ,NL
desempaɲen,desempaɲen,desempaɲ,desempaɲ,NL
desempaɲen,desempaɲen,desempaɲ,desempaɲ,NL
desempaɲen,desempaɲen,desempaɲ,desempaɲ,NL
desempaɲen,desempaɲen,desempaɲ,desempaɲ,NL
desempaɲen,desempaɲen,desempaɲ,desempaɲ,NL
desempaɲen,desempaɲen,desempaɲ,desempaɲ,NL
desempaɲen,desempaɲen,desempaɲ,desempaɲ,NL
desempaɲen,desempaɲen,desempaɲ,desempaɲ,NL
desempaɲen,desempaɲen,desempaɲ,desempaɲ,NL
desempaɲen,desempaɲen,desempaɲ,desempaɲ,NL
desempaɲen,desempaɲen,desempaɲ,desempaɲ,NL
desempaɲen,desempaɲen,desempaɲ,desempaɲ,NL
desempaɲen,desempaɲen,desempaɲ,desempaɲ,NL
desempaɲen,desempaɲen,desempaɲ,desempaɲ,NL
desempaɲen,desempaɲen,desempaɲ,desempaɲ,NL
desempaɲen,desempaɲen,desempaɲ,desempaɲ,NL
desempaɲen,desempaɲen,desempaɲ,desempaɲ,NL
desempaɲen,desempaɲeen,desempaɲe,desempaɲ,NL
desempaɲen,desempaɲen,desempaɲ,desempaɲ,NL
desempaɲen,desempaɲen,desempaɲ,desempaɲ,NL
desempaɲen,desempaɲen,desempaɲ,desempaɲ,NL
desempaɲen,desempaɲen,desempaɲ,desempaɲ,NL
desempaɲen,desempaɲen,desempaɲ,desempaɲ,NL
desempaɲen,desempaɲen,desempaɲ,desempaɲ,NL
desempaɲen,desempaɲen,desempaɲ,desempaɲ,NL
desempaɲen,desempaɲen,desempaɲ,desempaɲ,NL
desempaɲen,desempaɲen,desempaɲ,desempaɲ,NL
desempaɲen,desempaɲen,desempaɲ,desempaɲ,NL
desempaɲen,desempaɲen,desempaɲ,desempaɲ,NL
desempaɲen,desempaɲen,desempaɲ,desempaɲ,NL
desempaɲen,desempaɲen,desempaɲ,desempaɲ,NL
desempaɲen,desempaɲen,desempaɲ,desempaɲ,NL
desempaɲes,desempaɲas,desempaɲ,desempaɲ,NL
desempaɲes,desempaɲes,desempaɲ,desempaɲ,NL
desempaɲes,desempaɲes,desempaɲ,desempaɲ,NL
desempaɲes,desempaɲes,desempaɲ,desempaɲ,NL
desempaɲes,desempaɲes,desempaɲ,desempaɲ,NL
desempaɲes,desempaɲas,desempaɲ,desempaɲ,NL
desempaɲes,desempaɲes,desempaɲ,desempaɲ,NL
desempaɲes,desempaɲes,desempaɲ,desempaɲ,NL
desempaɲes,desempaɲes,desempaɲ,desempaɲ,NL
desempaɲes,desempaɲes,desempaɲ,desempaɲ,NL
desempaɲes,desempaɲes,desempaɲ,desempaɲ,NL
desempaɲes,desempaɲes,desempaɲ,desempaɲ,NL
desempaɲes,desempaɲes,desempaɲ,desempaɲ,NL
desempaɲes,desempaɲas,desempaɲ,desempaɲ,NL
desempaɲes,desempaɲas,desempaɲ,desempaɲ,NL
desempaɲes,desempaɲes,desempaɲ,desempaɲ,NL
desempaɲes,desempaɲes,desempaɲ,desempaɲ,NL
desempaɲes,desempaɲes,desempaɲ,desempaɲ,NL
desempaɲes,desempaɲes,desempaɲ,desempaɲ,NL
desempaɲes,desempaɲes,desempaɲ,desempaɲ,NL
desempaɲes,desempaɲes,desempaɲ,desempaɲ,NL
desempaɲes,desempaɲes,desempaɲ,desempaɲ,NL
desempaɲes,desempaɲes,desempaɲ,desempaɲ,NL
desempaɲes,desempaɲes,desempaɲ,desempaɲ,NL
desempaɲes,desempaɲes,desempaɲ,desempaɲ,NL
desempaɲes,desempaɲes,desempaɲ,desempaɲ,NL
desempaɲes,desempaɲes,desempaɲ,desempaɲ,NL
desempaɲes,desempaɲes,desempaɲ,desempaɲ,NL
desempaɲes,desempaɲes,desempaɲ,desempaɲ,NL
desempaɲes,desempaɲes,desempaɲ,desempaɲ,NL
desempaɲes,desempaɲes,desempaɲ,desempaɲ,NL
desempaɲes,desempaɲes,desempaɲ,desempaɲ,NL
desempaɲes,desempaɲes,desempaɲ,desempaɲ,NL
desempaɲes,desempaɲes,desempaɲ,desempaɲ,NL
desempaɲes,desempaɲes,desempaɲ,desempaɲ,NL
desempaɲes,desempaɲes,desempaɲ,desempaɲ,NL
desempaɲes,desempaɲes,desempaɲ,desempaɲ,NL
desempaɲes,desempaɲes,desempaɲ,desempaɲ,NL
desempaɲes,desempaɲes,desempaɲ,desempaɲ,NL
desempaɲes,desempaɲes,desempaɲ,desempaɲ,NL
desempaɲes,desempaɲees,desempaɲe,desempaɲ,NL
desempaɲes,desempaɲes,desempaɲ,desempaɲ,NL
desempaɲes,desempaɲes,desempaɲ,desempaɲ,NL
desempaɲes,desempaɲes,desempaɲ,desempaɲ,NL
desempaɲes,desempaɲes,desempaɲ,desempaɲ,NL
desempaɲes,desempaɲes,desempaɲ,desempaɲ,NL
desempaɲes,desempaɲes,desempaɲ,desempaɲ,NL
desempaɲes,desempaɲes,desempaɲ,desempaɲ,NL
desempaɲes,desempaɲes,desempaɲ,desempaɲ,NL
desempaɲes,desempaɲes,desempaɲ,desempaɲ,NL
desempaɲes,desempaɲes,desempaɲ,desempaɲ,NL
desempaɲes,desempaɲes,desempaɲ,desempaɲ,NL
desempaɲes,desempaɲes,desempaɲ,desempaɲ,NL
desempaɲes,desempaɲes,desempaɲ,desempaɲ,NL
desempaɲes,desempaɲes,desempaɲ,desempaɲ,NL
desempaɲe,desempaɲa,desempaɲ,desempaɲ,NL
desempaɲe,desempaɲe,desempaɲ,desempaɲ,NL
desempaɲe,desempaɲe,desempaɲ,desempaɲ,NL
desempaɲe,desempaɲe,desempaɲ,desempaɲ,NL
desempaɲe,desempaɲa,desempaɲ,desempaɲ,NL
desempaɲe,desempaɲa,desempaɲ,desempaɲ,NL
desempaɲe,desempaɲe,desempaɲ,desempaɲ,NL
desempaɲe,desempaɲe,desempaɲ,desempaɲ,NL
desempaɲe,desempaɲe,desempaɲ,desempaɲ,NL
desempaɲe,desempaɲe,desempaɲ,desempaɲ,NL
desempaɲe,desempaɲe,desempaɲ,desempaɲ,NL
desempaɲe,desempaɲe,desempaɲ,desempaɲ,NL
desempaɲe,desempaɲe,desempaɲ,desempaɲ,NL
desempaɲe,desempaɲa,desempaɲ,desempaɲ,NL
desempaɲe,desempaɲa,desempaɲ,desempaɲ,NL
desempaɲe,desempaɲee,desempaɲe,desempaɲ,NL
desempaɲe,desempaɲee,desempaɲe,desempaɲ,NL
desempaɲe,desempaɲee,desempaɲe,desempaɲ,NL
desempaɲe,desempaɲe,desempaɲ,desempaɲ,NL
desempaɲe,desempaɲe,desempaɲ,desempaɲ,NL
desempaɲe,desempaɲe,desempaɲ,desempaɲ,NL
desempaɲe,desempaɲe,desempaɲ,desempaɲ,NL
desempaɲe,desempaɲe,desempaɲ,desempaɲ,NL
desempaɲe,desempaɲe,desempaɲ,desempaɲ,NL
desempaɲe,desempaɲe,desempaɲ,desempaɲ,NL
desempaɲe,desempaɲe,desempaɲ,desempaɲ,NL
desempaɲe,desempaɲe,desempaɲ,desempaɲ,NL
desempaɲe,desempaɲe,desempaɲ,desempaɲ,NL
desempaɲe,desempaɲe,desempaɲ,desempaɲ,NL
desempaɲe,desempaɲe,desempaɲ,desempaɲ,NL
desempaɲe,desempaɲe,desempaɲ,desempaɲ,NL
desempaɲe,desempaɲe,desempaɲ,desempaɲ,NL
desempaɲe,desempaɲe,desempaɲ,desempaɲ,NL
desempaɲe,desempaɲe,desempaɲ,desempaɲ,NL
desempaɲe,desempaɲe,desempaɲ,desempaɲ,NL
desempaɲe,desempaɲe,desempaɲ,desempaɲ,NL
desempaɲe,desempaɲe,desempaɲ,desempaɲ,NL
desempaɲe,desempaɲe,desempaɲ,desempaɲ,NL
desempaɲe,desempaɲe,desempaɲ,desempaɲ,NL
desempaɲe,desempaɲe,desempaɲ,desempaɲ,NL
desempaɲe,desempaɲee,desempaɲe,desempaɲ,NL
desempaɲe,desempaɲe,desempaɲ,desempaɲ,NL
desempaɲe,desempaɲe,desempaɲ,desempaɲ,NL
desempaɲe,desempaɲe,desempaɲ,desempaɲ,NL
desempaɲe,desempaɲe,desempaɲ,desempaɲ,NL
desempaɲe,desempaɲe,desempaɲ,desempaɲ,NL
desempaɲe,desempaɲe,desempaɲ,desempaɲ,NL
desempaɲe,desempaɲe,desempaɲ,desempaɲ,NL
desempaɲe,desempaɲe,desempaɲ,desempaɲ,NL
desempaɲe,desempaɲe,desempaɲ,desempaɲ,NL
desempaɲe,desempaɲe,desempaɲ,desempaɲ,NL
desempaɲe,desempaɲe,desempaɲ,desempaɲ,NL
desempaɲe,desempaɲe,desempaɲ,desempaɲ,NL
desempaɲe,desempaɲe,desempaɲ,desempaɲ,NL
desempaɲe,desempaɲe,desempaɲ,desempaɲ,NL
desempaɲe,desempaɲa,desempaɲ,desempaɲ,NL
desempaɲe,desempaɲe,desempaɲ,desempaɲ,NL
desempaɲe,desempaɲe,desempaɲ,desempaɲ,NL
desempaɲe,desempaɲe,desempaɲ,desempaɲ,NL
desempaɲe,desempaɲa,desempaɲ,desempaɲ,NL
desempaɲe,desempaɲa,desempaɲ,desempaɲ,NL
desempaɲe,desempaɲe,desempaɲ,desempaɲ,NL
desempaɲe,desempaɲe,desempaɲ,desempaɲ,NL
desempaɲe,desempaɲe,desempaɲ,desempaɲ,NL
desempaɲe,desempaɲe,desempaɲ,desempaɲ,NL
desempaɲe,desempaɲea,desempaɲe,desempaɲ,NL
desempaɲe,desempaɲe,desempaɲ,desempaɲ,NL
desempaɲe,desempaɲe,desempaɲ,desempaɲ,NL
desempaɲe,desempaɲa,desempaɲ,desempaɲ,NL
desempaɲe,desempaɲae,desempaɲa,desempaɲ,NL
desempaɲe,desempaɲee,desempaɲe,desempaɲ,NL
desempaɲe,desempaɲe,desempaɲ,desempaɲ,NL
desempaɲe,desempaɲe,desempaɲ,desempaɲ,NL
desempaɲe,desempaɲe,desempaɲ,desempaɲ,NL
desempaɲe,desempaɲe,desempaɲ,desempaɲ,NL
desempaɲe,desempaɲe,desempaɲ,desempaɲ,NL
desempaɲe,desempaɲe,desempaɲ,desempaɲ,NL
desempaɲe,desempaɲe,desempaɲ,desempaɲ,NL
desempaɲe,desempaɲe,desempaɲ,desempaɲ,NL
desempaɲe,desempaɲe,desempaɲ,desempaɲ,NL
desempaɲe,desempaɲe,desempaɲ,desempaɲ,NL
desempaɲe,desempaɲe,desempaɲ,desempaɲ,NL
desempaɲe,desempaɲe,desempaɲ,desempaɲ,NL
desempaɲe,desempaɲe,desempaɲ,desempaɲ,NL
desempaɲe,desempaɲe,desempaɲ,desempaɲ,NL
desempaɲe,desempaɲe,desempaɲ,desempaɲ,NL
desempaɲe,desempaɲe,desempaɲ,desempaɲ,NL
desempaɲe,desempaɲe,desempaɲ,desempaɲ,NL
desempaɲe,desempaɲe,desempaɲ,desempaɲ,NL
desempaɲe,desempaɲe,desempaɲ,desempaɲ,NL
desempaɲe,desempaɲe,desempaɲ,desempaɲ,NL
desempaɲe,desempaɲe,desempaɲ,desempaɲ,NL
desempaɲe,desempaɲe,desempaɲ,desempaɲ,NL
desempaɲe,desempaɲe,desempaɲ,desempaɲ,NL
desempaɲe,desempaɲe,desempaɲ,desempaɲ,NL
desempaɲe,desempaɲee,desempaɲe,desempaɲ,NL
desempaɲe,desempaɲe,desempaɲ,desempaɲ,NL
desempaɲe,desempaɲe,desempaɲ,desempaɲ,NL
desempaɲe,desempaɲe,desempaɲ,desempaɲ,NL
desempaɲe,desempaɲe,desempaɲ,desempaɲ,NL
desempaɲe,desempaɲee,desempaɲe,desempaɲ,NL
desempaɲe,desempaɲee,desempaɲe,desempaɲ,NL
desempaɲe,desempaɲe,desempaɲ,desempaɲ,NL
desempaɲe,desempaɲe,desempaɲ,desempaɲ,NL
desempaɲe,desempaɲe,desempaɲ,desempaɲ,NL
desempaɲe,desempaɲe,desempaɲ,desempaɲ,NL
desempaɲe,desempaɲe,desempaɲ,desempaɲ,NL
desempaɲe,desempaɲe,desempaɲ,desempaɲ,NL
desempaɲe,desempaɲe,desempaɲ,desempaɲ,NL
desempaɲe,desempaɲe,desempaɲ,desempaɲ,NL
desempaɲo,desempaɲo,desempaɲ,desempaɲ,NL
desempaɲo,desempaɲo,desempaɲ,desempaɲ,NL
desempaɲo,desempaɲo,desempaɲ,desempaɲ,NL
desempaɲo,desempaɲo,desempaɲ,desempaɲ,NL
desempaɲo,desempaɲo,desempaɲ,desempaɲ,NL
desempaɲo,desempaɲo,desempaɲ,desempaɲ,NL
desempaɲo,desempaɲo,desempaɲ,desempaɲ,NL
desempaɲo,desempaɲo,desempaɲ,desempaɲ,NL
desempaɲo,desempaɲo,desempaɲ,desempaɲ,NL
desempaɲo,desempaɲo,desempaɲ,desempaɲ,NL
desempaɲo,desempaɲo,desempaɲ,desempaɲ,NL
desempaɲo,desempaɲo,desempaɲ,desempaɲ,NL
desempaɲo,desempaɲo,desempaɲ,desempaɲ,NL
desempaɲo,desempaɲo,desempaɲ,desempaɲ,NL
desempaɲo,desempaɲa,desempaɲ,desempaɲ,NL
desempaɲo,desempaɲo,desempaɲ,desempaɲ,NL
desempaɲo,desempaɲo,desempaɲ,desempaɲ,NL
desempaɲo,desempaɲo,desempaɲ,desempaɲ,NL
desempaɲo,desempaɲo,desempaɲ,desempaɲ,NL
desempaɲo,desempaɲo,desempaɲ,desempaɲ,NL
desempaɲo,desempaɲo,desempaɲ,desempaɲ,NL
desempaɲo,desempaɲo,desempaɲ,desempaɲ,NL
desempaɲo,desempaɲo,desempaɲ,desempaɲ,NL
desempaɲo,desempaɲo,desempaɲ,desempaɲ,NL
desempaɲo,desempaɲo,desempaɲ,desempaɲ,NL
desempaɲo,desempaɲo,desempaɲ,desempaɲ,NL
desempaɲo,desempaɲo,desempaɲ,desempaɲ,NL
desempaɲo,desempaɲo,desempaɲ,desempaɲ,NL
desempaɲo,desempaɲo,desempaɲ,desempaɲ,NL
desempaɲo,desempaɲo,desempaɲ,desempaɲ,NL
desempaɲo,desempaɲo,desempaɲ,desempaɲ,NL
desempaɲo,desempaɲo,desempaɲ,desempaɲ,NL
desempaɲo,desempaɲo,desempaɲ,desempaɲ,NL
desempaɲo,desempaɲo,desempaɲ,desempaɲ,NL
desempaɲo,desempaɲo,desempaɲ,desempaɲ,NL
desempaɲo,desempaɲo,desempaɲ,desempaɲ,NL
desempaɲo,desempaɲo,desempaɲ,desempaɲ,NL
desempaɲo,desempaɲo,desempaɲ,desempaɲ,NL
desempaɲo,desempaɲo,desempaɲ,desempaɲ,NL
desempaɲo,desempaɲo,desempaɲ,desempaɲ,NL
desempaɲo,desempaɲeo,desempaɲe,desempaɲ,NL
desempaɲo,desempaɲo,desempaɲ,desempaɲ,NL
desempaɲo,desempaɲo,desempaɲ,desempaɲ,NL
desempaɲo,desempaɲo,desempaɲ,desempaɲ,NL
desempaɲo,desempaɲo,desempaɲ,desempaɲ,NL
desempaɲo,desempaɲo,desempaɲ,desempaɲ,NL
desempaɲo,desempaɲo,desempaɲ,desempaɲ,NL
desempaɲo,desempaɲo,desempaɲ,desempaɲ,NL
desempaɲo,desempaɲo,desempaɲ,desempaɲ,NL
desempaɲo,desempaɲo,desempaɲ,desempaɲ,NL
desempaɲo,desempaɲo,desempaɲ,desempaɲ,NL
desempaɲo,desempaɲo,desempaɲ,desempaɲ,NL
desempaɲo,desempaɲo,desempaɲ,desempaɲ,NL
desempaɲo,desempaɲo,desempaɲ,desempaɲ,NL
desempaɲo,desempaɲo,desempaɲ,desempaɲ,NL
deniɡɾajs,deniɾɡajs,deniɾɡ,deniɡɾ,NL
deniɡɾajs,deniɾɡajs,deniɾɡ,deniɡɾ,NL
deniɡɾajs,deniɾɡajs,deniɾɡ,deniɡɾ,NL
deniɡɾajs,deniɾɡajs,deniɾɡ,deniɡɾ,NL
deniɡɾajs,deniɾɡajs,deniɾɡ,deniɡɾ,NL
deniɡɾajs,deniɾɡajs,deniɾɡ,deniɡɾ,NL
deniɡɾajs,deniɾɡajs,deniɾɡ,deniɡɾ,NL
deniɡɾajs,deniɾɡajs,deniɾɡ,deniɡɾ,NL
deniɡɾajs,deniɾɡajs,deniɾɡ,deniɡɾ,NL
deniɡɾajs,deniɾɡajs,deniɾɡ,deniɡɾ,NL
deniɡɾajs,deniɡɾajs,deniɡɾ,deniɡɾ,NL
deniɡɾajs,deniɡɾajs,deniɡɾ,deniɡɾ,NL
deniɡɾajs,deniɡɾajs,deniɡɾ,deniɡɾ,NL
deniɡɾajs,deniɡɾajs,deniɡɾ,deniɡɾ,NL
deniɡɾajs,deniɡɾajs,deniɡɾ,deniɡɾ,NL
deniɡɾajs,deniɡɾajs,deniɡɾ,deniɡɾ,NL
deniɡɾajs,deniɡɾajs,deniɡɾ,deniɡɾ,NL
deniɡɾajs,deniɡɾajs,deniɡɾ,deniɡɾ,NL
deniɡɾajs,deniɡɾajs,deniɡɾ,deniɡɾ,NL
deniɡɾajs,deniɡɾajs,deniɡɾ,deniɡɾ,NL
deniɡɾajs,deniɡɾajs,deniɡɾ,deniɡɾ,NL
deniɡɾajs,deniɡɾajs,deniɡɾ,deniɡɾ,NL
deniɡɾajs,deniɡɾajs,deniɡɾ,deniɡɾ,NL
deniɡɾajs,deniɡɾajs,deniɡɾ,deniɡɾ,NL
deniɡɾajs,deniɡɾajs,deniɡɾ,deniɡɾ,NL
deniɡɾajs,deniɡɾajs,deniɡɾ,deniɡɾ,NL
deniɡɾajs,deniɡɾajs,deniɡɾ,deniɡɾ,NL
deniɡɾajs,deniɡɾajs,deniɡɾ,deniɡɾ,NL
deniɡɾajs,deniɡɾajs,deniɡɾ,deniɡɾ,NL
deniɡɾajs,deniɡɾajs,deniɡɾ,deniɡɾ,NL
deniɡɾajs,deniɡɾajs,deniɡɾ,deniɡɾ,NL
deniɡɾajs,deniɡɾajs,deniɡɾ,deniɡɾ,NL
deniɡɾajs,deniɡɾajs,deniɡɾ,deniɡɾ,NL
deniɡɾajs,deniɡɾajs,deniɡɾ,deniɡɾ,NL
deniɡɾajs,deniɾɡɾajs,deniɾɡɾ,deniɡɾ,NL
deniɡɾajs,deniɾɡajs,deniɾɡ,deniɡɾ,NL
deniɡɾajs,deniɾɡajs,deniɾɡ,deniɡɾ,NL
deniɡɾajs,deniɾɡɾajs,deniɾɡɾ,deniɡɾ,NL
deniɡɾajs,deniɾɡɾajs,deniɾɡɾ,deniɡɾ,NL
deniɡɾajs,deniɾɡajs,deniɾɡ,deniɡɾ,NL
deniɡɾajs,deniɾɡɾajs,deniɾɡɾ,deniɡɾ,NL
deniɡɾajs,deniɾɡɾajs,deniɾɡɾ,deniɡɾ,NL
deniɡɾajs,deniɾɡɾajs,deniɾɡɾ,deniɡɾ,NL
deniɡɾajs,deniɾɡɾajs,deniɾɡɾ,deniɡɾ,NL
deniɡɾajs,deniɾɡajs,deniɾɡ,deniɡɾ,NL
deniɡɾajs,deniɡɾajs,deniɡɾ,deniɡɾ,NL
deniɡɾajs,deniɡɾajs,deniɡɾ,deniɡɾ,NL
deniɡɾajs,deniɡɾajs,deniɡɾ,deniɡɾ,NL
deniɡɾajs,deniɡɾajs,deniɡɾ,deniɡɾ,NL
deniɡɾajs,deniɡɾajs,deniɡɾ,deniɡɾ,NL
deniɡɾajs,deniɡɾajs,deniɡɾ,deniɡɾ,NL
deniɡɾajs,deniɡɾajs,deniɡɾ,deniɡɾ,NL
deniɡɾajs,deniɡɾajs,deniɡɾ,deniɡɾ,NL
deniɡɾajs,deniɡɾajs,deniɡɾ,deniɡɾ,NL
deniɡɾajs,deniɡɾajs,deniɡɾ,deniɡɾ,NL
deniɡɾamos,deniɾɡamos,deniɾɡ,deniɡɾ,NL
deniɡɾamos,deniɾɡamos,deniɾɡ,deniɡɾ,NL
deniɡɾamos,deniɾɡamos,deniɾɡ,deniɡɾ,NL
deniɡɾamos,deniɾɡamos,deniɾɡ,deniɡɾ,NL
deniɡɾamos,deniɾɡamos,deniɾɡ,deniɡɾ,NL
deniɡɾamos,deniɾɡɾamos,deniɾɡɾ,deniɡɾ,NL
deniɡɾamos,deniɾɡamos,deniɾɡ,deniɡɾ,NL
deniɡɾamos,deniɾɡamos,deniɾɡ,deniɡɾ,NL
deniɡɾamos,deniɾɡamos,deniɾɡ,deniɡɾ,NL
deniɡɾamos,deniɾɡamos,deniɾɡ,deniɡɾ,NL
deniɡɾamos,deniɡɾamos,deniɡɾ,deniɡɾ,NL
deniɡɾamos,deniɡɾamos,deniɡɾ,deniɡɾ,NL
deniɡɾamos,deniɡɾamos,deniɡɾ,deniɡɾ,NL
deniɡɾamos,deniɡɾamos,deniɡɾ,deniɡɾ,NL
deniɡɾamos,deniɡɾamos,deniɡɾ,deniɡɾ,NL
deniɡɾamos,deniɡɾamos,deniɡɾ,deniɡɾ,NL
deniɡɾamos,deniɡɾamos,deniɡɾ,deniɡɾ,NL
deniɡɾamos,deniɡɾamos,deniɡɾ,deniɡɾ,NL
deniɡɾamos,deniɡɾamos,deniɡɾ,deniɡɾ,NL
deniɡɾamos,deniɡɾamos,deniɡɾ,deniɡɾ,NL
deniɡɾamos,deniɡɾamos,deniɡɾ,deniɡɾ,NL
deniɡɾamos,deniɡɾamos,deniɡɾ,deniɡɾ,NL
deniɡɾamos,deniɡɾamos,deniɡɾ,deniɡɾ,NL
deniɡɾamos,deniɡɾamos,deniɡɾ,deniɡɾ,NL
deniɡɾamos,deniɡɾamos,deniɡɾ,deniɡɾ,NL
deniɡɾamos,deniɡɾamos,deniɡɾ,deniɡɾ,NL
deniɡɾamos,deniɡɾamos,deniɡɾ,deniɡɾ,NL
deniɡɾamos,deniɡɾamos,deniɡɾ,deniɡɾ,NL
deniɡɾamos,deniɡɾamos,deniɡɾ,deniɡɾ,NL
deniɡɾamos,deniɡɾamos,deniɡɾ,deniɡɾ,NL
deniɡɾamos,deniɡɾamos,deniɡɾ,deniɡɾ,NL
deniɡɾamos,deniɡɾamos,deniɡɾ,deniɡɾ,NL
deniɡɾamos,deniɡɾamos,deniɡɾ,deniɡɾ,NL
deniɡɾamos,deniɡɾamos,deniɡɾ,deniɡɾ,NL
deniɡɾamos,deniɾɡɾamos,deniɾɡɾ,deniɡɾ,NL
deniɡɾamos,deniɾɡɾamos,deniɾɡɾ,deniɡɾ,NL
deniɡɾamos,deniɾɡɾamos,deniɾɡɾ,deniɡɾ,NL
deniɡɾamos,deniɾɡɾamos,deniɾɡɾ,deniɡɾ,NL
deniɡɾamos,deniɾɡɾamos,deniɾɡɾ,deniɡɾ,NL
deniɡɾamos,deniɾɡamos,deniɾɡ,deniɡɾ,NL
deniɡɾamos,deniɾɡɾamos,deniɾɡɾ,deniɡɾ,NL
deniɡɾamos,deniɾɡɾamos,deniɾɡɾ,deniɡɾ,NL
deniɡɾamos,deniɾɡɾamos,deniɾɡɾ,deniɡɾ,NL
deniɡɾamos,deniɾɡɾamos,deniɾɡɾ,deniɡɾ,NL
deniɡɾamos,deniɾɡamos,deniɾɡ,deniɡɾ,NL
deniɡɾamos,deniɡɾamos,deniɡɾ,deniɡɾ,NL
deniɡɾamos,deniɡɾamos,deniɡɾ,deniɡɾ,NL
deniɡɾamos,deniɡɾamos,deniɡɾ,deniɡɾ,NL
deniɡɾamos,deniɡɾamos,deniɡɾ,deniɡɾ,NL
deniɡɾamos,deniɡɾamos,deniɡɾ,deniɡɾ,NL
deniɡɾamos,deniɡɾamos,deniɡɾ,deniɡɾ,NL
deniɡɾamos,deniɡɾamos,deniɡɾ,deniɡɾ,NL
deniɡɾamos,deniɡɾamos,deniɡɾ,deniɡɾ,NL
deniɡɾamos,deniɡɾamos,deniɡɾ,deniɡɾ,NL
deniɡɾamos,deniɡɾamos,deniɡɾ,deniɡɾ,NL
deniɡɾan,deniɾɡan,deniɾɡ,deniɡɾ,NL
deniɡɾan,deniɾɡan,deniɾɡ,deniɡɾ,NL
deniɡɾan,deniɾɡan,deniɾɡ,deniɡɾ,NL
deniɡɾan,deniɾɡan,deniɾɡ,deniɡɾ,NL
deniɡɾan,deniɾɡan,deniɾɡ,deniɡɾ,NL
deniɡɾan,deniɾɡan,deniɾɡ,deniɡɾ,NL
deniɡɾan,deniɾɡan,deniɾɡ,deniɡɾ,NL
deniɡɾan,deniɾɡan,deniɾɡ,deniɡɾ,NL
deniɡɾan,deniɾɡan,deniɾɡ,deniɡɾ,NL
deniɡɾan,deniɾɡan,deniɾɡ,deniɡɾ,NL
deniɡɾan,deniɾɡan,deniɾɡ,deniɡɾ,NL
deniɡɾan,deniɾɡan,deniɾɡ,deniɡɾ,NL
deniɡɾan,deniɾɡan,deniɾɡ,deniɡɾ,NL
deniɡɾan,deniɾɡan,deniɾɡ,deniɡɾ,NL
deniɡɾan,deniɾɡan,deniɾɡ,deniɡɾ,NL
deniɡɾan,deniɾɡan,deniɾɡ,deniɡɾ,NL
deniɡɾan,deniɾɡan,deniɾɡ,deniɡɾ,NL
deniɡɾan,deniɾɡan,deniɾɡ,deniɡɾ,NL
deniɡɾan,deniɾɡan,deniɾɡ,deniɡɾ,NL
deniɡɾan,deniɡɾan,deniɡɾ,deniɡɾ,NL
deniɡɾan,deniɡɾan,deniɡɾ,deniɡɾ,NL
deniɡɾan,deniɡɾan,deniɡɾ,deniɡɾ,NL
deniɡɾan,deniɡɾan,deniɡɾ,deniɡɾ,NL
deniɡɾan,deniɡɾan,deniɡɾ,deniɡɾ,NL
deniɡɾan,deniɡɾan,deniɡɾ,deniɡɾ,NL
deniɡɾan,deniɡɾan,deniɡɾ,deniɡɾ,NL
deniɡɾan,deniɡɾan,deniɡɾ,deniɡɾ,NL
deniɡɾan,deniɡɾan,deniɡɾ,deniɡɾ,NL
deniɡɾan,deniɡɾan,deniɡɾ,deniɡɾ,NL
deniɡɾan,deniɡɾan,deniɡɾ,deniɡɾ,NL
deniɡɾan,deniɡɾan,deniɡɾ,deniɡɾ,NL
deniɡɾan,deniɡɾan,deniɡɾ,deniɡɾ,NL
deniɡɾan,deniɡɾan,deniɡɾ,deniɡɾ,NL
deniɡɾan,deniɡɾan,deniɡɾ,deniɡɾ,NL
deniɡɾan,deniɾɡan,deniɾɡ,deniɡɾ,NL
deniɡɾan,deniɾɡan,deniɾɡ,deniɡɾ,NL
deniɡɾan,deniɾɡan,deniɾɡ,deniɡɾ,NL
deniɡɾan,deniɾɡan,deniɾɡ,deniɡɾ,NL
deniɡɾan,deniɾɡan,deniɾɡ,deniɡɾ,NL
deniɡɾan,deniɾɡan,deniɾɡ,deniɡɾ,NL
deniɡɾan,deniɾɡan,deniɾɡ,deniɡɾ,NL
deniɡɾan,deniɾɡan,deniɾɡ,deniɡɾ,NL
deniɡɾan,deniɾɡan,deniɾɡ,deniɡɾ,NL
deniɡɾan,deniɾɡan,deniɾɡ,deniɡɾ,NL
deniɡɾan,deniɾɡan,deniɾɡ,deniɡɾ,NL
deniɡɾan,deniɡɾan,deniɡɾ,deniɡɾ,NL
deniɡɾan,deniɡɾan,deniɡɾ,deniɡɾ,NL
deniɡɾan,deniɡɾan,deniɡɾ,deniɡɾ,NL
deniɡɾan,deniɡɾan,deniɡɾ,deniɡɾ,NL
deniɡɾan,deniɡɾan,deniɡɾ,deniɡɾ,NL
deniɡɾan,deniɡɾan,deniɡɾ,deniɡɾ,NL
deniɡɾan,deniɡɾan,deniɡɾ,deniɡɾ,NL
deniɡɾan,deniɡɾan,deniɡɾ,deniɡɾ,NL
deniɡɾan,deniɡɾan,deniɡɾ,deniɡɾ,NL
deniɡɾan,deniɡɾan,deniɡɾ,deniɡɾ,NL
deniɡɾas,deniɾɡas,deniɾɡ,deniɡɾ,NL
deniɡɾas,deniɾɡas,deniɾɡ,deniɡɾ,NL
deniɡɾas,deniɾɡas,deniɾɡ,deniɡɾ,NL
deniɡɾas,deniɾɡas,deniɾɡ,deniɡɾ,NL
deniɡɾas,deniɾɡas,deniɾɡ,deniɡɾ,NL
deniɡɾas,deniɾɡas,deniɾɡ,deniɡɾ,NL
deniɡɾas,deniɾɡas,deniɾɡ,deniɡɾ,NL
deniɡɾas,deniɾɡas,deniɾɡ,deniɡɾ,NL
deniɡɾas,deniɾɡas,deniɾɡ,deniɡɾ,NL
deniɡɾas,deniɾɡas,deniɾɡ,deniɡɾ,NL
deniɡɾas,deniɾɡas,deniɾɡ,deniɡɾ,NL
deniɡɾas,deniɾɡas,deniɾɡ,deniɡɾ,NL
deniɡɾas,deniɾɡas,deniɾɡ,deniɡɾ,NL
deniɡɾas,deniɾɡas,deniɾɡ,deniɡɾ,NL
deniɡɾas,deniɾɡas,deniɾɡ,deniɡɾ,NL
deniɡɾas,deniɾɡas,deniɾɡ,deniɡɾ,NL
deniɡɾas,deniɾɡas,deniɾɡ,deniɡɾ,NL
deniɡɾas,deniɾɡas,deniɾɡ,deniɡɾ,NL
deniɡɾas,deniɾɡas,deniɾɡ,deniɡɾ,NL
deniɡɾas,deniɡɾas,deniɡɾ,deniɡɾ,NL
deniɡɾas,deniɡɾas,deniɡɾ,deniɡɾ,NL
deniɡɾas,deniɡɾas,deniɡɾ,deniɡɾ,NL
deniɡɾas,deniɡɾas,deniɡɾ,deniɡɾ,NL
deniɡɾas,deniɡɾas,deniɡɾ,deniɡɾ,NL
deniɡɾas,deniɡɾas,deniɡɾ,deniɡɾ,NL
deniɡɾas,deniɡɾas,deniɡɾ,deniɡɾ,NL
deniɡɾas,deniɡɾas,deniɡɾ,deniɡɾ,NL
deniɡɾas,deniɡɾas,deniɡɾ,deniɡɾ,NL
deniɡɾas,deniɡɾas,deniɡɾ,deniɡɾ,NL
deniɡɾas,deniɡɾas,deniɡɾ,deniɡɾ,NL
deniɡɾas,deniɡɾas,deniɡɾ,deniɡɾ,NL
deniɡɾas,deniɡɾas,deniɡɾ,deniɡɾ,NL
deniɡɾas,deniɡɾas,deniɡɾ,deniɡɾ,NL
deniɡɾas,deniɡɾas,deniɡɾ,deniɡɾ,NL
deniɡɾas,deniɾɡas,deniɾɡ,deniɡɾ,NL
deniɡɾas,deniɾɡas,deniɾɡ,deniɡɾ,NL
deniɡɾas,deniɾɡas,deniɾɡ,deniɡɾ,NL
deniɡɾas,deniɾɡas,deniɾɡ,deniɡɾ,NL
deniɡɾas,deniɾɡas,deniɾɡ,deniɡɾ,NL
deniɡɾas,deniɾɡas,deniɾɡ,deniɡɾ,NL
deniɡɾas,deniɾɡas,deniɾɡ,deniɡɾ,NL
deniɡɾas,deniɾɡas,deniɾɡ,deniɡɾ,NL
deniɡɾas,deniɾɡas,deniɾɡ,deniɡɾ,NL
deniɡɾas,deniɾɡas,deniɾɡ,deniɡɾ,NL
deniɡɾas,deniɾɡas,deniɾɡ,deniɡɾ,NL
deniɡɾas,deniɡɾas,deniɡɾ,deniɡɾ,NL
deniɡɾas,deniɡɾas,deniɡɾ,deniɡɾ,NL
deniɡɾas,deniɡɾas,deniɡɾ,deniɡɾ,NL
deniɡɾas,deniɡɾas,deniɡɾ,deniɡɾ,NL
deniɡɾas,deniɡɾas,deniɡɾ,deniɡɾ,NL
deniɡɾas,deniɡɾas,deniɡɾ,deniɡɾ,NL
deniɡɾas,deniɡɾas,deniɡɾ,deniɡɾ,NL
deniɡɾas,deniɡɾas,deniɡɾ,deniɡɾ,NL
deniɡɾas,deniɡɾas,deniɡɾ,deniɡɾ,NL
deniɡɾas,deniɡɾas,deniɡɾ,deniɡɾ,NL
deniɡɾa,deniɾɡa,deniɾɡ,deniɡɾ,NL
deniɡɾa,deniɾɡa,deniɾɡ,deniɡɾ,NL
deniɡɾa,deniɾɡa,deniɾɡ,deniɡɾ,NL
deniɡɾa,deniɾɡa,deniɾɡ,deniɡɾ,NL
deniɡɾa,deniɾɡa,deniɾɡ,deniɡɾ,NL
deniɡɾa,deniɾɡa,deniɾɡ,deniɡɾ,NL
deniɡɾa,deniɾɡa,deniɾɡ,deniɡɾ,NL
deniɡɾa,deniɾɡa,deniɾɡ,deniɡɾ,NL
deniɡɾa,deniɾɡa,deniɾɡ,deniɡɾ,NL
deniɡɾa,deniɾɡa,deniɾɡ,deniɡɾ,NL
deniɡɾa,deniɾɡa,deniɾɡ,deniɡɾ,NL
deniɡɾa,deniɾɡa,deniɾɡ,deniɡɾ,NL
deniɡɾa,deniɾɡa,deniɾɡ,deniɡɾ,NL
deniɡɾa,deniɾɡa,deniɾɡ,deniɡɾ,NL
deniɡɾa,deniɾɡa,deniɾɡ,deniɡɾ,NL
deniɡɾa,deniɾɡa,deniɾɡ,deniɡɾ,NL
deniɡɾa,deniɾɡa,deniɾɡ,deniɡɾ,NL
deniɡɾa,deniɾɡa,deniɾɡ,deniɡɾ,NL
deniɡɾa,deniɾɡa,deniɾɡ,deniɡɾ,NL
deniɡɾa,deniɡɾa,deniɡɾ,deniɡɾ,NL
deniɡɾa,deniɡɾa,deniɡɾ,deniɡɾ,NL
deniɡɾa,deniɡɾa,deniɡɾ,deniɡɾ,NL
deniɡɾa,deniɡɾa,deniɡɾ,deniɡɾ,NL
deniɡɾa,deniɡɾa,deniɡɾ,deniɡɾ,NL
deniɡɾa,deniɡɾa,deniɡɾ,deniɡɾ,NL
deniɡɾa,deniɡɾa,deniɡɾ,deniɡɾ,NL
deniɡɾa,deniɡɾa,deniɡɾ,deniɡɾ,NL
deniɡɾa,deniɡɾa,deniɡɾ,deniɡɾ,NL
deniɡɾa,deniɡɾa,deniɡɾ,deniɡɾ,NL
deniɡɾa,deniɡɾa,deniɡɾ,deniɡɾ,NL
deniɡɾa,deniɡɾa,deniɡɾ,deniɡɾ,NL
deniɡɾa,deniɡɾa,deniɡɾ,deniɡɾ,NL
deniɡɾa,deniɡɾa,deniɡɾ,deniɡɾ,NL
deniɡɾa,deniɡɾa,deniɡɾ,deniɡɾ,NL
deniɡɾa,deniɾɡa,deniɾɡ,deniɡɾ,NL
deniɡɾa,deniɾɡa,deniɾɡ,deniɡɾ,NL
deniɡɾa,deniɾɡa,deniɾɡ,deniɡɾ,NL
deniɡɾa,deniɾɡa,deniɾɡ,deniɡɾ,NL
deniɡɾa,deniɾɡa,deniɾɡ,deniɡɾ,NL
deniɡɾa,deniɾɡa,deniɾɡ,deniɡɾ,NL
deniɡɾa,deniɾɡa,deniɾɡ,deniɡɾ,NL
deniɡɾa,deniɾɡa,deniɾɡ,deniɡɾ,NL
deniɡɾa,deniɾɡa,deniɾɡ,deniɡɾ,NL
deniɡɾa,deniɾɡa,deniɾɡ,deniɡɾ,NL
deniɡɾa,deniɾɡa,deniɾɡ,deniɡɾ,NL
deniɡɾa,deniɡɾa,deniɡɾ,deniɡɾ,NL
deniɡɾa,deniɡɾa,deniɡɾ,deniɡɾ,NL
deniɡɾa,deniɡɾa,deniɡɾ,deniɡɾ,NL
deniɡɾa,deniɡɾa,deniɡɾ,deniɡɾ,NL
deniɡɾa,deniɡɾa,deniɡɾ,deniɡɾ,NL
deniɡɾa,deniɡɾa,deniɡɾ,deniɡɾ,NL
deniɡɾa,deniɡɾa,deniɡɾ,deniɡɾ,NL
deniɡɾa,deniɡɾa,deniɡɾ,deniɡɾ,NL
deniɡɾa,deniɡɾa,deniɡɾ,deniɡɾ,NL
deniɡɾa,deniɡɾa,deniɡɾ,deniɡɾ,NL
deniɡɾejs,deniɾɡeis,deniɾɡe,deniɡɾ,NL
deniɡɾejs,deniɾɡeis,deniɾɡe,deniɡɾ,NL
deniɡɾejs,deniɾɡeis,deniɾɡe,deniɡɾ,NL
deniɡɾejs,deniɾɡeis,deniɾɡe,deniɡɾ,NL
deniɡɾejs,deniɾɡeis,deniɾɡe,deniɡɾ,NL
deniɡɾejs,deniɾɡeis,deniɾɡe,deniɡɾ,NL
deniɡɾejs,deniɾɡeis,deniɾɡe,deniɡɾ,NL
deniɡɾejs,deniɾɡeis,deniɾɡe,deniɡɾ,NL
deniɡɾejs,deniɾɡeis,deniɾɡe,deniɡɾ,NL
deniɡɾejs,deniɾɡeis,deniɾɡe,deniɡɾ,NL
deniɡɾejs,deniɾɡeis,deniɾɡe,deniɡɾ,NL
deniɡɾejs,deniɾɡeis,deniɾɡe,deniɡɾ,NL
deniɡɾejs,deniɾɡeis,deniɾɡe,deniɡɾ,NL
deniɡɾejs,deniɾɡeis,deniɾɡe,deniɡɾ,NL
deniɡɾejs,deniɾɡeis,deniɾɡe,deniɡɾ,NL
deniɡɾejs,deniɾɡeis,deniɾɡe,deniɡɾ,NL
deniɡɾejs,deniɾɡeis,deniɾɡe,deniɡɾ,NL
deniɡɾejs,deniɾɡeis,deniɾɡe,deniɡɾ,NL
deniɡɾejs,deniɾɡeis,deniɾɡe,deniɡɾ,NL
deniɡɾejs,deniɡɾejs,deniɡɾ,deniɡɾ,NL
deniɡɾejs,deniɡɾejs,deniɡɾ,deniɡɾ,NL
deniɡɾejs,deniɡɾejs,deniɡɾ,deniɡɾ,NL
deniɡɾejs,deniɡɾejs,deniɡɾ,deniɡɾ,NL
deniɡɾejs,deniɡɾejs,deniɡɾ,deniɡɾ,NL
deniɡɾejs,deniɡɾejs,deniɡɾ,deniɡɾ,NL
deniɡɾejs,deniɡɾejs,deniɡɾ,deniɡɾ,NL
deniɡɾejs,deniɡɾejs,deniɡɾ,deniɡɾ,NL
deniɡɾejs,deniɡɾejs,deniɡɾ,deniɡɾ,NL
deniɡɾejs,deniɡɾejs,deniɡɾ,deniɡɾ,NL
deniɡɾejs,deniɡɾejs,deniɡɾ,deniɡɾ,NL
deniɡɾejs,deniɡɾejs,deniɡɾ,deniɡɾ,NL
deniɡɾejs,deniɡɾejs,deniɡɾ,deniɡɾ,NL
deniɡɾejs,deniɡɾejs,deniɡɾ,deniɡɾ,NL
deniɡɾejs,deniɡɾejs,deniɡɾ,deniɡɾ,NL
deniɡɾejs,deniɡɾejs,deniɡɾ,deniɡɾ,NL
deniɡɾejs,deniɡɾejs,deniɡɾ,deniɡɾ,NL
deniɡɾejs,deniɡɾejs,deniɡɾ,deniɡɾ,NL
deniɡɾejs,deniɡɾejs,deniɡɾ,deniɡɾ,NL
deniɡɾejs,deniɡɾejs,deniɡɾ,deniɡɾ,NL
deniɡɾejs,deniɡɾejs,deniɡɾ,deniɡɾ,NL
deniɡɾejs,deniɾɡeis,deniɾɡe,deniɡɾ,NL
deniɡɾejs,deniɾɡeis,deniɾɡe,deniɡɾ,NL
deniɡɾejs,deniɾɡeis,deniɾɡe,deniɡɾ,NL
deniɡɾejs,deniɾɡeis,deniɾɡe,deniɡɾ,NL
deniɡɾejs,deniɾɡeis,deniɾɡe,deniɡɾ,NL
deniɡɾejs,deniɡɾejs,deniɡɾ,deniɡɾ,NL
deniɡɾejs,deniɡɾejs,deniɡɾ,deniɡɾ,NL
deniɡɾejs,deniɡɾejs,deniɡɾ,deniɡɾ,NL
deniɡɾejs,deniɡɾejs,deniɡɾ,deniɡɾ,NL
deniɡɾejs,deniɡɾejs,deniɡɾ,deniɡɾ,NL
deniɡɾejs,deniɡɾejs,deniɡɾ,deniɡɾ,NL
deniɡɾejs,deniɡɾejs,deniɡɾ,deniɡɾ,NL
deniɡɾejs,deniɡɾejs,deniɡɾ,deniɡɾ,NL
deniɡɾejs,deniɡɾejs,deniɡɾ,deniɡɾ,NL
deniɡɾejs,deniɡɾejs,deniɡɾ,deniɡɾ,NL
deniɡɾemos,deniɾɡemos,deniɾɡ,deniɡɾ,NL
deniɡɾemos,deniɾɡemos,deniɾɡ,deniɡɾ,NL
deniɡɾemos,deniɾɡemos,deniɾɡ,deniɡɾ,NL
deniɡɾemos,deniɾɡemos,deniɾɡ,deniɡɾ,NL
deniɡɾemos,deniɾɡemos,deniɾɡ,deniɡɾ,NL
deniɡɾemos,deniɾɡemos,deniɾɡ,deniɡɾ,NL
deniɡɾemos,deniɾɡemos,deniɾɡ,deniɡɾ,NL
deniɡɾemos,deniɾɡemos,deniɾɡ,deniɡɾ,NL
deniɡɾemos,deniɾɡemos,deniɾɡ,deniɡɾ,NL
deniɡɾemos,deniɾɡemos,deniɾɡ,deniɡɾ,NL
deniɡɾemos,deniɾɡemos,deniɾɡ,deniɡɾ,NL
deniɡɾemos,deniɾɡemos,deniɾɡ,deniɡɾ,NL
deniɡɾemos,deniɾɡemos,deniɾɡ,deniɡɾ,NL
deniɡɾemos,deniɾɡemos,deniɾɡ,deniɡɾ,NL
deniɡɾemos,deniɾɡemos,deniɾɡ,deniɡɾ,NL
deniɡɾemos,deniɾɡemos,deniɾɡ,deniɡɾ,NL
deniɡɾemos,deniɾɡemos,deniɾɡ,deniɡɾ,NL
deniɡɾemos,deniɾɡemos,deniɾɡ,deniɡɾ,NL
deniɡɾemos,deniɾɡemos,deniɾɡ,deniɡɾ,NL
deniɡɾemos,deniɡɾemos,deniɡɾ,deniɡɾ,NL
deniɡɾemos,deniɡɾemos,deniɡɾ,deniɡɾ,NL
deniɡɾemos,deniɡɾemos,deniɡɾ,deniɡɾ,NL
deniɡɾemos,deniɡɾemos,deniɡɾ,deniɡɾ,NL
deniɡɾemos,deniɡɾemos,deniɡɾ,deniɡɾ,NL
deniɡɾemos,deniɡɾemos,deniɡɾ,deniɡɾ,NL
deniɡɾemos,deniɡɾemos,deniɡɾ,deniɡɾ,NL
deniɡɾemos,deniɡɾemos,deniɡɾ,deniɡɾ,NL
deniɡɾemos,deniɡɾemos,deniɡɾ,deniɡɾ,NL
deniɡɾemos,deniɡɾemos,deniɡɾ,deniɡɾ,NL
deniɡɾemos,deniɡɾemos,deniɡɾ,deniɡɾ,NL
deniɡɾemos,deniɡɾemos,deniɡɾ,deniɡɾ,NL
deniɡɾemos,deniɡɾemos,deniɡɾ,deniɡɾ,NL
deniɡɾemos,deniɡɾemos,deniɡɾ,deniɡɾ,NL
deniɡɾemos,deniɡɾemos,deniɡɾ,deniɡɾ,NL
deniɡɾemos,deniɡɾemos,deniɡɾ,deniɡɾ,NL
deniɡɾemos,deniɡɾemos,deniɡɾ,deniɡɾ,NL
deniɡɾemos,deniɡɾemos,deniɡɾ,deniɡɾ,NL
deniɡɾemos,deniɡɾemos,deniɡɾ,deniɡɾ,NL
deniɡɾemos,deniɡɾemos,deniɡɾ,deniɡɾ,NL
deniɡɾemos,deniɡɾemos,deniɡɾ,deniɡɾ,NL
deniɡɾemos,deniɾɡemos,deniɾɡ,deniɡɾ,NL
deniɡɾemos,deniɾɡemos,deniɾɡ,deniɡɾ,NL
deniɡɾemos,deniɾɡemos,deniɾɡ,deniɡɾ,NL
deniɡɾemos,deniɾɡemos,deniɾɡ,deniɡɾ,NL
deniɡɾemos,deniɾɡemos,deniɾɡ,deniɡɾ,NL
deniɡɾemos,deniɡɾemos,deniɡɾ,deniɡɾ,NL
deniɡɾemos,deniɡɾemos,deniɡɾ,deniɡɾ,NL
deniɡɾemos,deniɡɾemos,deniɡɾ,deniɡɾ,NL
deniɡɾemos,deniɡɾemos,deniɡɾ,deniɡɾ,NL
deniɡɾemos,deniɡɾemos,deniɡɾ,deniɡɾ,NL
deniɡɾemos,deniɡɾemos,deniɡɾ,deniɡɾ,NL
deniɡɾemos,deniɡɾemos,deniɡɾ,deniɡɾ,NL
deniɡɾemos,deniɡɾemos,deniɡɾ,deniɡɾ,NL
deniɡɾemos,deniɡɾemos,deniɡɾ,deniɡɾ,NL
deniɡɾemos,deniɡɾemos,deniɡɾ,deniɡɾ,NL
deniɡɾen,deniɾɡen,deniɾɡ,deniɡɾ,NL
deniɡɾen,deniɾɡen,deniɾɡ,deniɡɾ,NL
deniɡɾen,deniɾɡen,deniɾɡ,deniɡɾ,NL
deniɡɾen,deniɾɡen,deniɾɡ,deniɡɾ,NL
deniɡɾen,deniɾɡen,deniɾɡ,deniɡɾ,NL
deniɡɾen,deniɾɡen,deniɾɡ,deniɡɾ,NL
deniɡɾen,deniɾɡen,deniɾɡ,deniɡɾ,NL
deniɡɾen,deniɾɡen,deniɾɡ,deniɡɾ,NL
deniɡɾen,deniɾɡen,deniɾɡ,deniɡɾ,NL
deniɡɾen,deniɾɡen,deniɾɡ,deniɡɾ,NL
deniɡɾen,deniɾɡen,deniɾɡ,deniɡɾ,NL
deniɡɾen,deniɾɡen,deniɾɡ,deniɡɾ,NL
deniɡɾen,deniɾɡen,deniɾɡ,deniɡɾ,NL
deniɡɾen,deniɾɡen,deniɾɡ,deniɡɾ,NL
deniɡɾen,deniɾɡen,deniɾɡ,deniɡɾ,NL
deniɡɾen,deniɾɡen,deniɾɡ,deniɡɾ,NL
deniɡɾen,deniɾɡen,deniɾɡ,deniɡɾ,NL
deniɡɾen,deniɾɡen,deniɾɡ,deniɡɾ,NL
deniɡɾen,deniɾɡen,deniɾɡ,deniɡɾ,NL
deniɡɾen,deniɡɾen,deniɡɾ,deniɡɾ,NL
deniɡɾen,deniɡɾen,deniɡɾ,deniɡɾ,NL
deniɡɾen,deniɡɾen,deniɡɾ,deniɡɾ,NL
deniɡɾen,deniɡɾen,deniɡɾ,deniɡɾ,NL
deniɡɾen,deniɡɾen,deniɡɾ,deniɡɾ,NL
deniɡɾen,deniɡɾen,deniɡɾ,deniɡɾ,NL
deniɡɾen,deniɡɾen,deniɡɾ,deniɡɾ,NL
deniɡɾen,deniɡɾen,deniɡɾ,deniɡɾ,NL
deniɡɾen,deniɡɾen,deniɡɾ,deniɡɾ,NL
deniɡɾen,deniɡɾen,deniɡɾ,deniɡɾ,NL
deniɡɾen,deniɡɾen,deniɡɾ,deniɡɾ,NL
deniɡɾen,deniɡɾen,deniɡɾ,deniɡɾ,NL
deniɡɾen,deniɡɾen,deniɡɾ,deniɡɾ,NL
deniɡɾen,deniɡɾen,deniɡɾ,deniɡɾ,NL
deniɡɾen,deniɡɾen,deniɡɾ,deniɡɾ,NL
deniɡɾen,deniɡɾen,deniɡɾ,deniɡɾ,NL
deniɡɾen,deniɡɾen,deniɡɾ,deniɡɾ,NL
deniɡɾen,deniɡɾen,deniɡɾ,deniɡɾ,NL
deniɡɾen,deniɡɾen,deniɡɾ,deniɡɾ,NL
deniɡɾen,deniɡɾen,deniɡɾ,deniɡɾ,NL
deniɡɾen,deniɡɾen,deniɡɾ,deniɡɾ,NL
deniɡɾen,deniɡɾen,deniɡɾ,deniɡɾ,NL
deniɡɾen,deniɾɡen,deniɾɡ,deniɡɾ,NL
deniɡɾen,deniɾɡen,deniɾɡ,deniɡɾ,NL
deniɡɾen,deniɾɡen,deniɾɡ,deniɡɾ,NL
deniɡɾen,deniɾɡen,deniɾɡ,deniɡɾ,NL
deniɡɾen,deniɾɡen,deniɾɡ,deniɡɾ,NL
deniɡɾen,deniɾɡen,deniɾɡ,deniɡɾ,NL
deniɡɾen,deniɾɡen,deniɾɡ,deniɡɾ,NL
deniɡɾen,deniɾɡen,deniɾɡ,deniɡɾ,NL
deniɡɾen,deniɡɾen,deniɡɾ,deniɡɾ,NL
deniɡɾen,deniɡɾen,deniɡɾ,deniɡɾ,NL
deniɡɾen,deniɡɾen,deniɡɾ,deniɡɾ,NL
deniɡɾen,deniɡɾen,deniɡɾ,deniɡɾ,NL
deniɡɾen,deniɡɾen,deniɡɾ,deniɡɾ,NL
deniɡɾen,deniɡɾen,deniɡɾ,deniɡɾ,NL
deniɡɾes,deniɾɡes,deniɾɡ,deniɡɾ,NL
deniɡɾes,deniɾɡes,deniɾɡ,deniɡɾ,NL
deniɡɾes,deniɾɡes,deniɾɡ,deniɡɾ,NL
deniɡɾes,deniɾɡes,deniɾɡ,deniɡɾ,NL
deniɡɾes,deniɾɡes,deniɾɡ,deniɡɾ,NL
deniɡɾes,deniɾɡes,deniɾɡ,deniɡɾ,NL
deniɡɾes,deniɾɡes,deniɾɡ,deniɡɾ,NL
deniɡɾes,deniɾɡes,deniɾɡ,deniɡɾ,NL
deniɡɾes,deniɾɡes,deniɾɡ,deniɡɾ,NL
deniɡɾes,deniɾɡes,deniɾɡ,deniɡɾ,NL
deniɡɾes,deniɾɡes,deniɾɡ,deniɡɾ,NL
deniɡɾes,deniɾɡes,deniɾɡ,deniɡɾ,NL
deniɡɾes,deniɾɡes,deniɾɡ,deniɡɾ,NL
deniɡɾes,deniɾɡes,deniɾɡ,deniɡɾ,NL
deniɡɾes,deniɾɡes,deniɾɡ,deniɡɾ,NL
deniɡɾes,deniɾɡes,deniɾɡ,deniɡɾ,NL
deniɡɾes,deniɾɡes,deniɾɡ,deniɡɾ,NL
deniɡɾes,deniɾɡes,deniɾɡ,deniɡɾ,NL
deniɡɾes,deniɾɡes,deniɾɡ,deniɡɾ,NL
deniɡɾes,deniɡɾes,deniɡɾ,deniɡɾ,NL
deniɡɾes,deniɡɾes,deniɡɾ,deniɡɾ,NL
deniɡɾes,deniɡɾes,deniɡɾ,deniɡɾ,NL
deniɡɾes,deniɡɾes,deniɡɾ,deniɡɾ,NL
deniɡɾes,deniɡɾes,deniɡɾ,deniɡɾ,NL
deniɡɾes,deniɡɾes,deniɡɾ,deniɡɾ,NL
deniɡɾes,deniɡɾes,deniɡɾ,deniɡɾ,NL
deniɡɾes,deniɡɾes,deniɡɾ,deniɡɾ,NL
deniɡɾes,deniɡɾes,deniɡɾ,deniɡɾ,NL
deniɡɾes,deniɡɾes,deniɡɾ,deniɡɾ,NL
deniɡɾes,deniɡɾes,deniɡɾ,deniɡɾ,NL
deniɡɾes,deniɡɾes,deniɡɾ,deniɡɾ,NL
deniɡɾes,deniɡɾes,deniɡɾ,deniɡɾ,NL
deniɡɾes,deniɡɾes,deniɡɾ,deniɡɾ,NL
deniɡɾes,deniɡɾes,deniɡɾ,deniɡɾ,NL
deniɡɾes,deniɡɾes,deniɡɾ,deniɡɾ,NL
deniɡɾes,deniɡɾes,deniɡɾ,deniɡɾ,NL
deniɡɾes,deniɡɾes,deniɡɾ,deniɡɾ,NL
deniɡɾes,deniɡɾes,deniɡɾ,deniɡɾ,NL
deniɡɾes,deniɡɾes,deniɡɾ,deniɡɾ,NL
deniɡɾes,deniɡɾes,deniɡɾ,deniɡɾ,NL
deniɡɾes,deniɡɾes,deniɡɾ,deniɡɾ,NL
deniɡɾes,deniɾɡes,deniɾɡ,deniɡɾ,NL
deniɡɾes,deniɾɡes,deniɾɡ,deniɡɾ,NL
deniɡɾes,deniɾɡes,deniɾɡ,deniɡɾ,NL
deniɡɾes,deniɾɡes,deniɾɡ,deniɡɾ,NL
deniɡɾes,deniɾɡes,deniɾɡ,deniɡɾ,NL
deniɡɾes,deniɾɡes,deniɾɡ,deniɡɾ,NL
deniɡɾes,deniɾɡes,deniɾɡ,deniɡɾ,NL
deniɡɾes,deniɾɡes,deniɾɡ,deniɡɾ,NL
deniɡɾes,deniɡɾes,deniɡɾ,deniɡɾ,NL
deniɡɾes,deniɡɾes,deniɡɾ,deniɡɾ,NL
deniɡɾes,deniɡɾes,deniɡɾ,deniɡɾ,NL
deniɡɾes,deniɡɾes,deniɡɾ,deniɡɾ,NL
deniɡɾes,deniɡɾes,deniɡɾ,deniɡɾ,NL
deniɡɾes,deniɡɾes,deniɡɾ,deniɡɾ,NL
deniɡɾe,deniɾɡe,deniɾɡ,deniɡɾ,NL
deniɡɾe,deniɾɡe,deniɾɡ,deniɡɾ,NL
deniɡɾe,deniɾɡe,deniɾɡ,deniɡɾ,NL
deniɡɾe,deniɾɡe,deniɾɡ,deniɡɾ,NL
deniɡɾe,deniɡɾe,deniɡɾ,deniɡɾ,NL
deniɡɾe,deniɾɡe,deniɾɡ,deniɡɾ,NL
deniɡɾe,deniɾɡe,deniɾɡ,deniɡɾ,NL
deniɡɾe,deniɾɡe,deniɾɡ,deniɡɾ,NL
deniɡɾe,deniɾɡe,deniɾɡ,deniɡɾ,NL
deniɡɾe,deniɾɡe,deniɾɡ,deniɡɾ,NL
deniɡɾe,deniɾɡe,deniɾɡ,deniɡɾ,NL
deniɡɾe,deniɾɡe,deniɾɡ,deniɡɾ,NL
deniɡɾe,deniɾɡe,deniɾɡ,deniɡɾ,NL
deniɡɾe,deniɾɡe,deniɾɡ,deniɡɾ,NL
deniɡɾe,deniɾɡe,deniɾɡ,deniɡɾ,NL
deniɡɾe,deniɾɡe,deniɾɡ,deniɡɾ,NL
deniɡɾe,deniɾɡe,deniɾɡ,deniɡɾ,NL
deniɡɾe,deniɾɡe,deniɾɡ,deniɡɾ,NL
deniɡɾe,deniɾɡe,deniɾɡ,deniɡɾ,NL
deniɡɾe,deniɡɾe,deniɡɾ,deniɡɾ,NL
deniɡɾe,deniɡɾe,deniɡɾ,deniɡɾ,NL
deniɡɾe,deniɡɾe,deniɡɾ,deniɡɾ,NL
deniɡɾe,deniɡɾe,deniɡɾ,deniɡɾ,NL
deniɡɾe,deniɡɾe,deniɡɾ,deniɡɾ,NL
deniɡɾe,deniɡɾe,deniɡɾ,deniɡɾ,NL
deniɡɾe,deniɡɾe,deniɡɾ,deniɡɾ,NL
deniɡɾe,deniɡɾe,deniɡɾ,deniɡɾ,NL
deniɡɾe,deniɡɾe,deniɡɾ,deniɡɾ,NL
deniɡɾe,deniɡɾe,deniɡɾ,deniɡɾ,NL
deniɡɾe,deniɡɾe,deniɡɾ,deniɡɾ,NL
deniɡɾe,deniɡɾe,deniɡɾ,deniɡɾ,NL
deniɡɾe,deniɡɾe,deniɡɾ,deniɡɾ,NL
deniɡɾe,deniɡɾe,deniɡɾ,deniɡɾ,NL
deniɡɾe,deniɡɾe,deniɡɾ,deniɡɾ,NL
deniɡɾe,deniɡɾe,deniɡɾ,deniɡɾ,NL
deniɡɾe,deniɡɾe,deniɡɾ,deniɡɾ,NL
deniɡɾe,deniɡɾe,deniɡɾ,deniɡɾ,NL
deniɡɾe,deniɡɾe,deniɡɾ,deniɡɾ,NL
deniɡɾe,deniɡɾe,deniɡɾ,deniɡɾ,NL
deniɡɾe,deniɡɾe,deniɡɾ,deniɡɾ,NL
deniɡɾe,deniɡɾe,deniɡɾ,deniɡɾ,NL
deniɡɾe,deniɾɡe,deniɾɡ,deniɡɾ,NL
deniɡɾe,deniɾɡe,deniɾɡ,deniɡɾ,NL
deniɡɾe,deniɾɡe,deniɾɡ,deniɡɾ,NL
deniɡɾe,deniɾɡe,deniɾɡ,deniɡɾ,NL
deniɡɾe,deniɾɡe,deniɾɡ,deniɡɾ,NL
deniɡɾe,deniɾɡe,deniɾɡ,deniɡɾ,NL
deniɡɾe,deniɾɡe,deniɾɡ,deniɡɾ,NL
deniɡɾe,deniɾɡe,deniɾɡ,deniɡɾ,NL
deniɡɾe,deniɡɾe,deniɡɾ,deniɡɾ,NL
deniɡɾe,deniɡɾe,deniɡɾ,deniɡɾ,NL
deniɡɾe,deniɡɾe,deniɡɾ,deniɡɾ,NL
deniɡɾe,deniɡɾe,deniɡɾ,deniɡɾ,NL
deniɡɾe,deniɡɾe,deniɡɾ,deniɡɾ,NL
deniɡɾe,deniɡɾe,deniɡɾ,deniɡɾ,NL
deniɡɾe,deniɾɡe,deniɾɡ,deniɡɾ,NL
deniɡɾe,deniɾɡe,deniɾɡ,deniɡɾ,NL
deniɡɾe,deniɾɡe,deniɾɡ,deniɡɾ,NL
deniɡɾe,deniɾɡe,deniɾɡ,deniɡɾ,NL
deniɡɾe,deniɡɾe,deniɡɾ,deniɡɾ,NL
deniɡɾe,deniɾɡe,deniɾɡ,deniɡɾ,NL
deniɡɾe,deniɾɡe,deniɾɡ,deniɡɾ,NL
deniɡɾe,deniɾɡe,deniɾɡ,deniɡɾ,NL
deniɡɾe,deniɾɡe,deniɾɡ,deniɡɾ,NL
deniɡɾe,deniɾɡe,deniɾɡ,deniɡɾ,NL
deniɡɾe,deniɾɡe,deniɾɡ,deniɡɾ,NL
deniɡɾe,deniɾɡe,deniɾɡ,deniɡɾ,NL
deniɡɾe,deniɾɡe,deniɾɡ,deniɡɾ,NL
deniɡɾe,deniɾɡe,deniɾɡ,deniɡɾ,NL
deniɡɾe,deniɾɡe,deniɾɡ,deniɡɾ,NL
deniɡɾe,deniɾɡe,deniɾɡ,deniɡɾ,NL
deniɡɾe,deniɾɡe,deniɾɡ,deniɡɾ,NL
deniɡɾe,deniɾɡe,deniɾɡ,deniɡɾ,NL
deniɡɾe,deniɾɡe,deniɾɡ,deniɡɾ,NL
deniɡɾe,deniɡɾe,deniɡɾ,deniɡɾ,NL
deniɡɾe,deniɡɾe,deniɡɾ,deniɡɾ,NL
deniɡɾe,deniɡɾe,deniɡɾ,deniɡɾ,NL
deniɡɾe,deniɡɾe,deniɡɾ,deniɡɾ,NL
deniɡɾe,deniɡɾe,deniɡɾ,deniɡɾ,NL
deniɡɾe,deniɡɾe,deniɡɾ,deniɡɾ,NL
deniɡɾe,deniɡɾe,deniɡɾ,deniɡɾ,NL
deniɡɾe,deniɡɾe,deniɡɾ,deniɡɾ,NL
deniɡɾe,deniɡɾe,deniɡɾ,deniɡɾ,NL
deniɡɾe,deniɡɾe,deniɡɾ,deniɡɾ,NL
deniɡɾe,deniɡɾe,deniɡɾ,deniɡɾ,NL
deniɡɾe,deniɡɾe,deniɡɾ,deniɡɾ,NL
deniɡɾe,deniɡɾe,deniɡɾ,deniɡɾ,NL
deniɡɾe,deniɡɾe,deniɡɾ,deniɡɾ,NL
deniɡɾe,deniɡɾe,deniɡɾ,deniɡɾ,NL
deniɡɾe,deniɡɾe,deniɡɾ,deniɡɾ,NL
deniɡɾe,deniɡɾe,deniɡɾ,deniɡɾ,NL
deniɡɾe,deniɡɾe,deniɡɾ,deniɡɾ,NL
deniɡɾe,deniɡɾe,deniɡɾ,deniɡɾ,NL
deniɡɾe,deniɡɾe,deniɡɾ,deniɡɾ,NL
deniɡɾe,deniɡɾe,deniɡɾ,deniɡɾ,NL
deniɡɾe,deniɡɾe,deniɡɾ,deniɡɾ,NL
deniɡɾe,deniɾɡe,deniɾɡ,deniɡɾ,NL
deniɡɾe,deniɾɡe,deniɾɡ,deniɡɾ,NL
deniɡɾe,deniɾɡe,deniɾɡ,deniɡɾ,NL
deniɡɾe,deniɾɡe,deniɾɡ,deniɡɾ,NL
deniɡɾe,deniɾɡe,deniɾɡ,deniɡɾ,NL
deniɡɾe,deniɾɡe,deniɾɡ,deniɡɾ,NL
deniɡɾe,deniɾɡe,deniɾɡ,deniɡɾ,NL
deniɡɾe,deniɾɡe,deniɾɡ,deniɡɾ,NL
deniɡɾe,deniɡɾe,deniɡɾ,deniɡɾ,NL
deniɡɾe,deniɡɾe,deniɡɾ,deniɡɾ,NL
deniɡɾe,deniɡɾe,deniɡɾ,deniɡɾ,NL
deniɡɾe,deniɡɾe,deniɡɾ,deniɡɾ,NL
deniɡɾe,deniɡɾe,deniɡɾ,deniɡɾ,NL
deniɡɾe,deniɡɾe,deniɡɾ,deniɡɾ,NL
deniɡɾo,deniɡɾo,deniɡɾ,deniɡɾ,NL
deniɡɾo,deniɾɡo,deniɾɡ,deniɡɾ,NL
deniɡɾo,deniɾɡo,deniɾɡ,deniɡɾ,NL
deniɡɾo,deniɾɡo,deniɾɡ,deniɡɾ,NL
deniɡɾo,deniɡɾo,deniɡɾ,deniɡɾ,NL
deniɡɾo,deniɡɾo,deniɡɾ,deniɡɾ,NL
deniɡɾo,deniɾɡo,deniɾɡ,deniɡɾ,NL
deniɡɾo,deniɾɡo,deniɾɡ,deniɡɾ,NL
deniɡɾo,deniɾɡo,deniɾɡ,deniɡɾ,NL
deniɡɾo,deniɾɡo,deniɾɡ,deniɡɾ,NL
deniɡɾo,deniɾɡo,deniɾɡ,deniɡɾ,NL
deniɡɾo,deniɾɡo,deniɾɡ,deniɡɾ,NL
deniɡɾo,deniɾɡo,deniɾɡ,deniɡɾ,NL
deniɡɾo,deniɡɾo,deniɡɾ,deniɡɾ,NL
deniɡɾo,deniɡɾo,deniɡɾ,deniɡɾ,NL
deniɡɾo,deniɾɡo,deniɾɡ,deniɡɾ,NL
deniɡɾo,deniɾɡo,deniɾɡ,deniɡɾ,NL
deniɡɾo,deniɾɡo,deniɾɡ,deniɡɾ,NL
deniɡɾo,deniɾɡo,deniɾɡ,deniɡɾ,NL
deniɡɾo,deniɡɾo,deniɡɾ,deniɡɾ,NL
deniɡɾo,deniɡɾo,deniɡɾ,deniɡɾ,NL
deniɡɾo,deniɡɾo,deniɡɾ,deniɡɾ,NL
deniɡɾo,deniɡɾo,deniɡɾ,deniɡɾ,NL
deniɡɾo,deniɡɾo,deniɡɾ,deniɡɾ,NL
deniɡɾo,deniɡɾo,deniɡɾ,deniɡɾ,NL
deniɡɾo,deniɡɾo,deniɡɾ,deniɡɾ,NL
deniɡɾo,deniɡɾo,deniɡɾ,deniɡɾ,NL
deniɡɾo,deniɡɾo,deniɡɾ,deniɡɾ,NL
deniɡɾo,deniɡɾo,deniɡɾ,deniɡɾ,NL
deniɡɾo,deniɡɾo,deniɡɾ,deniɡɾ,NL
deniɡɾo,deniɡɾo,deniɡɾ,deniɡɾ,NL
deniɡɾo,deniɡɾo,deniɡɾ,deniɡɾ,NL
deniɡɾo,deniɡɾo,deniɡɾ,deniɡɾ,NL
deniɡɾo,deniɡɾo,deniɡɾ,deniɡɾ,NL
deniɡɾo,deniɡɾo,deniɡɾ,deniɡɾ,NL
deniɡɾo,deniɡɾo,deniɡɾ,deniɡɾ,NL
deniɡɾo,deniɡɾo,deniɡɾ,deniɡɾ,NL
deniɡɾo,deniɡɾo,deniɡɾ,deniɡɾ,NL
deniɡɾo,deniɡɾo,deniɡɾ,deniɡɾ,NL
deniɡɾo,deniɡɾo,deniɡɾ,deniɡɾ,NL
deniɡɾo,deniɡɾo,deniɡɾ,deniɡɾ,NL
deniɡɾo,deniɡɾo,deniɡɾ,deniɡɾ,NL
deniɡɾo,deniɡɾo,deniɡɾ,deniɡɾ,NL
deniɡɾo,deniɾɡo,deniɾɡ,deniɡɾ,NL
deniɡɾo,deniɾɡo,deniɾɡ,deniɡɾ,NL
deniɡɾo,deniɡɾo,deniɡɾ,deniɡɾ,NL
deniɡɾo,deniɡɾo,deniɡɾ,deniɡɾ,NL
deniɡɾo,deniɡɾo,deniɡɾ,deniɡɾ,NL
deniɡɾo,deniɡɾo,deniɡɾ,deniɡɾ,NL
deniɡɾo,deniɡɾo,deniɡɾ,deniɡɾ,NL
deniɡɾo,deniɡɾo,deniɡɾ,deniɡɾ,NL
deniɡɾo,deniɡɾo,deniɡɾ,deniɡɾ,NL
deniɡɾo,deniɡɾo,deniɡɾ,deniɡɾ,NL
deniɡɾo,deniɡɾo,deniɡɾ,deniɡɾ,NL
deniɡɾo,deniɡɾo,deniɡɾ,deniɡɾ,NL
kontɾademandajs,kontɾadeajajs,kontɾadeaj,kontɾademand,NL
kontɾademandajs,kontɾadeajajs,kontɾadeaj,kontɾademand,NL
kontɾademandajs,kontɾadeajajs,kontɾadeaj,kontɾademand,NL
kontɾademandajs,kontɾadeajajs,kontɾadeaj,kontɾademand,NL
kontɾademandajs,kontɾadeajajs,kontɾadeaj,kontɾademand,NL
kontɾademandajs,kontɾadeajajs,kontɾadeaj,kontɾademand,NL
kontɾademandajs,kontɾadeajajs,kontɾadeaj,kontɾademand,NL
kontɾademandajs,kontɾadeajajs,kontɾadeaj,kontɾademand,NL
kontɾademandajs,kontɾadeajajs,kontɾadeaj,kontɾademand,NL
kontɾademandajs,kontɾadeajajs,kontɾadeaj,kontɾademand,NL
kontɾademandajs,kontɾademajs,kontɾadem,kontɾademand,NL
kontɾademandajs,kontɾademajs,kontɾadem,kontɾademand,NL
kontɾademandajs,kontɾademajs,kontɾadem,kontɾademand,NL
kontɾademandajs,kontɾadeajajs,kontɾadeaj,kontɾademand,NL
kontɾademandajs,kontɾademajs,kontɾadem,kontɾademand,NL
kontɾademandajs,kontɾademajs,kontɾadem,kontɾademand,NL
kontɾademandajs,kontɾademajs,kontɾadem,kontɾademand,NL
kontɾademandajs,kontɾademajs,kontɾadem,kontɾademand,NL
kontɾademandajs,kontɾademajs,kontɾadem,kontɾademand,NL
kontɾademandajs,kontɾademajs,kontɾadem,kontɾademand,NL
kontɾademandajs,kontɾademajs,kontɾadem,kontɾademand,NL
kontɾademandajs,kontɾademajs,kontɾadem,kontɾademand,NL
kontɾademandajs,kontɾademajs,kontɾadem,kontɾademand,NL
kontɾademandajs,kontɾademajs,kontɾadem,kontɾademand,NL
kontɾademandajs,kontɾademajs,kontɾadem,kontɾademand,NL
kontɾademandajs,kontɾademajs,kontɾadem,kontɾademand,NL
kontɾademandajs,kontɾademajs,kontɾadem,kontɾademand,NL
kontɾademandajs,kontɾademajs,kontɾadem,kontɾademand,NL
kontɾademandajs,kontɾademajs,kontɾadem,kontɾademand,NL
kontɾademandajs,kontɾademajs,kontɾadem,kontɾademand,NL
kontɾademandajs,kontɾademajs,kontɾadem,kontɾademand,NL
kontɾademandajs,kontɾademajs,kontɾadem,kontɾademand,NL
kontɾademandajs,kontɾademajs,kontɾadem,kontɾademand,NL
kontɾademandajs,kontɾademajs,kontɾadem,kontɾademand,NL
kontɾademandajs,kontɾadeajajs,kontɾadeaj,kontɾademand,NL
kontɾademandajs,kontɾademajs,kontɾadem,kontɾademand,NL
kontɾademandajs,kontɾademajs,kontɾadem,kontɾademand,NL
kontɾademandajs,kontɾademajs,kontɾadem,kontɾademand,NL
kontɾademandajs,kontɾademajs,kontɾadem,kontɾademand,NL
kontɾademandajs,kontɾademajs,kontɾadem,kontɾademand,NL
kontɾademandajs,kontɾadean,kontɾade,kontɾademand,NL
kontɾademandajs,kontɾadeaajs,kontɾadea,kontɾademand,NL
kontɾademandajs,kontɾadeajajs,kontɾadeaj,kontɾademand,NL
kontɾademandajs,kontɾadean,kontɾade,kontɾademand,NL
kontɾademandajs,kontɾadeajajs,kontɾadeaj,kontɾademand,NL
kontɾademandajs,kontɾademajs,kontɾadem,kontɾademand,NL
kontɾademandajs,kontɾademajs,kontɾadem,kontɾademand,NL
kontɾademandajs,kontɾademajs,kontɾadem,kontɾademand,NL
kontɾademandajs,kontɾademajs,kontɾadem,kontɾademand,NL
kontɾademandajs,kontɾademajs,kontɾadem,kontɾademand,NL
kontɾademandajs,kontɾademajs,kontɾadem,kontɾademand,NL
kontɾademandajs,kontɾademajs,kontɾadem,kontɾademand,NL
kontɾademandajs,kontɾademajs,kontɾadem,kontɾademand,NL
kontɾademandajs,kontɾademajs,kontɾadem,kontɾademand,NL
kontɾademandajs,kontɾademajs,kontɾadem,kontɾademand,NL
kontɾademandamos,kontɾadean,kontɾade,kontɾademand,NL
kontɾademandamos,kontɾadean,kontɾade,kontɾademand,NL
kontɾademandamos,kontɾadean,kontɾade,kontɾademand,NL
kontɾademandamos,kontɾadean,kontɾade,kontɾademand,NL
kontɾademandamos,kontɾadean,kontɾade,kontɾademand,NL
kontɾademandamos,kontɾademamos,kontɾadem,kontɾademand,NL
kontɾademandamos,kontɾademamos,kontɾadem,kontɾademand,NL
kontɾademandamos,kontɾadean,kontɾade,kontɾademand,NL
kontɾademandamos,kontɾadean,kontɾade,kontɾademand,NL
kontɾademandamos,kontɾadean,kontɾade,kontɾademand,NL
kontɾademandamos,kontɾademamos,kontɾadem,kontɾademand,NL
kontɾademandamos,kontɾademamos,kontɾadem,kontɾademand,NL
kontɾademandamos,kontɾademamos,kontɾadem,kontɾademand,NL
kontɾademandamos,kontɾademamos,kontɾadem,kontɾademand,NL
kontɾademandamos,kontɾademamos,kontɾadem,kontɾademand,NL
kontɾademandamos,kontɾademamos,kontɾadem,kontɾademand,NL
kontɾademandamos,kontɾademamos,kontɾadem,kontɾademand,NL
kontɾademandamos,kontɾademamos,kontɾadem,kontɾademand,NL
kontɾademandamos,kontɾademamos,kontɾadem,kontɾademand,NL
kontɾademandamos,kontɾademamos,kontɾadem,kontɾademand,NL
kontɾademandamos,kontɾademamos,kontɾadem,kontɾademand,NL
kontɾademandamos,kontɾademamos,kontɾadem,kontɾademand,NL
kontɾademandamos,kontɾademamos,kontɾadem,kontɾademand,NL
kontɾademandamos,kontɾademamos,kontɾadem,kontɾademand,NL
kontɾademandamos,kontɾademamos,kontɾadem,kontɾademand,NL
kontɾademandamos,kontɾademamos,kontɾadem,kontɾademand,NL
kontɾademandamos,kontɾademamos,kontɾadem,kontɾademand,NL
kontɾademandamos,kontɾademamos,kontɾadem,kontɾademand,NL
kontɾademandamos,kontɾademamos,kontɾadem,kontɾademand,NL
kontɾademandamos,kontɾademamos,kontɾadem,kontɾademand,NL
kontɾademandamos,kontɾademamos,kontɾadem,kontɾademand,NL
kontɾademandamos,kontɾademamos,kontɾadem,kontɾademand,NL
kontɾademandamos,kontɾademamos,kontɾadem,kontɾademand,NL
kontɾademandamos,kontɾademamos,kontɾadem,kontɾademand,NL
kontɾademandamos,kontɾadean,kontɾade,kontɾademand,NL
kontɾademandamos,kontɾademamos,kontɾadem,kontɾademand,NL
kontɾademandamos,kontɾademamos,kontɾadem,kontɾademand,NL
kontɾademandamos,kontɾademamos,kontɾadem,kontɾademand,NL
kontɾademandamos,kontɾademamos,kontɾadem,kontɾademand,NL
kontɾademandamos,kontɾademamos,kontɾadem,kontɾademand,NL
kontɾademandamos,kontɾadean,kontɾade,kontɾademand,NL
kontɾademandamos,kontɾadean,kontɾade,kontɾademand,NL
kontɾademandamos,kontɾadean,kontɾade,kontɾademand,NL
kontɾademandamos,kontɾadean,kontɾade,kontɾademand,NL
kontɾademandamos,kontɾadean,kontɾade,kontɾademand,NL
kontɾademandamos,kontɾademamos,kontɾadem,kontɾademand,NL
kontɾademandamos,kontɾademamos,kontɾadem,kontɾademand,NL
kontɾademandamos,kontɾademamos,kontɾadem,kontɾademand,NL
kontɾademandamos,kontɾademamos,kontɾadem,kontɾademand,NL
kontɾademandamos,kontɾademamos,kontɾadem,kontɾademand,NL
kontɾademandamos,kontɾademamos,kontɾadem,kontɾademand,NL
kontɾademandamos,kontɾademamos,kontɾadem,kontɾademand,NL
kontɾademandamos,kontɾademamos,kontɾadem,kontɾademand,NL
kontɾademandamos,kontɾademamos,kontɾadem,kontɾademand,NL
kontɾademandamos,kontɾademamos,kontɾadem,kontɾademand,NL
kontɾademandan,kontɾadean,kontɾade,kontɾademand,NL
kontɾademandan,kontɾadean,kontɾade,kontɾademand,NL
kontɾademandan,kontɾadean,kontɾade,kontɾademand,NL
kontɾademandan,kontɾadean,kontɾade,kontɾademand,NL
kontɾademandan,kontɾadean,kontɾade,kontɾademand,NL
kontɾademandan,kontɾadean,kontɾade,kontɾademand,NL
kontɾademandan,kontɾadean,kontɾade,kontɾademand,NL
kontɾademandan,kontɾadean,kontɾade,kontɾademand,NL
kontɾademandan,kontɾadean,kontɾade,kontɾademand,NL
kontɾademandan,kontɾadean,kontɾade,kontɾademand,NL
kontɾademandan,kontɾadean,kontɾade,kontɾademand,NL
kontɾademandan,kontɾadean,kontɾade,kontɾademand,NL
kontɾademandan,kontɾadean,kontɾade,kontɾademand,NL
kontɾademandan,kontɾadean,kontɾade,kontɾademand,NL
kontɾademandan,kontɾadean,kontɾade,kontɾademand,NL
kontɾademandan,kontɾadean,kontɾade,kontɾademand,NL
kontɾademandan,kontɾadean,kontɾade,kontɾademand,NL
kontɾademandan,kontɾadean,kontɾade,kontɾademand,NL
kontɾademandan,kontɾadean,kontɾade,kontɾademand,NL
kontɾademandan,kontɾademan,kontɾadem,kontɾademand,NL
kontɾademandan,kontɾademan,kontɾadem,kontɾademand,NL
kontɾademandan,kontɾademan,kontɾadem,kontɾademand,NL
kontɾademandan,kontɾademan,kontɾadem,kontɾademand,NL
kontɾademandan,kontɾademan,kontɾadem,kontɾademand,NL
kontɾademandan,kontɾademan,kontɾadem,kontɾademand,NL
kontɾademandan,kontɾademan,kontɾadem,kontɾademand,NL
kontɾademandan,kontɾademan,kontɾadem,kontɾademand,NL
kontɾademandan,kontɾademan,kontɾadem,kontɾademand,NL
kontɾademandan,kontɾademan,kontɾadem,kontɾademand,NL
kontɾademandan,kontɾademan,kontɾadem,kontɾademand,NL
kontɾademandan,kontɾademan,kontɾadem,kontɾademand,NL
kontɾademandan,kontɾademan,kontɾadem,kontɾademand,NL
kontɾademandan,kontɾademan,kontɾadem,kontɾademand,NL
kontɾademandan,kontɾademan,kontɾadem,kontɾademand,NL
kontɾademandan,kontɾadean,kontɾade,kontɾademand,NL
kontɾademandan,kontɾadean,kontɾade,kontɾademand,NL
kontɾademandan,kontɾadean,kontɾade,kontɾademand,NL
kontɾademandan,kontɾadean,kontɾade,kontɾademand,NL
kontɾademandan,kontɾadean,kontɾade,kontɾademand,NL
kontɾademandan,kontɾadean,kontɾade,kontɾademand,NL
kontɾademandan,kontɾadean,kontɾade,kontɾademand,NL
kontɾademandan,kontɾadean,kontɾade,kontɾademand,NL
kontɾademandan,kontɾadean,kontɾade,kontɾademand,NL
kontɾademandan,kontɾadean,kontɾade,kontɾademand,NL
kontɾademandan,kontɾadean,kontɾade,kontɾademand,NL
kontɾademandan,kontɾademan,kontɾadem,kontɾademand,NL
kontɾademandan,kontɾademan,kontɾadem,kontɾademand,NL
kontɾademandan,kontɾademan,kontɾadem,kontɾademand,NL
kontɾademandan,kontɾademan,kontɾadem,kontɾademand,NL
kontɾademandan,kontɾademan,kontɾadem,kontɾademand,NL
kontɾademandan,kontɾademan,kontɾadem,kontɾademand,NL
kontɾademandan,kontɾademan,kontɾadem,kontɾademand,NL
kontɾademandan,kontɾademan,kontɾadem,kontɾademand,NL
kontɾademandan,kontɾademan,kontɾadem,kontɾademand,NL
kontɾademandan,kontɾademan,kontɾadem,kontɾademand,NL
kontɾademandas,kontɾadeas,kontɾade,kontɾademand,NL
kontɾademandas,kontɾadeas,kontɾade,kontɾademand,NL
kontɾademandas,kontɾadeas,kontɾade,kontɾademand,NL
kontɾademandas,kontɾadeas,kontɾade,kontɾademand,NL
kontɾademandas,kontɾadeas,kontɾade,kontɾademand,NL
kontɾademandas,kontɾadeas,kontɾade,kontɾademand,NL
kontɾademandas,kontɾadeas,kontɾade,kontɾademand,NL
kontɾademandas,kontɾadeas,kontɾade,kontɾademand,NL
kontɾademandas,kontɾadeas,kontɾade,kontɾademand,NL
kontɾademandas,kontɾadeas,kontɾade,kontɾademand,NL
kontɾademandas,kontɾadeas,kontɾade,kontɾademand,NL
kontɾademandas,kontɾadeas,kontɾade,kontɾademand,NL
kontɾademandas,kontɾadeas,kontɾade,kontɾademand,NL
kontɾademandas,kontɾadeas,kontɾade,kontɾademand,NL
kontɾademandas,kontɾadeas,kontɾade,kontɾademand,NL
kontɾademandas,kontɾadeas,kontɾade,kontɾademand,NL
kontɾademandas,kontɾadeas,kontɾade,kontɾademand,NL
kontɾademandas,kontɾadeas,kontɾade,kontɾademand,NL
kontɾademandas,kontɾadeas,kontɾade,kontɾademand,NL
kontɾademandas,kontɾadeas,kontɾade,kontɾademand,NL
kontɾademandas,kontɾadeas,kontɾade,kontɾademand,NL
kontɾademandas,kontɾadeas,kontɾade,kontɾademand,NL
kontɾademandas,kontɾademas,kontɾadem,kontɾademand,NL
kontɾademandas,kontɾadeas,kontɾade,kontɾademand,NL
kontɾademandas,kontɾadeas,kontɾade,kontɾademand,NL
kontɾademandas,kontɾadeas,kontɾade,kontɾademand,NL
kontɾademandas,kontɾadeas,kontɾade,kontɾademand,NL
kontɾademandas,kontɾadeas,kontɾade,kontɾademand,NL
kontɾademandas,kontɾadeas,kontɾade,kontɾademand,NL
kontɾademandas,kontɾadeas,kontɾade,kontɾademand,NL
kontɾademandas,kontɾadeas,kontɾade,kontɾademand,NL
kontɾademandas,kontɾadeas,kontɾade,kontɾademand,NL
kontɾademandas,kontɾadeas,kontɾade,kontɾademand,NL
kontɾademandas,kontɾadeas,kontɾade,kontɾademand,NL
kontɾademandas,kontɾadeas,kontɾade,kontɾademand,NL
kontɾademandas,kontɾadeas,kontɾade,kontɾademand,NL
kontɾademandas,kontɾadeas,kontɾade,kontɾademand,NL
kontɾademandas,kontɾadeas,kontɾade,kontɾademand,NL
kontɾademandas,kontɾadeas,kontɾade,kontɾademand,NL
kontɾademandas,kontɾadeas,kontɾade,kontɾademand,NL
kontɾademandas,kontɾadeas,kontɾade,kontɾademand,NL
kontɾademandas,kontɾadeas,kontɾade,kontɾademand,NL
kontɾademandas,kontɾadeas,kontɾade,kontɾademand,NL
kontɾademandas,kontɾadeas,kontɾade,kontɾademand,NL
kontɾademandas,kontɾadeas,kontɾade,kontɾademand,NL
kontɾademandas,kontɾademas,kontɾadem,kontɾademand,NL
kontɾademandas,kontɾadeas,kontɾade,kontɾademand,NL
kontɾademandas,kontɾadeas,kontɾade,kontɾademand,NL
kontɾademandas,kontɾadeas,kontɾade,kontɾademand,NL
kontɾademandas,kontɾadeas,kontɾade,kontɾademand,NL
kontɾademandas,kontɾadeas,kontɾade,kontɾademand,NL
kontɾademandas,kontɾadeas,kontɾade,kontɾademand,NL
kontɾademandas,kontɾadeas,kontɾade,kontɾademand,NL
kontɾademandas,kontɾadeas,kontɾade,kontɾademand,NL
kontɾademandas,kontɾadeas,kontɾade,kontɾademand,NL
kontɾademanda,kontɾadea,kontɾade,kontɾademand,NL
kontɾademanda,kontɾadea,kontɾade,kontɾademand,NL
kontɾademanda,kontɾadea,kontɾade,kontɾademand,NL
kontɾademanda,kontɾadea,kontɾade,kontɾademand,NL
kontɾademanda,kontɾadea,kontɾade,kontɾademand,NL
kontɾademanda,kontɾadea,kontɾade,kontɾademand,NL
kontɾademanda,kontɾadea,kontɾade,kontɾademand,NL
kontɾademanda,kontɾadea,kontɾade,kontɾademand,NL
kontɾademanda,kontɾadea,kontɾade,kontɾademand,NL
kontɾademanda,kontɾadea,kontɾade,kontɾademand,NL
kontɾademanda,kontɾadea,kontɾade,kontɾademand,NL
kontɾademanda,kontɾadea,kontɾade,kontɾademand,NL
kontɾademanda,kontɾadea,kontɾade,kontɾademand,NL
kontɾademanda,kontɾadea,kontɾade,kontɾademand,NL
kontɾademanda,kontɾadea,kontɾade,kontɾademand,NL
kontɾademanda,kontɾadea,kontɾade,kontɾademand,NL
kontɾademanda,kontɾadea,kontɾade,kontɾademand,NL
kontɾademanda,kontɾadea,kontɾade,kontɾademand,NL
kontɾademanda,kontɾadea,kontɾade,kontɾademand,NL
kontɾademanda,kontɾadea,kontɾade,kontɾademand,NL
kontɾademanda,kontɾadea,kontɾade,kontɾademand,NL
kontɾademanda,kontɾadea,kontɾade,kontɾademand,NL
kontɾademanda,kontɾadea,kontɾade,kontɾademand,NL
kontɾademanda,kontɾadea,kontɾade,kontɾademand,NL
kontɾademanda,kontɾadea,kontɾade,kontɾademand,NL
kontɾademanda,kontɾadea,kontɾade,kontɾademand,NL
kontɾademanda,kontɾadea,kontɾade,kontɾademand,NL
kontɾademanda,kontɾadea,kontɾade,kontɾademand,NL
kontɾademanda,kontɾadea,kontɾade,kontɾademand,NL
kontɾademanda,kontɾadea,kontɾade,kontɾademand,NL
kontɾademanda,kontɾadea,kontɾade,kontɾademand,NL
kontɾademanda,kontɾadea,kontɾade,kontɾademand,NL
kontɾademanda,kontɾadea,kontɾade,kontɾademand,NL
kontɾademanda,kontɾadea,kontɾade,kontɾademand,NL
kontɾademanda,kontɾadea,kontɾade,kontɾademand,NL
kontɾademanda,kontɾadea,kontɾade,kontɾademand,NL
kontɾademanda,kontɾadea,kontɾade,kontɾademand,NL
kontɾademanda,kontɾadea,kontɾade,kontɾademand,NL
kontɾademanda,kontɾadea,kontɾade,kontɾademand,NL
kontɾademanda,kontɾadea,kontɾade,kontɾademand,NL
kontɾademanda,kontɾadea,kontɾade,kontɾademand,NL
kontɾademanda,kontɾadea,kontɾade,kontɾademand,NL
kontɾademanda,kontɾadea,kontɾade,kontɾademand,NL
kontɾademanda,kontɾadea,kontɾade,kontɾademand,NL
kontɾademanda,kontɾadea,kontɾade,kontɾademand,NL
kontɾademanda,kontɾadea,kontɾade,kontɾademand,NL
kontɾademanda,kontɾadea,kontɾade,kontɾademand,NL
kontɾademanda,kontɾadea,kontɾade,kontɾademand,NL
kontɾademanda,kontɾadea,kontɾade,kontɾademand,NL
kontɾademanda,kontɾadea,kontɾade,kontɾademand,NL
kontɾademanda,kontɾadea,kontɾade,kontɾademand,NL
kontɾademanda,kontɾadea,kontɾade,kontɾademand,NL
kontɾademanda,kontɾadea,kontɾade,kontɾademand,NL
kontɾademanda,kontɾadea,kontɾade,kontɾademand,NL
kontɾademanda,kontɾadea,kontɾade,kontɾademand,NL
kontɾademandejs,kontɾadean,kontɾade,kontɾademand,NL
kontɾademandejs,kontɾadeanɡajs,kontɾadeanɡ,kontɾademand,NL
kontɾademandejs,kontɾadeanɡajs,kontɾadeanɡ,kontɾademand,NL
kontɾademandejs,kontɾadeanɡajs,kontɾadeanɡ,kontɾademand,NL
kontɾademandejs,kontɾadeejs,kontɾade,kontɾademand,NL
kontɾademandejs,kontɾadeanɡajs,kontɾadeanɡ,kontɾademand,NL
kontɾademandejs,kontɾadeanɡajs,kontɾadeanɡ,kontɾademand,NL
kontɾademandejs,kontɾadeanɡajs,kontɾadeanɡ,kontɾademand,NL
kontɾademandejs,kontɾadeanɡajs,kontɾadeanɡ,kontɾademand,NL
kontɾademandejs,kontɾadeanɡajs,kontɾadeanɡ,kontɾademand,NL
kontɾademandejs,kontɾadeanɡajs,kontɾadeanɡ,kontɾademand,NL
kontɾademandejs,kontɾadeanɡajs,kontɾadeanɡ,kontɾademand,NL
kontɾademandejs,kontɾadeanɡajs,kontɾadeanɡ,kontɾademand,NL
kontɾademandejs,kontɾadeejs,kontɾade,kontɾademand,NL
kontɾademandejs,kontɾadeanɡajs,kontɾadeanɡ,kontɾademand,NL
kontɾademandejs,kontɾadeanɡajs,kontɾadeanɡ,kontɾademand,NL
kontɾademandejs,kontɾadeanɡajs,kontɾadeanɡ,kontɾademand,NL
kontɾademandejs,kontɾadeanɡajs,kontɾadeanɡ,kontɾademand,NL
kontɾademandejs,kontɾadean,kontɾade,kontɾademand,NL
kontɾademandejs,kontɾademejs,kontɾadem,kontɾademand,NL
kontɾademandejs,kontɾademejs,kontɾadem,kontɾademand,NL
kontɾademandejs,kontɾademejs,kontɾadem,kontɾademand,NL
kontɾademandejs,kontɾademejs,kontɾadem,kontɾademand,NL
kontɾademandejs,kontɾademejs,kontɾadem,kontɾademand,NL
kontɾademandejs,kontɾademejs,kontɾadem,kontɾademand,NL
kontɾademandejs,kontɾademejs,kontɾadem,kontɾademand,NL
kontɾademandejs,kontɾademejs,kontɾadem,kontɾademand,NL
kontɾademandejs,kontɾademejs,kontɾadem,kontɾademand,NL
kontɾademandejs,kontɾademejs,kontɾadem,kontɾademand,NL
kontɾademandejs,kontɾademejs,kontɾadem,kontɾademand,NL
kontɾademandejs,kontɾademejs,kontɾadem,kontɾademand,NL
kontɾademandejs,kontɾademejs,kontɾadem,kontɾademand,NL
kontɾademandejs,kontɾademejs,kontɾadem,kontɾademand,NL
kontɾademandejs,kontɾademejs,kontɾadem,kontɾademand,NL
kontɾademandejs,kontɾademejs,kontɾadem,kontɾademand,NL
kontɾademandejs,kontɾademejs,kontɾadem,kontɾademand,NL
kontɾademandejs,kontɾademejs,kontɾadem,kontɾademand,NL
kontɾademandejs,kontɾademejs,kontɾadem,kontɾademand,NL
kontɾademandejs,kontɾademejs,kontɾadem,kontɾademand,NL
kontɾademandejs,kontɾademejs,kontɾadem,kontɾademand,NL
kontɾademandejs,kontɾadeanɡajs,kontɾadeanɡ,kontɾademand,NL
kontɾademandejs,kontɾadeanɡajs,kontɾadeanɡ,kontɾademand,NL
kontɾademandejs,kontɾadeanɡajs,kontɾadeanɡ,kontɾademand,NL
kontɾademandejs,kontɾadeanɡajs,kontɾadeanɡ,kontɾademand,NL
kontɾademandejs,kontɾadean,kontɾade,kontɾademand,NL
kontɾademandejs,kontɾademejs,kontɾadem,kontɾademand,NL
kontɾademandejs,kontɾademejs,kontɾadem,kontɾademand,NL
kontɾademandejs,kontɾademejs,kontɾadem,kontɾademand,NL
kontɾademandejs,kontɾademejs,kontɾadem,kontɾademand,NL
kontɾademandejs,kontɾademejs,kontɾadem,kontɾademand,NL
kontɾademandejs,kontɾademejs,kontɾadem,kontɾademand,NL
kontɾademandejs,kontɾademejs,kontɾadem,kontɾademand,NL
kontɾademandejs,kontɾademejs,kontɾadem,kontɾademand,NL
kontɾademandejs,kontɾademejs,kontɾadem,kontɾademand,NL
kontɾademandejs,kontɾademejs,kontɾadem,kontɾademand,NL
kontɾademandemos,kontɾadean,kontɾade,kontɾademand,NL
kontɾademandemos,kontɾadememos,kontɾadem,kontɾademand,NL
kontɾademandemos,kontɾadememos,kontɾadem,kontɾademand,NL
kontɾademandemos,kontɾadeanɡamos,kontɾadeanɡ,kontɾademand,NL
kontɾademandemos,kontɾadean,kontɾade,kontɾademand,NL
kontɾademandemos,kontɾadememos,kontɾadem,kontɾademand,NL
kontɾademandemos,kontɾadememos,kontɾadem,kontɾademand,NL
kontɾademandemos,kontɾadeanɡamos,kontɾadeanɡ,kontɾademand,NL
kontɾademandemos,kontɾadeanɡamos,kontɾadeanɡ,kontɾademand,NL
kontɾademandemos,kontɾadeanɡamos,kontɾadeanɡ,kontɾademand,NL
kontɾademandemos,kontɾadean,kontɾade,kontɾademand,NL
kontɾademandemos,kontɾadean,kontɾade,kontɾademand,NL
kontɾademandemos,kontɾadean,kontɾade,kontɾademand,NL
kontɾademandemos,kontɾadean,kontɾade,kontɾademand,NL
kontɾademandemos,kontɾadean,kontɾade,kontɾademand,NL
kontɾademandemos,kontɾadean,kontɾade,kontɾademand,NL
kontɾademandemos,kontɾadean,kontɾade,kontɾademand,NL
kontɾademandemos,kontɾadean,kontɾade,kontɾademand,NL
kontɾademandemos,kontɾadean,kontɾade,kontɾademand,NL
kontɾademandemos,kontɾadememos,kontɾadem,kontɾademand,NL
kontɾademandemos,kontɾadememos,kontɾadem,kontɾademand,NL
kontɾademandemos,kontɾadememos,kontɾadem,kontɾademand,NL
kontɾademandemos,kontɾadememos,kontɾadem,kontɾademand,NL
kontɾademandemos,kontɾadememos,kontɾadem,kontɾademand,NL
kontɾademandemos,kontɾadememos,kontɾadem,kontɾademand,NL
kontɾademandemos,kontɾadememos,kontɾadem,kontɾademand,NL
kontɾademandemos,kontɾadememos,kontɾadem,kontɾademand,NL
kontɾademandemos,kontɾadememos,kontɾadem,kontɾademand,NL
kontɾademandemos,kontɾadememos,kontɾadem,kontɾademand,NL
kontɾademandemos,kontɾadememos,kontɾadem,kontɾademand,NL
kontɾademandemos,kontɾadememos,kontɾadem,kontɾademand,NL
kontɾademandemos,kontɾadememos,kontɾadem,kontɾademand,NL
kontɾademandemos,kontɾadememos,kontɾadem,kontɾademand,NL
kontɾademandemos,kontɾadememos,kontɾadem,kontɾademand,NL
kontɾademandemos,kontɾadememos,kontɾadem,kontɾademand,NL
kontɾademandemos,kontɾadememos,kontɾadem,kontɾademand,NL
kontɾademandemos,kontɾadememos,kontɾadem,kontɾademand,NL
kontɾademandemos,kontɾadememos,kontɾadem,kontɾademand,NL
kontɾademandemos,kontɾadememos,kontɾadem,kontɾademand,NL
kontɾademandemos,kontɾadememos,kontɾadem,kontɾademand,NL
kontɾademandemos,kontɾadememos,kontɾadem,kontɾademand,NL
kontɾademandemos,kontɾadememos,kontɾadem,kontɾademand,NL
kontɾademandemos,kontɾadeanɡamos,kontɾadeanɡ,kontɾademand,NL
kontɾademandemos,kontɾadememos,kontɾadem,kontɾademand,NL
kontɾademandemos,kontɾadeanɡamos,kontɾadeanɡ,kontɾademand,NL
kontɾademandemos,kontɾadememos,kontɾadem,kontɾademand,NL
kontɾademandemos,kontɾadememos,kontɾadem,kontɾademand,NL
kontɾademandemos,kontɾadememos,kontɾadem,kontɾademand,NL
kontɾademandemos,kontɾadememos,kontɾadem,kontɾademand,NL
kontɾademandemos,kontɾadememos,kontɾadem,kontɾademand,NL
kontɾademandemos,kontɾadememos,kontɾadem,kontɾademand,NL
kontɾademandemos,kontɾadememos,kontɾadem,kontɾademand,NL
kontɾademandemos,kontɾadememos,kontɾadem,kontɾademand,NL
kontɾademandemos,kontɾadememos,kontɾadem,kontɾademand,NL
kontɾademandemos,kontɾadememos,kontɾadem,kontɾademand,NL
kontɾademanden,kontɾadean,kontɾade,kontɾademand,NL
kontɾademanden,kontɾademen,kontɾadem,kontɾademand,NL
kontɾademanden,kontɾademen,kontɾadem,kontɾademand,NL
kontɾademanden,kontɾadean,kontɾade,kontɾademand,NL
kontɾademanden,kontɾademen,kontɾadem,kontɾademand,NL
kontɾademanden,kontɾadeen,kontɾade,kontɾademand,NL
kontɾademanden,kontɾademen,kontɾadem,kontɾademand,NL
kontɾademanden,kontɾademen,kontɾadem,kontɾademand,NL
kontɾademanden,kontɾademen,kontɾadem,kontɾademand,NL
kontɾademanden,kontɾademen,kontɾadem,kontɾademand,NL
kontɾademanden,kontɾademen,kontɾadem,kontɾademand,NL
kontɾademanden,kontɾademen,kontɾadem,kontɾademand,NL
kontɾademanden,kontɾadean,kontɾade,kontɾademand,NL
kontɾademanden,kontɾadeen,kontɾade,kontɾademand,NL
kontɾademanden,kontɾademen,kontɾadem,kontɾademand,NL
kontɾademanden,kontɾademen,kontɾadem,kontɾademand,NL
kontɾademanden,kontɾadean,kontɾade,kontɾademand,NL
kontɾademanden,kontɾadean,kontɾade,kontɾademand,NL
kontɾademanden,kontɾadean,kontɾade,kontɾademand,NL
kontɾademanden,kontɾademen,kontɾadem,kontɾademand,NL
kontɾademanden,kontɾademen,kontɾadem,kontɾademand,NL
kontɾademanden,kontɾademen,kontɾadem,kontɾademand,NL
kontɾademanden,kontɾademen,kontɾadem,kontɾademand,NL
kontɾademanden,kontɾademen,kontɾadem,kontɾademand,NL
kontɾademanden,kontɾademen,kontɾadem,kontɾademand,NL
kontɾademanden,kontɾademen,kontɾadem,kontɾademand,NL
kontɾademanden,kontɾademen,kontɾadem,kontɾademand,NL
kontɾademanden,kontɾademen,kontɾadem,kontɾademand,NL
kontɾademanden,kontɾademen,kontɾadem,kontɾademand,NL
kontɾademanden,kontɾademen,kontɾadem,kontɾademand,NL
kontɾademanden,kontɾademen,kontɾadem,kontɾademand,NL
kontɾademanden,kontɾademen,kontɾadem,kontɾademand,NL
kontɾademanden,kontɾademen,kontɾadem,kontɾademand,NL
kontɾademanden,kontɾademen,kontɾadem,kontɾademand,NL
kontɾademanden,kontɾademen,kontɾadem,kontɾademand,NL
kontɾademanden,kontɾademen,kontɾadem,kontɾademand,NL
kontɾademanden,kontɾademen,kontɾadem,kontɾademand,NL
kontɾademanden,kontɾademen,kontɾadem,kontɾademand,NL
kontɾademanden,kontɾademen,kontɾadem,kontɾademand,NL
kontɾademanden,kontɾademen,kontɾadem,kontɾademand,NL
kontɾademanden,kontɾademen,kontɾadem,kontɾademand,NL
kontɾademanden,kontɾademen,kontɾadem,kontɾademand,NL
kontɾademanden,kontɾademen,kontɾadem,kontɾademand,NL
kontɾademanden,kontɾademen,kontɾadem,kontɾademand,NL
kontɾademanden,kontɾademen,kontɾadem,kontɾademand,NL
kontɾademanden,kontɾademen,kontɾadem,kontɾademand,NL
kontɾademanden,kontɾademen,kontɾadem,kontɾademand,NL
kontɾademanden,kontɾademen,kontɾadem,kontɾademand,NL
kontɾademanden,kontɾadean,kontɾade,kontɾademand,NL
kontɾademanden,kontɾademen,kontɾadem,kontɾademand,NL
kontɾademanden,kontɾademen,kontɾadem,kontɾademand,NL
kontɾademanden,kontɾademen,kontɾadem,kontɾademand,NL
kontɾademanden,kontɾademen,kontɾadem,kontɾademand,NL
kontɾademanden,kontɾademen,kontɾadem,kontɾademand,NL
kontɾademanden,kontɾademen,kontɾadem,kontɾademand,NL
kontɾademandes,kontɾadees,kontɾade,kontɾademand,NL
kontɾademandes,kontɾadeas,kontɾade,kontɾademand,NL
kontɾademandes,kontɾadeas,kontɾade,kontɾademand,NL
kontɾademandes,kontɾadeas,kontɾade,kontɾademand,NL
kontɾademandes,kontɾadees,kontɾade,kontɾademand,NL
kontɾademandes,kontɾadees,kontɾade,kontɾademand,NL
kontɾademandes,kontɾademes,kontɾadem,kontɾademand,NL
kontɾademandes,kontɾadeas,kontɾade,kontɾademand,NL
kontɾademandes,kontɾadeas,kontɾade,kontɾademand,NL
kontɾademandes,kontɾadeas,kontɾade,kontɾademand,NL
kontɾademandes,kontɾadeas,kontɾade,kontɾademand,NL
kontɾademandes,kontɾadeas,kontɾade,kontɾademand,NL
kontɾademandes,kontɾadeas,kontɾade,kontɾademand,NL
kontɾademandes,kontɾademes,kontɾadem,kontɾademand,NL
kontɾademandes,kontɾadeas,kontɾade,kontɾademand,NL
kontɾademandes,kontɾadeas,kontɾade,kontɾademand,NL
kontɾademandes,kontɾadeas,kontɾade,kontɾademand,NL
kontɾademandes,kontɾadeas,kontɾade,kontɾademand,NL
kontɾademandes,kontɾadeas,kontɾade,kontɾademand,NL
kontɾademandes,kontɾademes,kontɾadem,kontɾademand,NL
kontɾademandes,kontɾademes,kontɾadem,kontɾademand,NL
kontɾademandes,kontɾademes,kontɾadem,kontɾademand,NL
kontɾademandes,kontɾademes,kontɾadem,kontɾademand,NL
kontɾademandes,kontɾademes,kontɾadem,kontɾademand,NL
kontɾademandes,kontɾademes,kontɾadem,kontɾademand,NL
kontɾademandes,kontɾademes,kontɾadem,kontɾademand,NL
kontɾademandes,kontɾademes,kontɾadem,kontɾademand,NL
kontɾademandes,kontɾademes,kontɾadem,kontɾademand,NL
kontɾademandes,kontɾademes,kontɾadem,kontɾademand,NL
kontɾademandes,kontɾademes,kontɾadem,kontɾademand,NL
kontɾademandes,kontɾademes,kontɾadem,kontɾademand,NL
kontɾademandes,kontɾademes,kontɾadem,kontɾademand,NL
kontɾademandes,kontɾademes,kontɾadem,kontɾademand,NL
kontɾademandes,kontɾademes,kontɾadem,kontɾademand,NL
kontɾademandes,kontɾademes,kontɾadem,kontɾademand,NL
kontɾademandes,kontɾademes,kontɾadem,kontɾademand,NL
kontɾademandes,kontɾademes,kontɾadem,kontɾademand,NL
kontɾademandes,kontɾademes,kontɾadem,kontɾademand,NL
kontɾademandes,kontɾademes,kontɾadem,kontɾademand,NL
kontɾademandes,kontɾademes,kontɾadem,kontɾademand,NL
kontɾademandes,kontɾadees,kontɾade,kontɾademand,NL
kontɾademandes,kontɾademes,kontɾadem,kontɾademand,NL
kontɾademandes,kontɾadeas,kontɾade,kontɾademand,NL
kontɾademandes,kontɾadeas,kontɾade,kontɾademand,NL
kontɾademandes,kontɾadeas,kontɾade,kontɾademand,NL
kontɾademandes,kontɾademes,kontɾadem,kontɾademand,NL
kontɾademandes,kontɾadeas,kontɾade,kontɾademand,NL
kontɾademandes,kontɾadeas,kontɾade,kontɾademand,NL
kontɾademandes,kontɾadeas,kontɾade,kontɾademand,NL
kontɾademandes,kontɾademes,kontɾadem,kontɾademand,NL
kontɾademandes,kontɾademes,kontɾadem,kontɾademand,NL
kontɾademandes,kontɾademes,kontɾadem,kontɾademand,NL
kontɾademandes,kontɾademes,kontɾadem,kontɾademand,NL
kontɾademandes,kontɾademes,kontɾadem,kontɾademand,NL
kontɾademandes,kontɾademes,kontɾadem,kontɾademand,NL
kontɾademande,kontɾadea,kontɾade,kontɾademand,NL
kontɾademande,kontɾademe,kontɾadem,kontɾademand,NL
kontɾademande,kontɾademe,kontɾadem,kontɾademand,NL
kontɾademande,kontɾadea,kontɾade,kontɾademand,NL
kontɾademande,kontɾademe,kontɾadem,kontɾademand,NL
kontɾademande,kontɾadea,kontɾade,kontɾademand,NL
kontɾademande,kontɾademe,kontɾadem,kontɾademand,NL
kontɾademande,kontɾademe,kontɾadem,kontɾademand,NL
kontɾademande,kontɾadea,kontɾade,kontɾademand,NL
kontɾademande,kontɾademe,kontɾadem,kontɾademand,NL
kontɾademande,kontɾademe,kontɾadem,kontɾademand,NL
kontɾademande,kontɾademe,kontɾadem,kontɾademand,NL
kontɾademande,kontɾadea,kontɾade,kontɾademand,NL
kontɾademande,kontɾadea,kontɾade,kontɾademand,NL
kontɾademande,kontɾadea,kontɾade,kontɾademand,NL
kontɾademande,kontɾademe,kontɾadem,kontɾademand,NL
kontɾademande,kontɾademe,kontɾadem,kontɾademand,NL
kontɾademande,kontɾadea,kontɾade,kontɾademand,NL
kontɾademande,kontɾadea,kontɾade,kontɾademand,NL
kontɾademande,kontɾademe,kontɾadem,kontɾademand,NL
kontɾademande,kontɾademe,kontɾadem,kontɾademand,NL
kontɾademande,kontɾademe,kontɾadem,kontɾademand,NL
kontɾademande,kontɾademe,kontɾadem,kontɾademand,NL
kontɾademande,kontɾademe,kontɾadem,kontɾademand,NL
kontɾademande,kontɾademe,kontɾadem,kontɾademand,NL
kontɾademande,kontɾademe,kontɾadem,kontɾademand,NL
kontɾademande,kontɾademe,kontɾadem,kontɾademand,NL
kontɾademande,kontɾademe,kontɾadem,kontɾademand,NL
kontɾademande,kontɾademe,kontɾadem,kontɾademand,NL
kontɾademande,kontɾademe,kontɾadem,kontɾademand,NL
kontɾademande,kontɾademe,kontɾadem,kontɾademand,NL
kontɾademande,kontɾademe,kontɾadem,kontɾademand,NL
kontɾademande,kontɾademe,kontɾadem,kontɾademand,NL
kontɾademande,kontɾademe,kontɾadem,kontɾademand,NL
kontɾademande,kontɾademe,kontɾadem,kontɾademand,NL
kontɾademande,kontɾademe,kontɾadem,kontɾademand,NL
kontɾademande,kontɾademe,kontɾadem,kontɾademand,NL
kontɾademande,kontɾademe,kontɾadem,kontɾademand,NL
kontɾademande,kontɾademe,kontɾadem,kontɾademand,NL
kontɾademande,kontɾademe,kontɾadem,kontɾademand,NL
kontɾademande,kontɾadea,kontɾade,kontɾademand,NL
kontɾademande,kontɾademe,kontɾadem,kontɾademand,NL
kontɾademande,kontɾademe,kontɾadem,kontɾademand,NL
kontɾademande,kontɾademe,kontɾadem,kontɾademand,NL
kontɾademande,kontɾademe,kontɾadem,kontɾademand,NL
kontɾademande,kontɾademe,kontɾadem,kontɾademand,NL
kontɾademande,kontɾademe,kontɾadem,kontɾademand,NL
kontɾademande,kontɾademe,kontɾadem,kontɾademand,NL
kontɾademande,kontɾademe,kontɾadem,kontɾademand,NL
kontɾademande,kontɾademe,kontɾadem,kontɾademand,NL
kontɾademande,kontɾademe,kontɾadem,kontɾademand,NL
kontɾademande,kontɾademe,kontɾadem,kontɾademand,NL
kontɾademande,kontɾademe,kontɾadem,kontɾademand,NL
kontɾademande,kontɾademe,kontɾadem,kontɾademand,NL
kontɾademande,kontɾademe,kontɾadem,kontɾademand,NL
kontɾademande,kontɾadea,kontɾade,kontɾademand,NL
kontɾademande,kontɾademe,kontɾadem,kontɾademand,NL
kontɾademande,kontɾademe,kontɾadem,kontɾademand,NL
kontɾademande,kontɾadea,kontɾade,kontɾademand,NL
kontɾademande,kontɾademe,kontɾadem,kontɾademand,NL
kontɾademande,kontɾadea,kontɾade,kontɾademand,NL
kontɾademande,kontɾademe,kontɾadem,kontɾademand,NL
kontɾademande,kontɾademe,kontɾadem,kontɾademand,NL
kontɾademande,kontɾademe,kontɾadem,kontɾademand,NL
kontɾademande,kontɾademe,kontɾadem,kontɾademand,NL
kontɾademande,kontɾademe,kontɾadem,kontɾademand,NL
kontɾademande,kontɾademe,kontɾadem,kontɾademand,NL
kontɾademande,kontɾademe,kontɾadem,kontɾademand,NL
kontɾademande,kontɾadea,kontɾade,kontɾademand,NL
kontɾademande,kontɾadea,kontɾade,kontɾademand,NL
kontɾademande,kontɾademe,kontɾadem,kontɾademand,NL
kontɾademande,kontɾademe,kontɾadem,kontɾademand,NL
kontɾademande,kontɾademe,kontɾadem,kontɾademand,NL
kontɾademande,kontɾademe,kontɾadem,kontɾademand,NL
kontɾademande,kontɾademe,kontɾadem,kontɾademand,NL
kontɾademande,kontɾademe,kontɾadem,kontɾademand,NL
kontɾademande,kontɾademe,kontɾadem,kontɾademand,NL
kontɾademande,kontɾademe,kontɾadem,kontɾademand,NL
kontɾademande,kontɾademe,kontɾadem,kontɾademand,NL
kontɾademande,kontɾademe,kontɾadem,kontɾademand,NL
kontɾademande,kontɾademe,kontɾadem,kontɾademand,NL
kontɾademande,kontɾademe,kontɾadem,kontɾademand,NL
kontɾademande,kontɾademe,kontɾadem,kontɾademand,NL
kontɾademande,kontɾademe,kontɾadem,kontɾademand,NL
kontɾademande,kontɾademe,kontɾadem,kontɾademand,NL
kontɾademande,kontɾademe,kontɾadem,kontɾademand,NL
kontɾademande,kontɾademe,kontɾadem,kontɾademand,NL
kontɾademande,kontɾademe,kontɾadem,kontɾademand,NL
kontɾademande,kontɾademe,kontɾadem,kontɾademand,NL
kontɾademande,kontɾademe,kontɾadem,kontɾademand,NL
kontɾademande,kontɾademe,kontɾadem,kontɾademand,NL
kontɾademande,kontɾademe,kontɾadem,kontɾademand,NL
kontɾademande,kontɾademe,kontɾadem,kontɾademand,NL
kontɾademande,kontɾademe,kontɾadem,kontɾademand,NL
kontɾademande,kontɾademe,kontɾadem,kontɾademand,NL
kontɾademande,kontɾadea,kontɾade,kontɾademand,NL
kontɾademande,kontɾademe,kontɾadem,kontɾademand,NL
kontɾademande,kontɾademe,kontɾadem,kontɾademand,NL
kontɾademande,kontɾademe,kontɾadem,kontɾademand,NL
kontɾademande,kontɾademe,kontɾadem,kontɾademand,NL
kontɾademande,kontɾademe,kontɾadem,kontɾademand,NL
kontɾademande,kontɾademe,kontɾadem,kontɾademand,NL
kontɾademande,kontɾademe,kontɾadem,kontɾademand,NL
kontɾademande,kontɾademe,kontɾadem,kontɾademand,NL
kontɾademande,kontɾademe,kontɾadem,kontɾademand,NL
kontɾademande,kontɾademe,kontɾadem,kontɾademand,NL
kontɾademande,kontɾademe,kontɾadem,kontɾademand,NL
kontɾademande,kontɾademe,kontɾadem,kontɾademand,NL
kontɾademande,kontɾademe,kontɾadem,kontɾademand,NL
kontɾademande,kontɾademe,kontɾadem,kontɾademand,NL
kontɾademando,kontɾademo,kontɾadem,kontɾademand,NL
kontɾademando,kontɾademo,kontɾadem,kontɾademand,NL
kontɾademando,kontɾademo,kontɾadem,kontɾademand,NL
kontɾademando,kontɾadeto,kontɾadet,kontɾademand,NL
kontɾademando,kontɾademo,kontɾadem,kontɾademand,NL
kontɾademando,kontɾademo,kontɾadem,kontɾademand,NL
kontɾademando,kontɾademo,kontɾadem,kontɾademand,NL
kontɾademando,kontɾademo,kontɾadem,kontɾademand,NL
kontɾademando,kontɾadeto,kontɾadet,kontɾademand,NL
kontɾademando,kontɾadeto,kontɾadet,kontɾademand,NL
kontɾademando,kontɾademo,kontɾadem,kontɾademand,NL
kontɾademando,kontɾademo,kontɾadem,kontɾademand,NL
kontɾademando,kontɾadeto,kontɾadet,kontɾademand,NL
kontɾademando,kontɾademo,kontɾadem,kontɾademand,NL
kontɾademando,kontɾademo,kontɾadem,kontɾademand,NL
kontɾademando,kontɾademo,kontɾadem,kontɾademand,NL
kontɾademando,kontɾademo,kontɾadem,kontɾademand,NL
kontɾademando,kontɾadeto,kontɾadet,kontɾademand,NL
kontɾademando,kontɾadeto,kontɾadet,kontɾademand,NL
kontɾademando,kontɾademo,kontɾadem,kontɾademand,NL
kontɾademando,kontɾademo,kontɾadem,kontɾademand,NL
kontɾademando,kontɾademo,kontɾadem,kontɾademand,NL
kontɾademando,kontɾademo,kontɾadem,kontɾademand,NL
kontɾademando,kontɾademo,kontɾadem,kontɾademand,NL
kontɾademando,kontɾademo,kontɾadem,kontɾademand,NL
kontɾademando,kontɾademo,kontɾadem,kontɾademand,NL
kontɾademando,kontɾademo,kontɾadem,kontɾademand,NL
kontɾademando,kontɾademo,kontɾadem,kontɾademand,NL
kontɾademando,kontɾademo,kontɾadem,kontɾademand,NL
kontɾademando,kontɾademo,kontɾadem,kontɾademand,NL
kontɾademando,kontɾademo,kontɾadem,kontɾademand,NL
kontɾademando,kontɾademo,kontɾadem,kontɾademand,NL
kontɾademando,kontɾademo,kontɾadem,kontɾademand,NL
kontɾademando,kontɾademo,kontɾadem,kontɾademand,NL
kontɾademando,kontɾademo,kontɾadem,kontɾademand,NL
kontɾademando,kontɾademo,kontɾadem,kontɾademand,NL
kontɾademando,kontɾademo,kontɾadem,kontɾademand,NL
kontɾademando,kontɾademo,kontɾadem,kontɾademand,NL
kontɾademando,kontɾademo,kontɾadem,kontɾademand,NL
kontɾademando,kontɾademo,kontɾadem,kontɾademand,NL
kontɾademando,kontɾademo,kontɾadem,kontɾademand,NL
kontɾademando,kontɾademo,kontɾadem,kontɾademand,NL
kontɾademando,kontɾademo,kontɾadem,kontɾademand,NL
kontɾademando,kontɾademo,kontɾadem,kontɾademand,NL
kontɾademando,kontɾademo,kontɾadem,kontɾademand,NL
kontɾademando,kontɾademo,kontɾadem,kontɾademand,NL
kontɾademando,kontɾademo,kontɾadem,kontɾademand,NL
kontɾademando,kontɾademo,kontɾadem,kontɾademand,NL
kontɾademando,kontɾademo,kontɾadem,kontɾademand,NL
kontɾademando,kontɾademo,kontɾadem,kontɾademand,NL
kontɾademando,kontɾademo,kontɾadem,kontɾademand,NL
kontɾademando,kontɾademo,kontɾadem,kontɾademand,NL
kontɾademando,kontɾademo,kontɾadem,kontɾademand,NL
kontɾademando,kontɾademo,kontɾadem,kontɾademand,NL
kontɾademando,kontɾademo,kontɾadem,kontɾademand,NL
kɾispajs,kɾispajs,kɾisp,kɾisp,NL
kɾispajs,kɾispajs,kɾisp,kɾisp,NL
kɾispajs,kɾispajs,kɾisp,kɾisp,NL
kɾispajs,kɾispajs,kɾisp,kɾisp,NL
kɾispajs,kɾispajs,kɾisp,kɾisp,NL
kɾispajs,kɾispajs,kɾisp,kɾisp,NL
kɾispajs,kɾispajs,kɾisp,kɾisp,NL
kɾispajs,kɾispajs,kɾisp,kɾisp,NL
kɾispajs,kɾispajs,kɾisp,kɾisp,NL
kɾispajs,kɾispajs,kɾisp,kɾisp,NL
kɾispajs,kɾispajs,kɾisp,kɾisp,NL
kɾispajs,kɾispajs,kɾisp,kɾisp,NL
kɾispajs,kɾispajs,kɾisp,kɾisp,NL
kɾispajs,kɾispajs,kɾisp,kɾisp,NL
kɾispajs,kɾispajs,kɾisp,kɾisp,NL
kɾispajs,kɾispajs,kɾisp,kɾisp,NL
kɾispajs,kɾispajs,kɾisp,kɾisp,NL
kɾispajs,kɾispajs,kɾisp,kɾisp,NL
kɾispajs,kɾispajs,kɾisp,kɾisp,NL
kɾispajs,kɾispajs,kɾisp,kɾisp,NL
kɾispajs,kɾispajs,kɾisp,kɾisp,NL
kɾispajs,kɾispajs,kɾisp,kɾisp,NL
kɾispajs,kɾispajs,kɾisp,kɾisp,NL
kɾispajs,kɾispajs,kɾisp,kɾisp,NL
kɾispajs,kɾispajs,kɾisp,kɾisp,NL
kɾispajs,kɾispajs,kɾisp,kɾisp,NL
kɾispajs,kɾispajs,kɾisp,kɾisp,NL
kɾispajs,kɾispajs,kɾisp,kɾisp,NL
kɾispajs,kɾispajs,kɾisp,kɾisp,NL
kɾispajs,kɾispajs,kɾisp,kɾisp,NL
kɾispajs,kɾispajs,kɾisp,kɾisp,NL
kɾispajs,kɾispajs,kɾisp,kɾisp,NL
kɾispajs,kɾispajs,kɾisp,kɾisp,NL
kɾispajs,kɾispajs,kɾisp,kɾisp,NL
kɾispajs,kɾispajs,kɾisp,kɾisp,NL
kɾispajs,kɾispajs,kɾisp,kɾisp,NL
kɾispajs,kɾispajs,kɾisp,kɾisp,NL
kɾispajs,kɾispajs,kɾisp,kɾisp,NL
kɾispajs,kɾispajs,kɾisp,kɾisp,NL
kɾispajs,kɾispajs,kɾisp,kɾisp,NL
kɾispajs,kɾispajs,kɾisp,kɾisp,NL
kɾispajs,kɾispajs,kɾisp,kɾisp,NL
kɾispajs,kɾispajs,kɾisp,kɾisp,NL
kɾispajs,kɾispajs,kɾisp,kɾisp,NL
kɾispajs,kɾispajs,kɾisp,kɾisp,NL
kɾispajs,kɾispajs,kɾisp,kɾisp,NL
kɾispajs,kɾispajs,kɾisp,kɾisp,NL
kɾispajs,kɾispajs,kɾisp,kɾisp,NL
kɾispajs,kɾispajs,kɾisp,kɾisp,NL
kɾispajs,kɾispajs,kɾisp,kɾisp,NL
kɾispajs,kɾispajs,kɾisp,kɾisp,NL
kɾispajs,kɾispajs,kɾisp,kɾisp,NL
kɾispajs,kɾispajs,kɾisp,kɾisp,NL
kɾispajs,kɾispajs,kɾisp,kɾisp,NL
kɾispajs,kɾispajs,kɾisp,kɾisp,NL
kɾispamos,kɾispamos,kɾisp,kɾisp,NL
kɾispamos,kɾispamos,kɾisp,kɾisp,NL
kɾispamos,kɾispamos,kɾisp,kɾisp,NL
kɾispamos,kɾispamos,kɾisp,kɾisp,NL
kɾispamos,kɾispamos,kɾisp,kɾisp,NL
kɾispamos,kɾispamos,kɾisp,kɾisp,NL
kɾispamos,kɾispamos,kɾisp,kɾisp,NL
kɾispamos,kɾispamos,kɾisp,kɾisp,NL
kɾispamos,kɾispamos,kɾisp,kɾisp,NL
kɾispamos,kɾispamos,kɾisp,kɾisp,NL
kɾispamos,kɾispamos,kɾisp,kɾisp,NL
kɾispamos,kɾispamos,kɾisp,kɾisp,NL
kɾispamos,kɾispamos,kɾisp,kɾisp,NL
kɾispamos,kɾispamos,kɾisp,kɾisp,NL
kɾispamos,kɾispamos,kɾisp,kɾisp,NL
kɾispamos,kɾispamos,kɾisp,kɾisp,NL
kɾispamos,kɾispamos,kɾisp,kɾisp,NL
kɾispamos,kɾispamos,kɾisp,kɾisp,NL
kɾispamos,kɾispamos,kɾisp,kɾisp,NL
kɾispamos,kɾispamos,kɾisp,kɾisp,NL
kɾispamos,kɾispamos,kɾisp,kɾisp,NL
kɾispamos,kɾispamos,kɾisp,kɾisp,NL
kɾispamos,kɾispamos,kɾisp,kɾisp,NL
kɾispamos,kɾispamos,kɾisp,kɾisp,NL
kɾispamos,kɾispamos,kɾisp,kɾisp,NL
kɾispamos,kɾispamos,kɾisp,kɾisp,NL
kɾispamos,kɾispamos,kɾisp,kɾisp,NL
kɾispamos,kɾispamos,kɾisp,kɾisp,NL
kɾispamos,kɾispamos,kɾisp,kɾisp,NL
kɾispamos,kɾispamos,kɾisp,kɾisp,NL
kɾispamos,kɾispamos,kɾisp,kɾisp,NL
kɾispamos,kɾispamos,kɾisp,kɾisp,NL
kɾispamos,kɾispamos,kɾisp,kɾisp,NL
kɾispamos,kɾispamos,kɾisp,kɾisp,NL
kɾispamos,kɾispamos,kɾisp,kɾisp,NL
kɾispamos,kɾispamos,kɾisp,kɾisp,NL
kɾispamos,kɾispamos,kɾisp,kɾisp,NL
kɾispamos,kɾispamos,kɾisp,kɾisp,NL
kɾispamos,kɾispamos,kɾisp,kɾisp,NL
kɾispamos,kɾispamos,kɾisp,kɾisp,NL
kɾispamos,kɾispamos,kɾisp,kɾisp,NL
kɾispamos,kɾispamos,kɾisp,kɾisp,NL
kɾispamos,kɾispamos,kɾisp,kɾisp,NL
kɾispamos,kɾispamos,kɾisp,kɾisp,NL
kɾispamos,kɾispamos,kɾisp,kɾisp,NL
kɾispamos,kɾispamos,kɾisp,kɾisp,NL
kɾispamos,kɾispamos,kɾisp,kɾisp,NL
kɾispamos,kɾispamos,kɾisp,kɾisp,NL
kɾispamos,kɾispamos,kɾisp,kɾisp,NL
kɾispamos,kɾispamos,kɾisp,kɾisp,NL
kɾispamos,kɾispamos,kɾisp,kɾisp,NL
kɾispamos,kɾispamos,kɾisp,kɾisp,NL
kɾispamos,kɾispamos,kɾisp,kɾisp,NL
kɾispamos,kɾispamos,kɾisp,kɾisp,NL
kɾispamos,kɾispamos,kɾisp,kɾisp,NL
kɾispan,kɾispan,kɾisp,kɾisp,NL
kɾispan,kɾispan,kɾisp,kɾisp,NL
kɾispan,kɾispan,kɾisp,kɾisp,NL
kɾispan,kɾispan,kɾisp,kɾisp,NL
kɾispan,kɾispan,kɾisp,kɾisp,NL
kɾispan,kɾispan,kɾisp,kɾisp,NL
kɾispan,kɾispan,kɾisp,kɾisp,NL
kɾispan,kɾispan,kɾisp,kɾisp,NL
kɾispan,kɾispan,kɾisp,kɾisp,NL
kɾispan,kɾispan,kɾisp,kɾisp,NL
kɾispan,kɾispan,kɾisp,kɾisp,NL
kɾispan,kɾispan,kɾisp,kɾisp,NL
kɾispan,kɾispean,kɾispe,kɾisp,NL
kɾispan,kɾispean,kɾispe,kɾisp,NL
kɾispan,kɾispan,kɾisp,kɾisp,NL
kɾispan,kɾispan,kɾisp,kɾisp,NL
kɾispan,kɾispan,kɾisp,kɾisp,NL
kɾispan,kɾispan,kɾisp,kɾisp,NL
kɾispan,kɾispan,kɾisp,kɾisp,NL
kɾispan,kɾispan,kɾisp,kɾisp,NL
kɾispan,kɾispan,kɾisp,kɾisp,NL
kɾispan,kɾispan,kɾisp,kɾisp,NL
kɾispan,kɾispan,kɾisp,kɾisp,NL
kɾispan,kɾispan,kɾisp,kɾisp,NL
kɾispan,kɾispan,kɾisp,kɾisp,NL
kɾispan,kɾispan,kɾisp,kɾisp,NL
kɾispan,kɾispan,kɾisp,kɾisp,NL
kɾispan,kɾispan,kɾisp,kɾisp,NL
kɾispan,kɾispan,kɾisp,kɾisp,NL
kɾispan,kɾispan,kɾisp,kɾisp,NL
kɾispan,kɾispan,kɾisp,kɾisp,NL
kɾispan,kɾispan,kɾisp,kɾisp,NL
kɾispan,kɾispan,kɾisp,kɾisp,NL
kɾispan,kɾispan,kɾisp,kɾisp,NL
kɾispan,kɾispean,kɾispe,kɾisp,NL
kɾispan,kɾispean,kɾispe,kɾisp,NL
kɾispan,kɾispean,kɾispe,kɾisp,NL
kɾispan,kɾispan,kɾisp,kɾisp,NL
kɾispan,kɾispan,kɾisp,kɾisp,NL
kɾispan,kɾispan,kɾisp,kɾisp,NL
kɾispan,kɾispean,kɾispe,kɾisp,NL
kɾispan,kɾispean,kɾispe,kɾisp,NL
kɾispan,kɾispan,kɾisp,kɾisp,NL
kɾispan,kɾispan,kɾisp,kɾisp,NL
kɾispan,kɾispan,kɾisp,kɾisp,NL
kɾispan,kɾispan,kɾisp,kɾisp,NL
kɾispan,kɾispan,kɾisp,kɾisp,NL
kɾispan,kɾispan,kɾisp,kɾisp,NL
kɾispan,kɾispan,kɾisp,kɾisp,NL
kɾispan,kɾispan,kɾisp,kɾisp,NL
kɾispan,kɾispan,kɾisp,kɾisp,NL
kɾispan,kɾispan,kɾisp,kɾisp,NL
kɾispan,kɾispan,kɾisp,kɾisp,NL
kɾispan,kɾispan,kɾisp,kɾisp,NL
kɾispan,kɾispan,kɾisp,kɾisp,NL
kɾispas,kɾispas,kɾisp,kɾisp,NL
kɾispas,kɾispas,kɾisp,kɾisp,NL
kɾispas,kɾispas,kɾisp,kɾisp,NL
kɾispas,kɾispas,kɾisp,kɾisp,NL
kɾispas,kɾispas,kɾisp,kɾisp,NL
kɾispas,kɾispas,kɾisp,kɾisp,NL
kɾispas,kɾispas,kɾisp,kɾisp,NL
kɾispas,kɾispas,kɾisp,kɾisp,NL
kɾispas,kɾispas,kɾisp,kɾisp,NL
kɾispas,kɾispas,kɾisp,kɾisp,NL
kɾispas,kɾispas,kɾisp,kɾisp,NL
kɾispas,kɾispas,kɾisp,kɾisp,NL
kɾispas,kɾispas,kɾisp,kɾisp,NL
kɾispas,kɾispas,kɾisp,kɾisp,NL
kɾispas,kɾispas,kɾisp,kɾisp,NL
kɾispas,kɾispas,kɾisp,kɾisp,NL
kɾispas,kɾispas,kɾisp,kɾisp,NL
kɾispas,kɾispas,kɾisp,kɾisp,NL
kɾispas,kɾispas,kɾisp,kɾisp,NL
kɾispas,kɾispas,kɾisp,kɾisp,NL
kɾispas,kɾispas,kɾisp,kɾisp,NL
kɾispas,kɾispas,kɾisp,kɾisp,NL
kɾispas,kɾispas,kɾisp,kɾisp,NL
kɾispas,kɾispas,kɾisp,kɾisp,NL
kɾispas,kɾispas,kɾisp,kɾisp,NL
kɾispas,kɾispas,kɾisp,kɾisp,NL
kɾispas,kɾispas,kɾisp,kɾisp,NL
kɾispas,kɾispas,kɾisp,kɾisp,NL
kɾispas,kɾispas,kɾisp,kɾisp,NL
kɾispas,kɾispas,kɾisp,kɾisp,NL
kɾispas,kɾispas,kɾisp,kɾisp,NL
kɾispas,kɾispas,kɾisp,kɾisp,NL
kɾispas,kɾispas,kɾisp,kɾisp,NL
kɾispas,kɾispas,kɾisp,kɾisp,NL
kɾispas,kɾispeas,kɾispe,kɾisp,NL
kɾispas,kɾispes,kɾisp,kɾisp,NL
kɾispas,kɾispas,kɾisp,kɾisp,NL
kɾispas,kɾispas,kɾisp,kɾisp,NL
kɾispas,kɾispas,kɾisp,kɾisp,NL
kɾispas,kɾispas,kɾisp,kɾisp,NL
kɾispas,kɾispas,kɾisp,kɾisp,NL
kɾispas,kɾispas,kɾisp,kɾisp,NL
kɾispas,kɾispas,kɾisp,kɾisp,NL
kɾispas,kɾispas,kɾisp,kɾisp,NL
kɾispas,kɾispas,kɾisp,kɾisp,NL
kɾispas,kɾispas,kɾisp,kɾisp,NL
kɾispas,kɾispas,kɾisp,kɾisp,NL
kɾispas,kɾispas,kɾisp,kɾisp,NL
kɾispas,kɾispas,kɾisp,kɾisp,NL
kɾispas,kɾispas,kɾisp,kɾisp,NL
kɾispas,kɾispas,kɾisp,kɾisp,NL
kɾispas,kɾispas,kɾisp,kɾisp,NL
kɾispas,kɾispas,kɾisp,kɾisp,NL
kɾispas,kɾispas,kɾisp,kɾisp,NL
kɾispas,kɾispas,kɾisp,kɾisp,NL
kɾispa,kɾispa,kɾisp,kɾisp,NL
kɾispa,kɾispa,kɾisp,kɾisp,NL
kɾispa,kɾispa,kɾisp,kɾisp,NL
kɾispa,kɾispa,kɾisp,kɾisp,NL
kɾispa,kɾispa,kɾisp,kɾisp,NL
kɾispa,kɾispa,kɾisp,kɾisp,NL
kɾispa,kɾispa,kɾisp,kɾisp,NL
kɾispa,kɾispa,kɾisp,kɾisp,NL
kɾispa,kɾispa,kɾisp,kɾisp,NL
kɾispa,kɾispa,kɾisp,kɾisp,NL
kɾispa,kɾispa,kɾisp,kɾisp,NL
kɾispa,kɾispa,kɾisp,kɾisp,NL
kɾispa,kɾispea,kɾispe,kɾisp,NL
kɾispa,kɾispea,kɾispe,kɾisp,NL
kɾispa,kɾispea,kɾispe,kɾisp,NL
kɾispa,kɾispa,kɾisp,kɾisp,NL
kɾispa,kɾispa,kɾisp,kɾisp,NL
kɾispa,kɾispa,kɾisp,kɾisp,NL
kɾispa,kɾispa,kɾisp,kɾisp,NL
kɾispa,kɾispa,kɾisp,kɾisp,NL
kɾispa,kɾispa,kɾisp,kɾisp,NL
kɾispa,kɾispa,kɾisp,kɾisp,NL
kɾispa,kɾispa,kɾisp,kɾisp,NL
kɾispa,kɾispa,kɾisp,kɾisp,NL
kɾispa,kɾispa,kɾisp,kɾisp,NL
kɾispa,kɾispa,kɾisp,kɾisp,NL
kɾispa,kɾispa,kɾisp,kɾisp,NL
kɾispa,kɾispa,kɾisp,kɾisp,NL
kɾispa,kɾispa,kɾisp,kɾisp,NL
kɾispa,kɾispa,kɾisp,kɾisp,NL
kɾispa,kɾispa,kɾisp,kɾisp,NL
kɾispa,kɾispa,kɾisp,kɾisp,NL
kɾispa,kɾispa,kɾisp,kɾisp,NL
kɾispa,kɾispa,kɾisp,kɾisp,NL
kɾispa,kɾispea,kɾispe,kɾisp,NL
kɾispa,kɾispea,kɾispe,kɾisp,NL
kɾispa,kɾispea,kɾispe,kɾisp,NL
kɾispa,kɾispea,kɾispe,kɾisp,NL
kɾispa,kɾispea,kɾispe,kɾisp,NL
kɾispa,kɾispea,kɾispe,kɾisp,NL
kɾispa,kɾispea,kɾispe,kɾisp,NL
kɾispa,kɾispea,kɾispe,kɾisp,NL
kɾispa,kɾispea,kɾispe,kɾisp,NL
kɾispa,kɾispea,kɾispe,kɾisp,NL
kɾispa,kɾispea,kɾispe,kɾisp,NL
kɾispa,kɾispa,kɾisp,kɾisp,NL
kɾispa,kɾispa,kɾisp,kɾisp,NL
kɾispa,kɾispa,kɾisp,kɾisp,NL
kɾispa,kɾispa,kɾisp,kɾisp,NL
kɾispa,kɾispa,kɾisp,kɾisp,NL
kɾispa,kɾispa,kɾisp,kɾisp,NL
kɾispa,kɾispa,kɾisp,kɾisp,NL
kɾispa,kɾispa,kɾisp,kɾisp,NL
kɾispa,kɾispa,kɾisp,kɾisp,NL
kɾispa,kɾispa,kɾisp,kɾisp,NL
kɾispejs,kɾispejs,kɾisp,kɾisp,NL
kɾispejs,kɾispejs,kɾisp,kɾisp,NL
kɾispejs,kɾispejs,kɾisp,kɾisp,NL
kɾispejs,kɾispejs,kɾisp,kɾisp,NL
kɾispejs,kɾispejs,kɾisp,kɾisp,NL
kɾispejs,kɾispejs,kɾisp,kɾisp,NL
kɾispejs,kɾispejs,kɾisp,kɾisp,NL
kɾispejs,kɾispejs,kɾisp,kɾisp,NL
kɾispejs,kɾispejs,kɾisp,kɾisp,NL
kɾispejs,kɾispejs,kɾisp,kɾisp,NL
kɾispejs,kɾispejs,kɾisp,kɾisp,NL
kɾispejs,kɾispejs,kɾisp,kɾisp,NL
kɾispejs,kɾispejs,kɾisp,kɾisp,NL
kɾispejs,kɾispejs,kɾisp,kɾisp,NL
kɾispejs,kɾispejs,kɾisp,kɾisp,NL
kɾispejs,kɾispejs,kɾisp,kɾisp,NL
kɾispejs,kɾispejs,kɾisp,kɾisp,NL
kɾispejs,kɾispejs,kɾisp,kɾisp,NL
kɾispejs,kɾispejs,kɾisp,kɾisp,NL
kɾispejs,kɾispejs,kɾisp,kɾisp,NL
kɾispejs,kɾispejs,kɾisp,kɾisp,NL
kɾispejs,kɾispajs,kɾisp,kɾisp,NL
kɾispejs,kɾispejs,kɾisp,kɾisp,NL
kɾispejs,kɾispejs,kɾisp,kɾisp,NL
kɾispejs,kɾispejs,kɾisp,kɾisp,NL
kɾispejs,kɾispejs,kɾisp,kɾisp,NL
kɾispejs,kɾispejs,kɾisp,kɾisp,NL
kɾispejs,kɾispejs,kɾisp,kɾisp,NL
kɾispejs,kɾispejs,kɾisp,kɾisp,NL
kɾispejs,kɾispejs,kɾisp,kɾisp,NL
kɾispejs,kɾispejs,kɾisp,kɾisp,NL
kɾispejs,kɾispejs,kɾisp,kɾisp,NL
kɾispejs,kɾispejs,kɾisp,kɾisp,NL
kɾispejs,kɾispejs,kɾisp,kɾisp,NL
kɾispejs,kɾispejs,kɾisp,kɾisp,NL
kɾispejs,kɾispejs,kɾisp,kɾisp,NL
kɾispejs,kɾispejs,kɾisp,kɾisp,NL
kɾispejs,kɾispejs,kɾisp,kɾisp,NL
kɾispejs,kɾispejs,kɾisp,kɾisp,NL
kɾispejs,kɾispejs,kɾisp,kɾisp,NL
kɾispejs,kɾispejs,kɾisp,kɾisp,NL
kɾispejs,kɾispejs,kɾisp,kɾisp,NL
kɾispejs,kɾispejs,kɾisp,kɾisp,NL
kɾispejs,kɾispejs,kɾisp,kɾisp,NL
kɾispejs,kɾispejs,kɾisp,kɾisp,NL
kɾispejs,kɾispejs,kɾisp,kɾisp,NL
kɾispejs,kɾispejs,kɾisp,kɾisp,NL
kɾispejs,kɾispejs,kɾisp,kɾisp,NL
kɾispejs,kɾispejs,kɾisp,kɾisp,NL
kɾispejs,kɾispejs,kɾisp,kɾisp,NL
kɾispejs,kɾispejs,kɾisp,kɾisp,NL
kɾispejs,kɾispejs,kɾisp,kɾisp,NL
kɾispejs,kɾispejs,kɾisp,kɾisp,NL
kɾispejs,kɾispejs,kɾisp,kɾisp,NL
kɾispejs,kɾispejs,kɾisp,kɾisp,NL
kɾispemos,kɾispemos,kɾisp,kɾisp,NL
kɾispemos,kɾispemos,kɾisp,kɾisp,NL
kɾispemos,kɾispemos,kɾisp,kɾisp,NL
kɾispemos,kɾispemos,kɾisp,kɾisp,NL
kɾispemos,kɾispemos,kɾisp,kɾisp,NL
kɾispemos,kɾispemos,kɾisp,kɾisp,NL
kɾispemos,kɾispemos,kɾisp,kɾisp,NL
kɾispemos,kɾispemos,kɾisp,kɾisp,NL
kɾispemos,kɾispemos,kɾisp,kɾisp,NL
kɾispemos,kɾispemos,kɾisp,kɾisp,NL
kɾispemos,kɾispemos,kɾisp,kɾisp,NL
kɾispemos,kɾispemos,kɾisp,kɾisp,NL
kɾispemos,kɾispemos,kɾisp,kɾisp,NL
kɾispemos,kɾispemos,kɾisp,kɾisp,NL
kɾispemos,kɾispemos,kɾisp,kɾisp,NL
kɾispemos,kɾispemos,kɾisp,kɾisp,NL
kɾispemos,kɾispemos,kɾisp,kɾisp,NL
kɾispemos,kɾispemos,kɾisp,kɾisp,NL
kɾispemos,kɾispemos,kɾisp,kɾisp,NL
kɾispemos,kɾispemos,kɾisp,kɾisp,NL
kɾispemos,kɾispemos,kɾisp,kɾisp,NL
kɾispemos,kɾispemos,kɾisp,kɾisp,NL
kɾispemos,kɾispemos,kɾisp,kɾisp,NL
kɾispemos,kɾispemos,kɾisp,kɾisp,NL
kɾispemos,kɾispemos,kɾisp,kɾisp,NL
kɾispemos,kɾispemos,kɾisp,kɾisp,NL
kɾispemos,kɾispemos,kɾisp,kɾisp,NL
kɾispemos,kɾispemos,kɾisp,kɾisp,NL
kɾispemos,kɾispemos,kɾisp,kɾisp,NL
kɾispemos,kɾispemos,kɾisp,kɾisp,NL
kɾispemos,kɾispemos,kɾisp,kɾisp,NL
kɾispemos,kɾispemos,kɾisp,kɾisp,NL
kɾispemos,kɾispemos,kɾisp,kɾisp,NL
kɾispemos,kɾispemos,kɾisp,kɾisp,NL
kɾispemos,kɾispemos,kɾisp,kɾisp,NL
kɾispemos,kɾispemos,kɾisp,kɾisp,NL
kɾispemos,kɾispemos,kɾisp,kɾisp,NL
kɾispemos,kɾispemos,kɾisp,kɾisp,NL
kɾispemos,kɾispemos,kɾisp,kɾisp,NL
kɾispemos,kɾispemos,kɾisp,kɾisp,NL
kɾispemos,kɾispemos,kɾisp,kɾisp,NL
kɾispemos,kɾispemos,kɾisp,kɾisp,NL
kɾispemos,kɾispemos,kɾisp,kɾisp,NL
kɾispemos,kɾispemos,kɾisp,kɾisp,NL
kɾispemos,kɾispemos,kɾisp,kɾisp,NL
kɾispemos,kɾispemos,kɾisp,kɾisp,NL
kɾispemos,kɾispemos,kɾisp,kɾisp,NL
kɾispemos,kɾispemos,kɾisp,kɾisp,NL
kɾispemos,kɾispemos,kɾisp,kɾisp,NL
kɾispemos,kɾispemos,kɾisp,kɾisp,NL
kɾispemos,kɾispemos,kɾisp,kɾisp,NL
kɾispemos,kɾispemos,kɾisp,kɾisp,NL
kɾispemos,kɾispemos,kɾisp,kɾisp,NL
kɾispemos,kɾispemos,kɾisp,kɾisp,NL
kɾispemos,kɾispemos,kɾisp,kɾisp,NL
kɾispen,kɾispeeen,kɾispee,kɾisp,NL
kɾispen,kɾispeeen,kɾispee,kɾisp,NL
kɾispen,kɾispeeen,kɾispee,kɾisp,NL
kɾispen,kɾispen,kɾisp,kɾisp,NL
kɾispen,kɾispeeen,kɾispee,kɾisp,NL
kɾispen,kɾispeeen,kɾispee,kɾisp,NL
kɾispen,kɾispen,kɾisp,kɾisp,NL
kɾispen,kɾispen,kɾisp,kɾisp,NL
kɾispen,kɾispen,kɾisp,kɾisp,NL
kɾispen,kɾispen,kɾisp,kɾisp,NL
kɾispen,kɾispeeen,kɾispee,kɾisp,NL
kɾispen,kɾispeeen,kɾispee,kɾisp,NL
kɾispen,kɾispeeen,kɾispee,kɾisp,NL
kɾispen,kɾispeeen,kɾispee,kɾisp,NL
kɾispen,kɾispeeen,kɾispee,kɾisp,NL
kɾispen,kɾispeen,kɾispe,kɾisp,NL
kɾispen,kɾispeen,kɾispe,kɾisp,NL
kɾispen,kɾispeen,kɾispe,kɾisp,NL
kɾispen,kɾispen,kɾisp,kɾisp,NL
kɾispen,kɾispen,kɾisp,kɾisp,NL
kɾispen,kɾispen,kɾisp,kɾisp,NL
kɾispen,kɾispen,kɾisp,kɾisp,NL
kɾispen,kɾispen,kɾisp,kɾisp,NL
kɾispen,kɾispen,kɾisp,kɾisp,NL
kɾispen,kɾispen,kɾisp,kɾisp,NL
kɾispen,kɾispen,kɾisp,kɾisp,NL
kɾispen,kɾispen,kɾisp,kɾisp,NL
kɾispen,kɾispen,kɾisp,kɾisp,NL
kɾispen,kɾispen,kɾisp,kɾisp,NL
kɾispen,kɾispen,kɾisp,kɾisp,NL
kɾispen,kɾispen,kɾisp,kɾisp,NL
kɾispen,kɾispen,kɾisp,kɾisp,NL
kɾispen,kɾispen,kɾisp,kɾisp,NL
kɾispen,kɾispen,kɾisp,kɾisp,NL
kɾispen,kɾispen,kɾisp,kɾisp,NL
kɾispen,kɾispen,kɾisp,kɾisp,NL
kɾispen,kɾispen,kɾisp,kɾisp,NL
kɾispen,kɾispen,kɾisp,kɾisp,NL
kɾispen,kɾispen,kɾisp,kɾisp,NL
kɾispen,kɾispen,kɾisp,kɾisp,NL
kɾispen,kɾispeeen,kɾispee,kɾisp,NL
kɾispen,kɾispeeen,kɾispee,kɾisp,NL
kɾispen,kɾispen,kɾisp,kɾisp,NL
kɾispen,kɾispen,kɾisp,kɾisp,NL
kɾispen,kɾispen,kɾisp,kɾisp,NL
kɾispen,kɾispeen,kɾispe,kɾisp,NL
kɾispen,kɾispeeen,kɾispee,kɾisp,NL
kɾispen,kɾispeeen,kɾispee,kɾisp,NL
kɾispen,kɾispeeen,kɾispee,kɾisp,NL
kɾispen,kɾispen,kɾisp,kɾisp,NL
kɾispen,kɾispen,kɾisp,kɾisp,NL
kɾispen,kɾispen,kɾisp,kɾisp,NL
kɾispen,kɾispen,kɾisp,kɾisp,NL
kɾispen,kɾispen,kɾisp,kɾisp,NL
kɾispen,kɾispen,kɾisp,kɾisp,NL
kɾispes,kɾispas,kɾisp,kɾisp,NL
kɾispes,kɾispees,kɾispe,kɾisp,NL
kɾispes,kɾispees,kɾispe,kɾisp,NL
kɾispes,kɾispes,kɾisp,kɾisp,NL
kɾispes,kɾispeees,kɾispee,kɾisp,NL
kɾispes,kɾispees,kɾispe,kɾisp,NL
kɾispes,kɾispees,kɾispe,kɾisp,NL
kɾispes,kɾispes,kɾisp,kɾisp,NL
kɾispes,kɾispes,kɾisp,kɾisp,NL
kɾispes,kɾispes,kɾisp,kɾisp,NL
kɾispes,kɾispees,kɾispe,kɾisp,NL
kɾispes,kɾispees,kɾispe,kɾisp,NL
kɾispes,kɾispees,kɾispe,kɾisp,NL
kɾispes,kɾispeees,kɾispee,kɾisp,NL
kɾispes,kɾispeees,kɾispee,kɾisp,NL
kɾispes,kɾispees,kɾispe,kɾisp,NL
kɾispes,kɾispees,kɾispe,kɾisp,NL
kɾispes,kɾispees,kɾispe,kɾisp,NL
kɾispes,kɾispes,kɾisp,kɾisp,NL
kɾispes,kɾispes,kɾisp,kɾisp,NL
kɾispes,kɾispes,kɾisp,kɾisp,NL
kɾispes,kɾispes,kɾisp,kɾisp,NL
kɾispes,kɾispes,kɾisp,kɾisp,NL
kɾispes,kɾispes,kɾisp,kɾisp,NL
kɾispes,kɾispes,kɾisp,kɾisp,NL
kɾispes,kɾispes,kɾisp,kɾisp,NL
kɾispes,kɾispes,kɾisp,kɾisp,NL
kɾispes,kɾispes,kɾisp,kɾisp,NL
kɾispes,kɾispes,kɾisp,kɾisp,NL
kɾispes,kɾispes,kɾisp,kɾisp,NL
kɾispes,kɾispes,kɾisp,kɾisp,NL
kɾispes,kɾispes,kɾisp,kɾisp,NL
kɾispes,kɾispes,kɾisp,kɾisp,NL
kɾispes,kɾispes,kɾisp,kɾisp,NL
kɾispes,kɾispes,kɾisp,kɾisp,NL
kɾispes,kɾispes,kɾisp,kɾisp,NL
kɾispes,kɾispes,kɾisp,kɾisp,NL
kɾispes,kɾispes,kɾisp,kɾisp,NL
kɾispes,kɾispes,kɾisp,kɾisp,NL
kɾispes,kɾispes,kɾisp,kɾisp,NL
kɾispes,kɾispeees,kɾispee,kɾisp,NL
kɾispes,kɾispees,kɾispe,kɾisp,NL
kɾispes,kɾispes,kɾisp,kɾisp,NL
kɾispes,kɾispes,kɾisp,kɾisp,NL
kɾispes,kɾispes,kɾisp,kɾisp,NL
kɾispes,kɾispees,kɾispe,kɾisp,NL
kɾispes,kɾispees,kɾispe,kɾisp,NL
kɾispes,kɾispees,kɾispe,kɾisp,NL
kɾispes,kɾispees,kɾispe,kɾisp,NL
kɾispes,kɾispes,kɾisp,kɾisp,NL
kɾispes,kɾispes,kɾisp,kɾisp,NL
kɾispes,kɾispes,kɾisp,kɾisp,NL
kɾispes,kɾispes,kɾisp,kɾisp,NL
kɾispes,kɾispes,kɾisp,kɾisp,NL
kɾispes,kɾispes,kɾisp,kɾisp,NL
kɾispe,kɾispa,kɾisp,kɾisp,NL
kɾispe,kɾispeee,kɾispee,kɾisp,NL
kɾispe,kɾispe,kɾisp,kɾisp,NL
kɾispe,kɾispe,kɾisp,kɾisp,NL
kɾispe,kɾispeee,kɾispee,kɾisp,NL
kɾispe,kɾispeee,kɾispee,kɾisp,NL
kɾispe,kɾispeee,kɾispee,kɾisp,NL
kɾispe,kɾispe,kɾisp,kɾisp,NL
kɾispe,kɾispe,kɾisp,kɾisp,NL
kɾispe,kɾispe,kɾisp,kɾisp,NL
kɾispe,kɾispeee,kɾispee,kɾisp,NL
kɾispe,kɾispeee,kɾispee,kɾisp,NL
kɾispe,kɾispeee,kɾispee,kɾisp,NL
kɾispe,kɾispeee,kɾispee,kɾisp,NL
kɾispe,kɾispeee,kɾispee,kɾisp,NL
kɾispe,kɾispeee,kɾispee,kɾisp,NL
kɾispe,kɾispeee,kɾispee,kɾisp,NL
kɾispe,kɾispeee,kɾispee,kɾisp,NL
kɾispe,kɾispe,kɾisp,kɾisp,NL
kɾispe,kɾispe,kɾisp,kɾisp,NL
kɾispe,kɾispe,kɾisp,kɾisp,NL
kɾispe,kɾispe,kɾisp,kɾisp,NL
kɾispe,kɾispe,kɾisp,kɾisp,NL
kɾispe,kɾispe,kɾisp,kɾisp,NL
kɾispe,kɾispe,kɾisp,kɾisp,NL
kɾispe,kɾispe,kɾisp,kɾisp,NL
kɾispe,kɾispe,kɾisp,kɾisp,NL
kɾispe,kɾispe,kɾisp,kɾisp,NL
kɾispe,kɾispe,kɾisp,kɾisp,NL
kɾispe,kɾispe,kɾisp,kɾisp,NL
kɾispe,kɾispe,kɾisp,kɾisp,NL
kɾispe,kɾispe,kɾisp,kɾisp,NL
kɾispe,kɾispe,kɾisp,kɾisp,NL
kɾispe,kɾispe,kɾisp,kɾisp,NL
kɾispe,kɾispe,kɾisp,kɾisp,NL
kɾispe,kɾispe,kɾisp,kɾisp,NL
kɾispe,kɾispe,kɾisp,kɾisp,NL
kɾispe,kɾispe,kɾisp,kɾisp,NL
kɾispe,kɾispe,kɾisp,kɾisp,NL
kɾispe,kɾispe,kɾisp,kɾisp,NL
kɾispe,kɾispeee,kɾispee,kɾisp,NL
kɾispe,kɾispeee,kɾispee,kɾisp,NL
kɾispe,kɾispe,kɾisp,kɾisp,NL
kɾispe,kɾispe,kɾisp,kɾisp,NL
kɾispe,kɾispe,kɾisp,kɾisp,NL
kɾispe,kɾispeee,kɾispee,kɾisp,NL
kɾispe,kɾispeee,kɾispee,kɾisp,NL
kɾispe,kɾispeee,kɾispee,kɾisp,NL
kɾispe,kɾispeee,kɾispee,kɾisp,NL
kɾispe,kɾispe,kɾisp,kɾisp,NL
kɾispe,kɾispe,kɾisp,kɾisp,NL
kɾispe,kɾispe,kɾisp,kɾisp,NL
kɾispe,kɾispe,kɾisp,kɾisp,NL
kɾispe,kɾispe,kɾisp,kɾisp,NL
kɾispe,kɾispe,kɾisp,kɾisp,NL
kɾispe,kɾispa,kɾisp,kɾisp,NL
kɾispe,kɾispeee,kɾispee,kɾisp,NL
kɾispe,kɾispe,kɾisp,kɾisp,NL
kɾispe,kɾispe,kɾisp,kɾisp,NL
kɾispe,kɾispeee,kɾispee,kɾisp,NL
kɾispe,kɾispeee,kɾispee,kɾisp,NL
kɾispe,kɾispeee,kɾispee,kɾisp,NL
kɾispe,kɾispe,kɾisp,kɾisp,NL
kɾispe,kɾispe,kɾisp,kɾisp,NL
kɾispe,kɾispe,kɾisp,kɾisp,NL
kɾispe,kɾispeee,kɾispee,kɾisp,NL
kɾispe,kɾispeee,kɾispee,kɾisp,NL
kɾispe,kɾispeee,kɾispee,kɾisp,NL
kɾispe,kɾispeee,kɾispee,kɾisp,NL
kɾispe,kɾispeee,kɾispee,kɾisp,NL
kɾispe,kɾispeee,kɾispee,kɾisp,NL
kɾispe,kɾispeee,kɾispee,kɾisp,NL
kɾispe,kɾispeee,kɾispee,kɾisp,NL
kɾispe,kɾispeee,kɾispee,kɾisp,NL
kɾispe,kɾispe,kɾisp,kɾisp,NL
kɾispe,kɾispe,kɾisp,kɾisp,NL
kɾispe,kɾispe,kɾisp,kɾisp,NL
kɾispe,kɾispe,kɾisp,kɾisp,NL
kɾispe,kɾispe,kɾisp,kɾisp,NL
kɾispe,kɾispe,kɾisp,kɾisp,NL
kɾispe,kɾispe,kɾisp,kɾisp,NL
kɾispe,kɾispe,kɾisp,kɾisp,NL
kɾispe,kɾispe,kɾisp,kɾisp,NL
kɾispe,kɾispe,kɾisp,kɾisp,NL
kɾispe,kɾispe,kɾisp,kɾisp,NL
kɾispe,kɾispe,kɾisp,kɾisp,NL
kɾispe,kɾispe,kɾisp,kɾisp,NL
kɾispe,kɾispe,kɾisp,kɾisp,NL
kɾispe,kɾispe,kɾisp,kɾisp,NL
kɾispe,kɾispe,kɾisp,kɾisp,NL
kɾispe,kɾispe,kɾisp,kɾisp,NL
kɾispe,kɾispe,kɾisp,kɾisp,NL
kɾispe,kɾispe,kɾisp,kɾisp,NL
kɾispe,kɾispe,kɾisp,kɾisp,NL
kɾispe,kɾispe,kɾisp,kɾisp,NL
kɾispe,kɾispeee,kɾispee,kɾisp,NL
kɾispe,kɾispeee,kɾispee,kɾisp,NL
kɾispe,kɾispe,kɾisp,kɾisp,NL
kɾispe,kɾispe,kɾisp,kɾisp,NL
kɾispe,kɾispe,kɾisp,kɾisp,NL
kɾispe,kɾispeee,kɾispee,kɾisp,NL
kɾispe,kɾispeee,kɾispee,kɾisp,NL
kɾispe,kɾispeee,kɾispee,kɾisp,NL
kɾispe,kɾispeee,kɾispee,kɾisp,NL
kɾispe,kɾispe,kɾisp,kɾisp,NL
kɾispe,kɾispe,kɾisp,kɾisp,NL
kɾispe,kɾispe,kɾisp,kɾisp,NL
kɾispe,kɾispe,kɾisp,kɾisp,NL
kɾispe,kɾispe,kɾisp,kɾisp,NL
kɾispe,kɾispe,kɾisp,kɾisp,NL
kɾispo,kɾispapɾo,kɾispapɾ,kɾisp,NL
kɾispo,kɾispo,kɾisp,kɾisp,NL
kɾispo,kɾispo,kɾisp,kɾisp,NL
kɾispo,kɾispo,kɾisp,kɾisp,NL
kɾispo,kɾispeo,kɾispe,kɾisp,NL
kɾispo,kɾispao,kɾispa,kɾisp,NL
kɾispo,kɾispeo,kɾispe,kɾisp,NL
kɾispo,kɾispo,kɾisp,kɾisp,NL
kɾispo,kɾispo,kɾisp,kɾisp,NL
kɾispo,kɾispo,kɾisp,kɾisp,NL
kɾispo,kɾispo,kɾisp,kɾisp,NL
kɾispo,kɾispo,kɾisp,kɾisp,NL
kɾispo,kɾispo,kɾisp,kɾisp,NL
kɾispo,kɾispeo,kɾispe,kɾisp,NL
kɾispo,kɾispo,kɾisp,kɾisp,NL
kɾispo,kɾispo,kɾisp,kɾisp,NL
kɾispo,kɾispo,kɾisp,kɾisp,NL
kɾispo,kɾispo,kɾisp,kɾisp,NL
kɾispo,kɾispo,kɾisp,kɾisp,NL
kɾispo,kɾispo,kɾisp,kɾisp,NL
kɾispo,kɾispo,kɾisp,kɾisp,NL
kɾispo,kɾispo,kɾisp,kɾisp,NL
kɾispo,kɾispo,kɾisp,kɾisp,NL
kɾispo,kɾispo,kɾisp,kɾisp,NL
kɾispo,kɾispo,kɾisp,kɾisp,NL
kɾispo,kɾispo,kɾisp,kɾisp,NL
kɾispo,kɾispo,kɾisp,kɾisp,NL
kɾispo,kɾispo,kɾisp,kɾisp,NL
kɾispo,kɾispo,kɾisp,kɾisp,NL
kɾispo,kɾispo,kɾisp,kɾisp,NL
kɾispo,kɾispo,kɾisp,kɾisp,NL
kɾispo,kɾispo,kɾisp,kɾisp,NL
kɾispo,kɾispo,kɾisp,kɾisp,NL
kɾispo,kɾispo,kɾisp,kɾisp,NL
kɾispo,kɾispo,kɾisp,kɾisp,NL
kɾispo,kɾispo,kɾisp,kɾisp,NL
kɾispo,kɾispo,kɾisp,kɾisp,NL
kɾispo,kɾispo,kɾisp,kɾisp,NL
kɾispo,kɾispo,kɾisp,kɾisp,NL
kɾispo,kɾispo,kɾisp,kɾisp,NL
kɾispo,kɾispeo,kɾispe,kɾisp,NL
kɾispo,kɾispo,kɾisp,kɾisp,NL
kɾispo,kɾispo,kɾisp,kɾisp,NL
kɾispo,kɾispo,kɾisp,kɾisp,NL
kɾispo,kɾispo,kɾisp,kɾisp,NL
kɾispo,kɾispo,kɾisp,kɾisp,NL
kɾispo,kɾispo,kɾisp,kɾisp,NL
kɾispo,kɾispo,kɾisp,kɾisp,NL
kɾispo,kɾispo,kɾisp,kɾisp,NL
kɾispo,kɾispo,kɾisp,kɾisp,NL
kɾispo,kɾispo,kɾisp,kɾisp,NL
kɾispo,kɾispo,kɾisp,kɾisp,NL
kɾispo,kɾispo,kɾisp,kɾisp,NL
kɾispo,kɾispo,kɾisp,kɾisp,NL
kɾispo,kɾispo,kɾisp,kɾisp,NL
ɾuboɾisejs,ɾuboɾisejs,ɾuboɾis,ɾuboɾis,NL
ɾuboɾisejs,ɾuboɾisejs,ɾuboɾis,ɾuboɾis,NL
ɾuboɾisejs,ɾuboɾisejs,ɾuboɾis,ɾuboɾis,NL
ɾuboɾisejs,ɾuboɾisejs,ɾuboɾis,ɾuboɾis,NL
ɾuboɾisejs,ɾuboɾisejs,ɾuboɾis,ɾuboɾis,NL
ɾuboɾisejs,ɾuboɾisejs,ɾuboɾis,ɾuboɾis,NL
ɾuboɾisejs,ɾuboɾisejs,ɾuboɾis,ɾuboɾis,NL
ɾuboɾisejs,ɾuboɾisejs,ɾuboɾis,ɾuboɾis,NL
ɾuboɾisejs,ɾuboɾisejs,ɾuboɾis,ɾuboɾis,NL
ɾuboɾisejs,ɾuboɾisejs,ɾuboɾis,ɾuboɾis,NL
ɾuboɾisejs,ɾuboɾisejs,ɾuboɾis,ɾuboɾis,NL
ɾuboɾisejs,ɾuboɾisejs,ɾuboɾis,ɾuboɾis,NL
ɾuboɾisejs,ɾuboɾisejs,ɾuboɾis,ɾuboɾis,NL
ɾuboɾisejs,ɾuboɾisejs,ɾuboɾis,ɾuboɾis,NL
ɾuboɾisejs,ɾuboɾisejs,ɾuboɾis,ɾuboɾis,NL
ɾuboɾisejs,ɾuboɾisejs,ɾuboɾis,ɾuboɾis,NL
ɾuboɾisejs,ɾuboɾisejs,ɾuboɾis,ɾuboɾis,NL
ɾuboɾisejs,ɾuboɾisejs,ɾuboɾis,ɾuboɾis,NL
ɾuboɾisejs,ɾuboɾisejs,ɾuboɾis,ɾuboɾis,NL
ɾuboɾisejs,ɾuboɾisejs,ɾuboɾis,ɾuboɾis,NL
ɾuboɾisejs,ɾuboɾisejs,ɾuboɾis,ɾuboɾis,NL
ɾuboɾisejs,ɾuboɾisejs,ɾuboɾis,ɾuboɾis,NL
ɾuboɾisejs,ɾuboɾisejs,ɾuboɾis,ɾuboɾis,NL
ɾuboɾisejs,ɾuboɾisejs,ɾuboɾis,ɾuboɾis,NL
ɾuboɾisejs,ɾuboɾisejs,ɾuboɾis,ɾuboɾis,NL
ɾuboɾisejs,ɾuboɾisejs,ɾuboɾis,ɾuboɾis,NL
ɾuboɾisejs,ɾuboɾisejs,ɾuboɾis,ɾuboɾis,NL
ɾuboɾisejs,ɾuboɾisejs,ɾuboɾis,ɾuboɾis,NL
ɾuboɾisejs,ɾuboɾisejs,ɾuboɾis,ɾuboɾis,NL
ɾuboɾisejs,ɾuboɾisejs,ɾuboɾis,ɾuboɾis,NL
ɾuboɾisejs,ɾuboɾisejs,ɾuboɾis,ɾuboɾis,NL
ɾuboɾisejs,ɾuboɾisejs,ɾuboɾis,ɾuboɾis,NL
ɾuboɾisejs,ɾuboɾisejs,ɾuboɾis,ɾuboɾis,NL
ɾuboɾisejs,ɾuboɾisejs,ɾuboɾis,ɾuboɾis,NL
ɾuboɾisejs,ɾuboɾisejs,ɾuboɾis,ɾuboɾis,NL
ɾuboɾisejs,ɾuboɾisejs,ɾuboɾis,ɾuboɾis,NL
ɾuboɾisejs,ɾuboɾisejs,ɾuboɾis,ɾuboɾis,NL
ɾuboɾisejs,ɾuboɾisejs,ɾuboɾis,ɾuboɾis,NL
ɾuboɾisejs,ɾuboɾisejs,ɾuboɾis,ɾuboɾis,NL
ɾuboɾisejs,ɾuboɾisejs,ɾuboɾis,ɾuboɾis,NL
ɾuboɾisejs,ɾuboɾisejs,ɾuboɾis,ɾuboɾis,NL
ɾuboɾisejs,ɾuboɾisejs,ɾuboɾis,ɾuboɾis,NL
ɾuboɾisejs,ɾuboɾisejs,ɾuboɾis,ɾuboɾis,NL
ɾuboɾisejs,ɾuboɾisejs,ɾuboɾis,ɾuboɾis,NL
ɾuboɾisejs,ɾuboɾisejs,ɾuboɾis,ɾuboɾis,NL
ɾuboɾisejs,ɾuboɾisejs,ɾuboɾis,ɾuboɾis,NL
ɾuboɾisejs,ɾuboɾisejs,ɾuboɾis,ɾuboɾis,NL
ɾuboɾisejs,ɾuboɾisejs,ɾuboɾis,ɾuboɾis,NL
ɾuboɾisejs,ɾuboɾisejs,ɾuboɾis,ɾuboɾis,NL
ɾuboɾisejs,ɾuboɾisejs,ɾuboɾis,ɾuboɾis,NL
ɾuboɾisejs,ɾuboɾisejs,ɾuboɾis,ɾuboɾis,NL
ɾuboɾisejs,ɾuboɾisejs,ɾuboɾis,ɾuboɾis,NL
ɾuboɾisejs,ɾuboɾisejs,ɾuboɾis,ɾuboɾis,NL
ɾuboɾisejs,ɾuboɾisejs,ɾuboɾis,ɾuboɾis,NL
ɾuboɾisejs,ɾuboɾisejs,ɾuboɾis,ɾuboɾis,NL
ɾuboɾisemos,ɾuboɾisemos,ɾuboɾis,ɾuboɾis,NL
ɾuboɾisemos,ɾuboɾisemos,ɾuboɾis,ɾuboɾis,NL
ɾuboɾisemos,ɾuboɾisemos,ɾuboɾis,ɾuboɾis,NL
ɾuboɾisemos,ɾuboɾisemos,ɾuboɾis,ɾuboɾis,NL
ɾuboɾisemos,ɾuboɾisemos,ɾuboɾis,ɾuboɾis,NL
ɾuboɾisemos,ɾuboɾisemos,ɾuboɾis,ɾuboɾis,NL
ɾuboɾisemos,ɾuboɾisemos,ɾuboɾis,ɾuboɾis,NL
ɾuboɾisemos,ɾuboɾisemos,ɾuboɾis,ɾuboɾis,NL
ɾuboɾisemos,ɾuboɾisemos,ɾuboɾis,ɾuboɾis,NL
ɾuboɾisemos,ɾuboɾisemos,ɾuboɾis,ɾuboɾis,NL
ɾuboɾisemos,ɾuboɾisemos,ɾuboɾis,ɾuboɾis,NL
ɾuboɾisemos,ɾuboɾisemos,ɾuboɾis,ɾuboɾis,NL
ɾuboɾisemos,ɾuboɾisemos,ɾuboɾis,ɾuboɾis,NL
ɾuboɾisemos,ɾuboɾisemos,ɾuboɾis,ɾuboɾis,NL
ɾuboɾisemos,ɾuboɾisemos,ɾuboɾis,ɾuboɾis,NL
ɾuboɾisemos,ɾuboɾisemos,ɾuboɾis,ɾuboɾis,NL
ɾuboɾisemos,ɾuboɾisemos,ɾuboɾis,ɾuboɾis,NL
ɾuboɾisemos,ɾuboɾisemos,ɾuboɾis,ɾuboɾis,NL
ɾuboɾisemos,ɾuboɾisemos,ɾuboɾis,ɾuboɾis,NL
ɾuboɾisemos,ɾuboɾisemos,ɾuboɾis,ɾuboɾis,NL
ɾuboɾisemos,ɾuboɾisemos,ɾuboɾis,ɾuboɾis,NL
ɾuboɾisemos,ɾuboɾisemos,ɾuboɾis,ɾuboɾis,NL
ɾuboɾisemos,ɾuboɾisemos,ɾuboɾis,ɾuboɾis,NL
ɾuboɾisemos,ɾuboɾisemos,ɾuboɾis,ɾuboɾis,NL
ɾuboɾisemos,ɾuboɾisemos,ɾuboɾis,ɾuboɾis,NL
ɾuboɾisemos,ɾuboɾisemos,ɾuboɾis,ɾuboɾis,NL
ɾuboɾisemos,ɾuboɾisemos,ɾuboɾis,ɾuboɾis,NL
ɾuboɾisemos,ɾuboɾisemos,ɾuboɾis,ɾuboɾis,NL
ɾuboɾisemos,ɾuboɾisemos,ɾuboɾis,ɾuboɾis,NL
ɾuboɾisemos,ɾuboɾisemos,ɾuboɾis,ɾuboɾis,NL
ɾuboɾisemos,ɾuboɾisemos,ɾuboɾis,ɾuboɾis,NL
ɾuboɾisemos,ɾuboɾisemos,ɾuboɾis,ɾuboɾis,NL
ɾuboɾisemos,ɾuboɾisemos,ɾuboɾis,ɾuboɾis,NL
ɾuboɾisemos,ɾuboɾisemos,ɾuboɾis,ɾuboɾis,NL
ɾuboɾisemos,ɾuboɾisemos,ɾuboɾis,ɾuboɾis,NL
ɾuboɾisemos,ɾuboɾisemos,ɾuboɾis,ɾuboɾis,NL
ɾuboɾisemos,ɾuboɾisemos,ɾuboɾis,ɾuboɾis,NL
ɾuboɾisemos,ɾuboɾisemos,ɾuboɾis,ɾuboɾis,NL
ɾuboɾisemos,ɾuboɾisemos,ɾuboɾis,ɾuboɾis,NL
ɾuboɾisemos,ɾuboɾisemos,ɾuboɾis,ɾuboɾis,NL
ɾuboɾisemos,ɾuboɾisemos,ɾuboɾis,ɾuboɾis,NL
ɾuboɾisemos,ɾuboɾisemos,ɾuboɾis,ɾuboɾis,NL
ɾuboɾisemos,ɾuboɾisemos,ɾuboɾis,ɾuboɾis,NL
ɾuboɾisemos,ɾuboɾisemos,ɾuboɾis,ɾuboɾis,NL
ɾuboɾisemos,ɾuboɾisemos,ɾuboɾis,ɾuboɾis,NL
ɾuboɾisemos,ɾuboɾisemos,ɾuboɾis,ɾuboɾis,NL
ɾuboɾisemos,ɾuboɾisemos,ɾuboɾis,ɾuboɾis,NL
ɾuboɾisemos,ɾuboɾisemos,ɾuboɾis,ɾuboɾis,NL
ɾuboɾisemos,ɾuboɾisemos,ɾuboɾis,ɾuboɾis,NL
ɾuboɾisemos,ɾuboɾisemos,ɾuboɾis,ɾuboɾis,NL
ɾuboɾisemos,ɾuboɾisemos,ɾuboɾis,ɾuboɾis,NL
ɾuboɾisemos,ɾuboɾisemos,ɾuboɾis,ɾuboɾis,NL
ɾuboɾisemos,ɾuboɾisemos,ɾuboɾis,ɾuboɾis,NL
ɾuboɾisemos,ɾuboɾisemos,ɾuboɾis,ɾuboɾis,NL
ɾuboɾisemos,ɾuboɾisemos,ɾuboɾis,ɾuboɾis,NL
ɾuboɾisen,ɾuboɾisen,ɾuboɾis,ɾuboɾis,NL
ɾuboɾisen,ɾuboɾisen,ɾuboɾis,ɾuboɾis,NL
ɾuboɾisen,ɾuboɾisen,ɾuboɾis,ɾuboɾis,NL
ɾuboɾisen,ɾuboɾisen,ɾuboɾis,ɾuboɾis,NL
ɾuboɾisen,ɾuboɾisen,ɾuboɾis,ɾuboɾis,NL
ɾuboɾisen,ɾuboɾisen,ɾuboɾis,ɾuboɾis,NL
ɾuboɾisen,ɾuboɾisen,ɾuboɾis,ɾuboɾis,NL
ɾuboɾisen,ɾuboɾisen,ɾuboɾis,ɾuboɾis,NL
ɾuboɾisen,ɾuboɾisen,ɾuboɾis,ɾuboɾis,NL
ɾuboɾisen,ɾuboɾisen,ɾuboɾis,ɾuboɾis,NL
ɾuboɾisen,ɾuboɾisen,ɾuboɾis,ɾuboɾis,NL
ɾuboɾisen,ɾuboɾisen,ɾuboɾis,ɾuboɾis,NL
ɾuboɾisen,ɾuboɾisen,ɾuboɾis,ɾuboɾis,NL
ɾuboɾisen,ɾuboɾisen,ɾuboɾis,ɾuboɾis,NL
ɾuboɾisen,ɾuboɾisen,ɾuboɾis,ɾuboɾis,NL
ɾuboɾisen,ɾuboɾisen,ɾuboɾis,ɾuboɾis,NL
ɾuboɾisen,ɾuboɾisen,ɾuboɾis,ɾuboɾis,NL
ɾuboɾisen,ɾuboɾisen,ɾuboɾis,ɾuboɾis,NL
ɾuboɾisen,ɾuboɾisen,ɾuboɾis,ɾuboɾis,NL
ɾuboɾisen,ɾuboɾisen,ɾuboɾis,ɾuboɾis,NL
ɾuboɾisen,ɾuboɾisen,ɾuboɾis,ɾuboɾis,NL
ɾuboɾisen,ɾuboɾisen,ɾuboɾis,ɾuboɾis,NL
ɾuboɾisen,ɾuboɾisen,ɾuboɾis,ɾuboɾis,NL
ɾuboɾisen,ɾuboɾisen,ɾuboɾis,ɾuboɾis,NL
ɾuboɾisen,ɾuboɾisen,ɾuboɾis,ɾuboɾis,NL
ɾuboɾisen,ɾuboɾisen,ɾuboɾis,ɾuboɾis,NL
ɾuboɾisen,ɾuboɾisen,ɾuboɾis,ɾuboɾis,NL
ɾuboɾisen,ɾuboɾisen,ɾuboɾis,ɾuboɾis,NL
ɾuboɾisen,ɾuboɾisen,ɾuboɾis,ɾuboɾis,NL
ɾuboɾisen,ɾuboɾisen,ɾuboɾis,ɾuboɾis,NL
ɾuboɾisen,ɾuboɾisen,ɾuboɾis,ɾuboɾis,NL
ɾuboɾisen,ɾuboɾisen,ɾuboɾis,ɾuboɾis,NL
ɾuboɾisen,ɾuboɾisen,ɾuboɾis,ɾuboɾis,NL
ɾuboɾisen,ɾuboɾisen,ɾuboɾis,ɾuboɾis,NL
ɾuboɾisen,ɾuboɾisen,ɾuboɾis,ɾuboɾis,NL
ɾuboɾisen,ɾuboɾisen,ɾuboɾis,ɾuboɾis,NL
ɾuboɾisen,ɾuboɾisen,ɾuboɾis,ɾuboɾis,NL
ɾuboɾisen,ɾuboɾisen,ɾuboɾis,ɾuboɾis,NL
ɾuboɾisen,ɾuboɾisen,ɾuboɾis,ɾuboɾis,NL
ɾuboɾisen,ɾuboɾisen,ɾuboɾis,ɾuboɾis,NL
ɾuboɾisen,ɾuboɾisen,ɾuboɾis,ɾuboɾis,NL
ɾuboɾisen,ɾuboɾisen,ɾuboɾis,ɾuboɾis,NL
ɾuboɾisen,ɾuboɾisen,ɾuboɾis,ɾuboɾis,NL
ɾuboɾisen,ɾuboɾisen,ɾuboɾis,ɾuboɾis,NL
ɾuboɾisen,ɾuboɾisen,ɾuboɾis,ɾuboɾis,NL
ɾuboɾisen,ɾuboɾisen,ɾuboɾis,ɾuboɾis,NL
ɾuboɾisen,ɾuboɾisen,ɾuboɾis,ɾuboɾis,NL
ɾuboɾisen,ɾuboɾisen,ɾuboɾis,ɾuboɾis,NL
ɾuboɾisen,ɾuboɾisen,ɾuboɾis,ɾuboɾis,NL
ɾuboɾisen,ɾuboɾisen,ɾuboɾis,ɾuboɾis,NL
ɾuboɾisen,ɾuboɾisen,ɾuboɾis,ɾuboɾis,NL
ɾuboɾisen,ɾuboɾisen,ɾuboɾis,ɾuboɾis,NL
ɾuboɾisen,ɾuboɾisen,ɾuboɾis,ɾuboɾis,NL
ɾuboɾisen,ɾuboɾisen,ɾuboɾis,ɾuboɾis,NL
ɾuboɾisen,ɾuboɾisen,ɾuboɾis,ɾuboɾis,NL
ɾuboɾises,ɾuboɾises,ɾuboɾis,ɾuboɾis,NL
ɾuboɾises,ɾuboɾises,ɾuboɾis,ɾuboɾis,NL
ɾuboɾises,ɾuboɾises,ɾuboɾis,ɾuboɾis,NL
ɾuboɾises,ɾuboɾises,ɾuboɾis,ɾuboɾis,NL
ɾuboɾises,ɾuboɾises,ɾuboɾis,ɾuboɾis,NL
ɾuboɾises,ɾuboɾises,ɾuboɾis,ɾuboɾis,NL
ɾuboɾises,ɾuboɾises,ɾuboɾis,ɾuboɾis,NL
ɾuboɾises,ɾuboɾises,ɾuboɾis,ɾuboɾis,NL
ɾuboɾises,ɾuboɾises,ɾuboɾis,ɾuboɾis,NL
ɾuboɾises,ɾuboɾises,ɾuboɾis,ɾuboɾis,NL
ɾuboɾises,ɾuboɾises,ɾuboɾis,ɾuboɾis,NL
ɾuboɾises,ɾuboɾises,ɾuboɾis,ɾuboɾis,NL
ɾuboɾises,ɾuboɾises,ɾuboɾis,ɾuboɾis,NL
ɾuboɾises,ɾuboɾises,ɾuboɾis,ɾuboɾis,NL
ɾuboɾises,ɾuboɾises,ɾuboɾis,ɾuboɾis,NL
ɾuboɾises,ɾuboɾises,ɾuboɾis,ɾuboɾis,NL
ɾuboɾises,ɾuboɾises,ɾuboɾis,ɾuboɾis,NL
ɾuboɾises,ɾuboɾises,ɾuboɾis,ɾuboɾis,NL
ɾuboɾises,ɾuboɾises,ɾuboɾis,ɾuboɾis,NL
ɾuboɾises,ɾuboɾises,ɾuboɾis,ɾuboɾis,NL
ɾuboɾises,ɾuboɾises,ɾuboɾis,ɾuboɾis,NL
ɾuboɾises,ɾuboɾises,ɾuboɾis,ɾuboɾis,NL
ɾuboɾises,ɾuboɾises,ɾuboɾis,ɾuboɾis,NL
ɾuboɾises,ɾuboɾises,ɾuboɾis,ɾuboɾis,NL
ɾuboɾises,ɾuboɾises,ɾuboɾis,ɾuboɾis,NL
ɾuboɾises,ɾuboɾises,ɾuboɾis,ɾuboɾis,NL
ɾuboɾises,ɾuboɾises,ɾuboɾis,ɾuboɾis,NL
ɾuboɾises,ɾuboɾises,ɾuboɾis,ɾuboɾis,NL
ɾuboɾises,ɾuboɾises,ɾuboɾis,ɾuboɾis,NL
ɾuboɾises,ɾuboɾises,ɾuboɾis,ɾuboɾis,NL
ɾuboɾises,ɾuboɾises,ɾuboɾis,ɾuboɾis,NL
ɾuboɾises,ɾuboɾises,ɾuboɾis,ɾuboɾis,NL
ɾuboɾises,ɾuboɾises,ɾuboɾis,ɾuboɾis,NL
ɾuboɾises,ɾuboɾises,ɾuboɾis,ɾuboɾis,NL
ɾuboɾises,ɾuboɾises,ɾuboɾis,ɾuboɾis,NL
ɾuboɾises,ɾuboɾises,ɾuboɾis,ɾuboɾis,NL
ɾuboɾises,ɾuboɾises,ɾuboɾis,ɾuboɾis,NL
ɾuboɾises,ɾuboɾises,ɾuboɾis,ɾuboɾis,NL
ɾuboɾises,ɾuboɾises,ɾuboɾis,ɾuboɾis,NL
ɾuboɾises,ɾuboɾises,ɾuboɾis,ɾuboɾis,NL
ɾuboɾises,ɾuboɾises,ɾuboɾis,ɾuboɾis,NL
ɾuboɾises,ɾuboɾises,ɾuboɾis,ɾuboɾis,NL
ɾuboɾises,ɾuboɾises,ɾuboɾis,ɾuboɾis,NL
ɾuboɾises,ɾuboɾises,ɾuboɾis,ɾuboɾis,NL
ɾuboɾises,ɾuboɾises,ɾuboɾis,ɾuboɾis,NL
ɾuboɾises,ɾuboɾises,ɾuboɾis,ɾuboɾis,NL
ɾuboɾises,ɾuboɾises,ɾuboɾis,ɾuboɾis,NL
ɾuboɾises,ɾuboɾises,ɾuboɾis,ɾuboɾis,NL
ɾuboɾises,ɾuboɾises,ɾuboɾis,ɾuboɾis,NL
ɾuboɾises,ɾuboɾises,ɾuboɾis,ɾuboɾis,NL
ɾuboɾises,ɾuboɾises,ɾuboɾis,ɾuboɾis,NL
ɾuboɾises,ɾuboɾises,ɾuboɾis,ɾuboɾis,NL
ɾuboɾises,ɾuboɾises,ɾuboɾis,ɾuboɾis,NL
ɾuboɾises,ɾuboɾises,ɾuboɾis,ɾuboɾis,NL
ɾuboɾises,ɾuboɾises,ɾuboɾis,ɾuboɾis,NL
ɾuboɾise,ɾuboɾise,ɾuboɾis,ɾuboɾis,NL
ɾuboɾise,ɾuboɾise,ɾuboɾis,ɾuboɾis,NL
ɾuboɾise,ɾuboɾise,ɾuboɾis,ɾuboɾis,NL
ɾuboɾise,ɾuboɾise,ɾuboɾis,ɾuboɾis,NL
ɾuboɾise,ɾuboɾise,ɾuboɾis,ɾuboɾis,NL
ɾuboɾise,ɾuboɾise,ɾuboɾis,ɾuboɾis,NL
ɾuboɾise,ɾuboɾise,ɾuboɾis,ɾuboɾis,NL
ɾuboɾise,ɾuboɾise,ɾuboɾis,ɾuboɾis,NL
ɾuboɾise,ɾuboɾise,ɾuboɾis,ɾuboɾis,NL
ɾuboɾise,ɾuboɾise,ɾuboɾis,ɾuboɾis,NL
ɾuboɾise,ɾuboɾise,ɾuboɾis,ɾuboɾis,NL
ɾuboɾise,ɾuboɾise,ɾuboɾis,ɾuboɾis,NL
ɾuboɾise,ɾuboɾise,ɾuboɾis,ɾuboɾis,NL
ɾuboɾise,ɾuboɾise,ɾuboɾis,ɾuboɾis,NL
ɾuboɾise,ɾuboɾise,ɾuboɾis,ɾuboɾis,NL
ɾuboɾise,ɾuboɾise,ɾuboɾis,ɾuboɾis,NL
ɾuboɾise,ɾuboɾise,ɾuboɾis,ɾuboɾis,NL
ɾuboɾise,ɾuboɾise,ɾuboɾis,ɾuboɾis,NL
ɾuboɾise,ɾuboɾise,ɾuboɾis,ɾuboɾis,NL
ɾuboɾise,ɾuboɾise,ɾuboɾis,ɾuboɾis,NL
ɾuboɾise,ɾuboɾise,ɾuboɾis,ɾuboɾis,NL
ɾuboɾise,ɾuboɾise,ɾuboɾis,ɾuboɾis,NL
ɾuboɾise,ɾuboɾise,ɾuboɾis,ɾuboɾis,NL
ɾuboɾise,ɾuboɾise,ɾuboɾis,ɾuboɾis,NL
ɾuboɾise,ɾuboɾise,ɾuboɾis,ɾuboɾis,NL
ɾuboɾise,ɾuboɾise,ɾuboɾis,ɾuboɾis,NL
ɾuboɾise,ɾuboɾise,ɾuboɾis,ɾuboɾis,NL
ɾuboɾise,ɾuboɾise,ɾuboɾis,ɾuboɾis,NL
ɾuboɾise,ɾuboɾise,ɾuboɾis,ɾuboɾis,NL
ɾuboɾise,ɾuboɾise,ɾuboɾis,ɾuboɾis,NL
ɾuboɾise,ɾuboɾise,ɾuboɾis,ɾuboɾis,NL
ɾuboɾise,ɾuboɾise,ɾuboɾis,ɾuboɾis,NL
ɾuboɾise,ɾuboɾise,ɾuboɾis,ɾuboɾis,NL
ɾuboɾise,ɾuboɾise,ɾuboɾis,ɾuboɾis,NL
ɾuboɾise,ɾuboɾise,ɾuboɾis,ɾuboɾis,NL
ɾuboɾise,ɾuboɾise,ɾuboɾis,ɾuboɾis,NL
ɾuboɾise,ɾuboɾise,ɾuboɾis,ɾuboɾis,NL
ɾuboɾise,ɾuboɾise,ɾuboɾis,ɾuboɾis,NL
ɾuboɾise,ɾuboɾise,ɾuboɾis,ɾuboɾis,NL
ɾuboɾise,ɾuboɾise,ɾuboɾis,ɾuboɾis,NL
ɾuboɾise,ɾuboɾise,ɾuboɾis,ɾuboɾis,NL
ɾuboɾise,ɾuboɾise,ɾuboɾis,ɾuboɾis,NL
ɾuboɾise,ɾuboɾise,ɾuboɾis,ɾuboɾis,NL
ɾuboɾise,ɾuboɾise,ɾuboɾis,ɾuboɾis,NL
ɾuboɾise,ɾuboɾise,ɾuboɾis,ɾuboɾis,NL
ɾuboɾise,ɾuboɾise,ɾuboɾis,ɾuboɾis,NL
ɾuboɾise,ɾuboɾise,ɾuboɾis,ɾuboɾis,NL
ɾuboɾise,ɾuboɾise,ɾuboɾis,ɾuboɾis,NL
ɾuboɾise,ɾuboɾise,ɾuboɾis,ɾuboɾis,NL
ɾuboɾise,ɾuboɾise,ɾuboɾis,ɾuboɾis,NL
ɾuboɾise,ɾuboɾise,ɾuboɾis,ɾuboɾis,NL
ɾuboɾise,ɾuboɾise,ɾuboɾis,ɾuboɾis,NL
ɾuboɾise,ɾuboɾise,ɾuboɾis,ɾuboɾis,NL
ɾuboɾise,ɾuboɾise,ɾuboɾis,ɾuboɾis,NL
ɾuboɾise,ɾuboɾise,ɾuboɾis,ɾuboɾis,NL
ɾuboɾise,ɾuboɾise,ɾuboɾis,ɾuboɾis,NL
ɾuboɾise,ɾuboɾise,ɾuboɾis,ɾuboɾis,NL
ɾuboɾise,ɾuboɾise,ɾuboɾis,ɾuboɾis,NL
ɾuboɾise,ɾuboɾise,ɾuboɾis,ɾuboɾis,NL
ɾuboɾise,ɾuboɾise,ɾuboɾis,ɾuboɾis,NL
ɾuboɾise,ɾuboɾise,ɾuboɾis,ɾuboɾis,NL
ɾuboɾise,ɾuboɾise,ɾuboɾis,ɾuboɾis,NL
ɾuboɾise,ɾuboɾise,ɾuboɾis,ɾuboɾis,NL
ɾuboɾise,ɾuboɾise,ɾuboɾis,ɾuboɾis,NL
ɾuboɾise,ɾuboɾise,ɾuboɾis,ɾuboɾis,NL
ɾuboɾise,ɾuboɾise,ɾuboɾis,ɾuboɾis,NL
ɾuboɾise,ɾuboɾise,ɾuboɾis,ɾuboɾis,NL
ɾuboɾise,ɾuboɾise,ɾuboɾis,ɾuboɾis,NL
ɾuboɾise,ɾuboɾise,ɾuboɾis,ɾuboɾis,NL
ɾuboɾise,ɾuboɾise,ɾuboɾis,ɾuboɾis,NL
ɾuboɾise,ɾuboɾise,ɾuboɾis,ɾuboɾis,NL
ɾuboɾise,ɾuboɾise,ɾuboɾis,ɾuboɾis,NL
ɾuboɾise,ɾuboɾise,ɾuboɾis,ɾuboɾis,NL
ɾuboɾise,ɾuboɾise,ɾuboɾis,ɾuboɾis,NL
ɾuboɾise,ɾuboɾise,ɾuboɾis,ɾuboɾis,NL
ɾuboɾise,ɾuboɾise,ɾuboɾis,ɾuboɾis,NL
ɾuboɾise,ɾuboɾise,ɾuboɾis,ɾuboɾis,NL
ɾuboɾise,ɾuboɾise,ɾuboɾis,ɾuboɾis,NL
ɾuboɾise,ɾuboɾise,ɾuboɾis,ɾuboɾis,NL
ɾuboɾise,ɾuboɾise,ɾuboɾis,ɾuboɾis,NL
ɾuboɾise,ɾuboɾise,ɾuboɾis,ɾuboɾis,NL
ɾuboɾise,ɾuboɾise,ɾuboɾis,ɾuboɾis,NL
ɾuboɾise,ɾuboɾise,ɾuboɾis,ɾuboɾis,NL
ɾuboɾise,ɾuboɾise,ɾuboɾis,ɾuboɾis,NL
ɾuboɾise,ɾuboɾise,ɾuboɾis,ɾuboɾis,NL
ɾuboɾise,ɾuboɾise,ɾuboɾis,ɾuboɾis,NL
ɾuboɾise,ɾuboɾise,ɾuboɾis,ɾuboɾis,NL
ɾuboɾise,ɾuboɾise,ɾuboɾis,ɾuboɾis,NL
ɾuboɾise,ɾuboɾise,ɾuboɾis,ɾuboɾis,NL
ɾuboɾise,ɾuboɾise,ɾuboɾis,ɾuboɾis,NL
ɾuboɾise,ɾuboɾise,ɾuboɾis,ɾuboɾis,NL
ɾuboɾise,ɾuboɾise,ɾuboɾis,ɾuboɾis,NL
ɾuboɾise,ɾuboɾise,ɾuboɾis,ɾuboɾis,NL
ɾuboɾise,ɾuboɾise,ɾuboɾis,ɾuboɾis,NL
ɾuboɾise,ɾuboɾise,ɾuboɾis,ɾuboɾis,NL
ɾuboɾise,ɾuboɾise,ɾuboɾis,ɾuboɾis,NL
ɾuboɾise,ɾuboɾise,ɾuboɾis,ɾuboɾis,NL
ɾuboɾise,ɾuboɾise,ɾuboɾis,ɾuboɾis,NL
ɾuboɾise,ɾuboɾise,ɾuboɾis,ɾuboɾis,NL
ɾuboɾise,ɾuboɾise,ɾuboɾis,ɾuboɾis,NL
ɾuboɾise,ɾuboɾise,ɾuboɾis,ɾuboɾis,NL
ɾuboɾise,ɾuboɾise,ɾuboɾis,ɾuboɾis,NL
ɾuboɾise,ɾuboɾise,ɾuboɾis,ɾuboɾis,NL
ɾuboɾise,ɾuboɾise,ɾuboɾis,ɾuboɾis,NL
ɾuboɾise,ɾuboɾise,ɾuboɾis,ɾuboɾis,NL
ɾuboɾise,ɾuboɾise,ɾuboɾis,ɾuboɾis,NL
ɾuboɾise,ɾuboɾise,ɾuboɾis,ɾuboɾis,NL
ɾuboɾise,ɾuboɾise,ɾuboɾis,ɾuboɾis,NL
ɾuboɾise,ɾuboɾise,ɾuboɾis,ɾuboɾis,NL
ɾuboɾise,ɾuboɾise,ɾuboɾis,ɾuboɾis,NL
ɾuboɾisajs,ɾuboɾisajs,ɾuboɾis,ɾuboɾis,NL
ɾuboɾisajs,ɾuboɾisajs,ɾuboɾis,ɾuboɾis,NL
ɾuboɾisajs,ɾuboɾisajs,ɾuboɾis,ɾuboɾis,NL
ɾuboɾisajs,ɾuboɾisajs,ɾuboɾis,ɾuboɾis,NL
ɾuboɾisajs,ɾuboɾisajs,ɾuboɾis,ɾuboɾis,NL
ɾuboɾisajs,ɾuboɾisajs,ɾuboɾis,ɾuboɾis,NL
ɾuboɾisajs,ɾuboɾisajs,ɾuboɾis,ɾuboɾis,NL
ɾuboɾisajs,ɾuboɾisajs,ɾuboɾis,ɾuboɾis,NL
ɾuboɾisajs,ɾuboɾisajs,ɾuboɾis,ɾuboɾis,NL
ɾuboɾisajs,ɾuboɾisajs,ɾuboɾis,ɾuboɾis,NL
ɾuboɾisajs,ɾuboɾisajs,ɾuboɾis,ɾuboɾis,NL
ɾuboɾisajs,ɾuboɾisajs,ɾuboɾis,ɾuboɾis,NL
ɾuboɾisajs,ɾuboɾisajs,ɾuboɾis,ɾuboɾis,NL
ɾuboɾisajs,ɾuboɾisajs,ɾuboɾis,ɾuboɾis,NL
ɾuboɾisajs,ɾuboɾisajs,ɾuboɾis,ɾuboɾis,NL
ɾuboɾisajs,ɾuboɾisajs,ɾuboɾis,ɾuboɾis,NL
ɾuboɾisajs,ɾuboɾisajs,ɾuboɾis,ɾuboɾis,NL
ɾuboɾisajs,ɾuboɾisajs,ɾuboɾis,ɾuboɾis,NL
ɾuboɾisajs,ɾuboɾisajs,ɾuboɾis,ɾuboɾis,NL
ɾuboɾisajs,ɾuboɾisajs,ɾuboɾis,ɾuboɾis,NL
ɾuboɾisajs,ɾuboɾisajs,ɾuboɾis,ɾuboɾis,NL
ɾuboɾisajs,ɾuboɾisajs,ɾuboɾis,ɾuboɾis,NL
ɾuboɾisajs,ɾuboɾisajs,ɾuboɾis,ɾuboɾis,NL
ɾuboɾisajs,ɾuboɾisajs,ɾuboɾis,ɾuboɾis,NL
ɾuboɾisajs,ɾuboɾisajs,ɾuboɾis,ɾuboɾis,NL
ɾuboɾisajs,ɾuboɾisajs,ɾuboɾis,ɾuboɾis,NL
ɾuboɾisajs,ɾuboɾisajs,ɾuboɾis,ɾuboɾis,NL
ɾuboɾisajs,ɾuboɾisajs,ɾuboɾis,ɾuboɾis,NL
ɾuboɾisajs,ɾuboɾisajs,ɾuboɾis,ɾuboɾis,NL
ɾuboɾisajs,ɾuboɾisajs,ɾuboɾis,ɾuboɾis,NL
ɾuboɾisajs,ɾuboɾisajs,ɾuboɾis,ɾuboɾis,NL
ɾuboɾisajs,ɾuboɾisajs,ɾuboɾis,ɾuboɾis,NL
ɾuboɾisajs,ɾuboɾisajs,ɾuboɾis,ɾuboɾis,NL
ɾuboɾisajs,ɾuboɾisajs,ɾuboɾis,ɾuboɾis,NL
ɾuboɾisajs,ɾuboɾisajs,ɾuboɾis,ɾuboɾis,NL
ɾuboɾisajs,ɾuboɾisajs,ɾuboɾis,ɾuboɾis,NL
ɾuboɾisajs,ɾuboɾisajs,ɾuboɾis,ɾuboɾis,NL
ɾuboɾisajs,ɾuboɾisajs,ɾuboɾis,ɾuboɾis,NL
ɾuboɾisajs,ɾuboɾisajs,ɾuboɾis,ɾuboɾis,NL
ɾuboɾisajs,ɾuboɾisajs,ɾuboɾis,ɾuboɾis,NL
ɾuboɾisajs,ɾuboɾisajs,ɾuboɾis,ɾuboɾis,NL
ɾuboɾisajs,ɾuboɾisajs,ɾuboɾis,ɾuboɾis,NL
ɾuboɾisajs,ɾuboɾisajs,ɾuboɾis,ɾuboɾis,NL
ɾuboɾisajs,ɾuboɾisajs,ɾuboɾis,ɾuboɾis,NL
ɾuboɾisajs,ɾuboɾisajs,ɾuboɾis,ɾuboɾis,NL
ɾuboɾisajs,ɾuboɾisajs,ɾuboɾis,ɾuboɾis,NL
ɾuboɾisajs,ɾuboɾisajs,ɾuboɾis,ɾuboɾis,NL
ɾuboɾisajs,ɾuboɾisajs,ɾuboɾis,ɾuboɾis,NL
ɾuboɾisajs,ɾuboɾisajs,ɾuboɾis,ɾuboɾis,NL
ɾuboɾisajs,ɾuboɾisajs,ɾuboɾis,ɾuboɾis,NL
ɾuboɾisajs,ɾuboɾisajs,ɾuboɾis,ɾuboɾis,NL
ɾuboɾisajs,ɾuboɾisajs,ɾuboɾis,ɾuboɾis,NL
ɾuboɾisajs,ɾuboɾisajs,ɾuboɾis,ɾuboɾis,NL
ɾuboɾisajs,ɾuboɾisajs,ɾuboɾis,ɾuboɾis,NL
ɾuboɾisajs,ɾuboɾisajs,ɾuboɾis,ɾuboɾis,NL
ɾuboɾisamos,ɾuboɾisamos,ɾuboɾis,ɾuboɾis,NL
ɾuboɾisamos,ɾuboɾisamos,ɾuboɾis,ɾuboɾis,NL
ɾuboɾisamos,ɾuboɾisamos,ɾuboɾis,ɾuboɾis,NL
ɾuboɾisamos,ɾuboɾisamos,ɾuboɾis,ɾuboɾis,NL
ɾuboɾisamos,ɾuboɾisamos,ɾuboɾis,ɾuboɾis,NL
ɾuboɾisamos,ɾuboɾisamos,ɾuboɾis,ɾuboɾis,NL
ɾuboɾisamos,ɾuboɾisamos,ɾuboɾis,ɾuboɾis,NL
ɾuboɾisamos,ɾuboɾisamos,ɾuboɾis,ɾuboɾis,NL
ɾuboɾisamos,ɾuboɾisamos,ɾuboɾis,ɾuboɾis,NL
ɾuboɾisamos,ɾuboɾisamos,ɾuboɾis,ɾuboɾis,NL
ɾuboɾisamos,ɾuboɾisamos,ɾuboɾis,ɾuboɾis,NL
ɾuboɾisamos,ɾuboɾisamos,ɾuboɾis,ɾuboɾis,NL
ɾuboɾisamos,ɾuboɾisamos,ɾuboɾis,ɾuboɾis,NL
ɾuboɾisamos,ɾuboɾisamos,ɾuboɾis,ɾuboɾis,NL
ɾuboɾisamos,ɾuboɾisamos,ɾuboɾis,ɾuboɾis,NL
ɾuboɾisamos,ɾuboɾisamos,ɾuboɾis,ɾuboɾis,NL
ɾuboɾisamos,ɾuboɾisamos,ɾuboɾis,ɾuboɾis,NL
ɾuboɾisamos,ɾuboɾisamos,ɾuboɾis,ɾuboɾis,NL
ɾuboɾisamos,ɾuboɾisamos,ɾuboɾis,ɾuboɾis,NL
ɾuboɾisamos,ɾuboɾisamos,ɾuboɾis,ɾuboɾis,NL
ɾuboɾisamos,ɾuboɾisamos,ɾuboɾis,ɾuboɾis,NL
ɾuboɾisamos,ɾuboɾisamos,ɾuboɾis,ɾuboɾis,NL
ɾuboɾisamos,ɾuboɾisamos,ɾuboɾis,ɾuboɾis,NL
ɾuboɾisamos,ɾuboɾisamos,ɾuboɾis,ɾuboɾis,NL
ɾuboɾisamos,ɾuboɾisamos,ɾuboɾis,ɾuboɾis,NL
ɾuboɾisamos,ɾuboɾisamos,ɾuboɾis,ɾuboɾis,NL
ɾuboɾisamos,ɾuboɾisamos,ɾuboɾis,ɾuboɾis,NL
ɾuboɾisamos,ɾuboɾisamos,ɾuboɾis,ɾuboɾis,NL
ɾuboɾisamos,ɾuboɾisamos,ɾuboɾis,ɾuboɾis,NL
ɾuboɾisamos,ɾuboɾisamos,ɾuboɾis,ɾuboɾis,NL
ɾuboɾisamos,ɾuboɾisamos,ɾuboɾis,ɾuboɾis,NL
ɾuboɾisamos,ɾuboɾisamos,ɾuboɾis,ɾuboɾis,NL
ɾuboɾisamos,ɾuboɾisamos,ɾuboɾis,ɾuboɾis,NL
ɾuboɾisamos,ɾuboɾisamos,ɾuboɾis,ɾuboɾis,NL
ɾuboɾisamos,ɾuboɾisamos,ɾuboɾis,ɾuboɾis,NL
ɾuboɾisamos,ɾuboɾisamos,ɾuboɾis,ɾuboɾis,NL
ɾuboɾisamos,ɾuboɾisamos,ɾuboɾis,ɾuboɾis,NL
ɾuboɾisamos,ɾuboɾisamos,ɾuboɾis,ɾuboɾis,NL
ɾuboɾisamos,ɾuboɾisamos,ɾuboɾis,ɾuboɾis,NL
ɾuboɾisamos,ɾuboɾisamos,ɾuboɾis,ɾuboɾis,NL
ɾuboɾisamos,ɾuboɾisamos,ɾuboɾis,ɾuboɾis,NL
ɾuboɾisamos,ɾuboɾisamos,ɾuboɾis,ɾuboɾis,NL
ɾuboɾisamos,ɾuboɾisamos,ɾuboɾis,ɾuboɾis,NL
ɾuboɾisamos,ɾuboɾisamos,ɾuboɾis,ɾuboɾis,NL
ɾuboɾisamos,ɾuboɾisamos,ɾuboɾis,ɾuboɾis,NL
ɾuboɾisamos,ɾuboɾisamos,ɾuboɾis,ɾuboɾis,NL
ɾuboɾisamos,ɾuboɾisamos,ɾuboɾis,ɾuboɾis,NL
ɾuboɾisamos,ɾuboɾisamos,ɾuboɾis,ɾuboɾis,NL
ɾuboɾisamos,ɾuboɾisamos,ɾuboɾis,ɾuboɾis,NL
ɾuboɾisamos,ɾuboɾisamos,ɾuboɾis,ɾuboɾis,NL
ɾuboɾisamos,ɾuboɾisamos,ɾuboɾis,ɾuboɾis,NL
ɾuboɾisamos,ɾuboɾisamos,ɾuboɾis,ɾuboɾis,NL
ɾuboɾisamos,ɾuboɾisamos,ɾuboɾis,ɾuboɾis,NL
ɾuboɾisamos,ɾuboɾisamos,ɾuboɾis,ɾuboɾis,NL
ɾuboɾisamos,ɾuboɾisamos,ɾuboɾis,ɾuboɾis,NL
ɾuboɾisan,ɾuboɾisan,ɾuboɾis,ɾuboɾis,NL
ɾuboɾisan,ɾuboɾisan,ɾuboɾis,ɾuboɾis,NL
ɾuboɾisan,ɾuboɾisan,ɾuboɾis,ɾuboɾis,NL
ɾuboɾisan,ɾuboɾisan,ɾuboɾis,ɾuboɾis,NL
ɾuboɾisan,ɾuboɾisan,ɾuboɾis,ɾuboɾis,NL
ɾuboɾisan,ɾuboɾisan,ɾuboɾis,ɾuboɾis,NL
ɾuboɾisan,ɾuboɾisan,ɾuboɾis,ɾuboɾis,NL
ɾuboɾisan,ɾuboɾisan,ɾuboɾis,ɾuboɾis,NL
ɾuboɾisan,ɾuboɾisan,ɾuboɾis,ɾuboɾis,NL
ɾuboɾisan,ɾuboɾisan,ɾuboɾis,ɾuboɾis,NL
ɾuboɾisan,ɾuboɾisan,ɾuboɾis,ɾuboɾis,NL
ɾuboɾisan,ɾuboɾisan,ɾuboɾis,ɾuboɾis,NL
ɾuboɾisan,ɾuboɾisan,ɾuboɾis,ɾuboɾis,NL
ɾuboɾisan,ɾuboɾisan,ɾuboɾis,ɾuboɾis,NL
ɾuboɾisan,ɾuboɾisan,ɾuboɾis,ɾuboɾis,NL
ɾuboɾisan,ɾuboɾisan,ɾuboɾis,ɾuboɾis,NL
ɾuboɾisan,ɾuboɾisan,ɾuboɾis,ɾuboɾis,NL
ɾuboɾisan,ɾuboɾisan,ɾuboɾis,ɾuboɾis,NL
ɾuboɾisan,ɾuboɾisan,ɾuboɾis,ɾuboɾis,NL
ɾuboɾisan,ɾuboɾisan,ɾuboɾis,ɾuboɾis,NL
ɾuboɾisan,ɾuboɾisan,ɾuboɾis,ɾuboɾis,NL
ɾuboɾisan,ɾuboɾisan,ɾuboɾis,ɾuboɾis,NL
ɾuboɾisan,ɾuboɾisan,ɾuboɾis,ɾuboɾis,NL
ɾuboɾisan,ɾuboɾisan,ɾuboɾis,ɾuboɾis,NL
ɾuboɾisan,ɾuboɾisan,ɾuboɾis,ɾuboɾis,NL
ɾuboɾisan,ɾuboɾisan,ɾuboɾis,ɾuboɾis,NL
ɾuboɾisan,ɾuboɾisan,ɾuboɾis,ɾuboɾis,NL
ɾuboɾisan,ɾuboɾisan,ɾuboɾis,ɾuboɾis,NL
ɾuboɾisan,ɾuboɾisan,ɾuboɾis,ɾuboɾis,NL
ɾuboɾisan,ɾuboɾisan,ɾuboɾis,ɾuboɾis,NL
ɾuboɾisan,ɾuboɾisan,ɾuboɾis,ɾuboɾis,NL
ɾuboɾisan,ɾuboɾisan,ɾuboɾis,ɾuboɾis,NL
ɾuboɾisan,ɾuboɾisan,ɾuboɾis,ɾuboɾis,NL
ɾuboɾisan,ɾuboɾisan,ɾuboɾis,ɾuboɾis,NL
ɾuboɾisan,ɾuboɾisan,ɾuboɾis,ɾuboɾis,NL
ɾuboɾisan,ɾuboɾisan,ɾuboɾis,ɾuboɾis,NL
ɾuboɾisan,ɾuboɾisan,ɾuboɾis,ɾuboɾis,NL
ɾuboɾisan,ɾuboɾisan,ɾuboɾis,ɾuboɾis,NL
ɾuboɾisan,ɾuboɾisan,ɾuboɾis,ɾuboɾis,NL
ɾuboɾisan,ɾuboɾisan,ɾuboɾis,ɾuboɾis,NL
ɾuboɾisan,ɾuboɾisan,ɾuboɾis,ɾuboɾis,NL
ɾuboɾisan,ɾuboɾisan,ɾuboɾis,ɾuboɾis,NL
ɾuboɾisan,ɾuboɾisan,ɾuboɾis,ɾuboɾis,NL
ɾuboɾisan,ɾuboɾisan,ɾuboɾis,ɾuboɾis,NL
ɾuboɾisan,ɾuboɾisan,ɾuboɾis,ɾuboɾis,NL
ɾuboɾisan,ɾuboɾisan,ɾuboɾis,ɾuboɾis,NL
ɾuboɾisan,ɾuboɾisan,ɾuboɾis,ɾuboɾis,NL
ɾuboɾisan,ɾuboɾisan,ɾuboɾis,ɾuboɾis,NL
ɾuboɾisan,ɾuboɾisan,ɾuboɾis,ɾuboɾis,NL
ɾuboɾisan,ɾuboɾisan,ɾuboɾis,ɾuboɾis,NL
ɾuboɾisan,ɾuboɾisan,ɾuboɾis,ɾuboɾis,NL
ɾuboɾisan,ɾuboɾisan,ɾuboɾis,ɾuboɾis,NL
ɾuboɾisan,ɾuboɾisan,ɾuboɾis,ɾuboɾis,NL
ɾuboɾisan,ɾuboɾisan,ɾuboɾis,ɾuboɾis,NL
ɾuboɾisan,ɾuboɾisan,ɾuboɾis,ɾuboɾis,NL
ɾuboɾisas,ɾuboɾisas,ɾuboɾis,ɾuboɾis,NL
ɾuboɾisas,ɾuboɾisas,ɾuboɾis,ɾuboɾis,NL
ɾuboɾisas,ɾuboɾisas,ɾuboɾis,ɾuboɾis,NL
ɾuboɾisas,ɾuboɾisas,ɾuboɾis,ɾuboɾis,NL
ɾuboɾisas,ɾuboɾisas,ɾuboɾis,ɾuboɾis,NL
ɾuboɾisas,ɾuboɾisas,ɾuboɾis,ɾuboɾis,NL
ɾuboɾisas,ɾuboɾisas,ɾuboɾis,ɾuboɾis,NL
ɾuboɾisas,ɾuboɾisas,ɾuboɾis,ɾuboɾis,NL
ɾuboɾisas,ɾuboɾisas,ɾuboɾis,ɾuboɾis,NL
ɾuboɾisas,ɾuboɾisas,ɾuboɾis,ɾuboɾis,NL
ɾuboɾisas,ɾuboɾisas,ɾuboɾis,ɾuboɾis,NL
ɾuboɾisas,ɾuboɾisas,ɾuboɾis,ɾuboɾis,NL
ɾuboɾisas,ɾuboɾisas,ɾuboɾis,ɾuboɾis,NL
ɾuboɾisas,ɾuboɾisas,ɾuboɾis,ɾuboɾis,NL
ɾuboɾisas,ɾuboɾisas,ɾuboɾis,ɾuboɾis,NL
ɾuboɾisas,ɾuboɾisas,ɾuboɾis,ɾuboɾis,NL
ɾuboɾisas,ɾuboɾisas,ɾuboɾis,ɾuboɾis,NL
ɾuboɾisas,ɾuboɾisas,ɾuboɾis,ɾuboɾis,NL
ɾuboɾisas,ɾuboɾisas,ɾuboɾis,ɾuboɾis,NL
ɾuboɾisas,ɾuboɾisas,ɾuboɾis,ɾuboɾis,NL
ɾuboɾisas,ɾuboɾisas,ɾuboɾis,ɾuboɾis,NL
ɾuboɾisas,ɾuboɾisas,ɾuboɾis,ɾuboɾis,NL
ɾuboɾisas,ɾuboɾisas,ɾuboɾis,ɾuboɾis,NL
ɾuboɾisas,ɾuboɾisas,ɾuboɾis,ɾuboɾis,NL
ɾuboɾisas,ɾuboɾisas,ɾuboɾis,ɾuboɾis,NL
ɾuboɾisas,ɾuboɾisas,ɾuboɾis,ɾuboɾis,NL
ɾuboɾisas,ɾuboɾisas,ɾuboɾis,ɾuboɾis,NL
ɾuboɾisas,ɾuboɾisas,ɾuboɾis,ɾuboɾis,NL
ɾuboɾisas,ɾuboɾisas,ɾuboɾis,ɾuboɾis,NL
ɾuboɾisas,ɾuboɾisas,ɾuboɾis,ɾuboɾis,NL
ɾuboɾisas,ɾuboɾisas,ɾuboɾis,ɾuboɾis,NL
ɾuboɾisas,ɾuboɾisas,ɾuboɾis,ɾuboɾis,NL
ɾuboɾisas,ɾuboɾisas,ɾuboɾis,ɾuboɾis,NL
ɾuboɾisas,ɾuboɾisas,ɾuboɾis,ɾuboɾis,NL
ɾuboɾisas,ɾuboɾisas,ɾuboɾis,ɾuboɾis,NL
ɾuboɾisas,ɾuboɾisas,ɾuboɾis,ɾuboɾis,NL
ɾuboɾisas,ɾuboɾisas,ɾuboɾis,ɾuboɾis,NL
ɾuboɾisas,ɾuboɾisas,ɾuboɾis,ɾuboɾis,NL
ɾuboɾisas,ɾuboɾisas,ɾuboɾis,ɾuboɾis,NL
ɾuboɾisas,ɾuboɾisas,ɾuboɾis,ɾuboɾis,NL
ɾuboɾisas,ɾuboɾisas,ɾuboɾis,ɾuboɾis,NL
ɾuboɾisas,ɾuboɾisas,ɾuboɾis,ɾuboɾis,NL
ɾuboɾisas,ɾuboɾisas,ɾuboɾis,ɾuboɾis,NL
ɾuboɾisas,ɾuboɾisas,ɾuboɾis,ɾuboɾis,NL
ɾuboɾisas,ɾuboɾisas,ɾuboɾis,ɾuboɾis,NL
ɾuboɾisas,ɾuboɾisas,ɾuboɾis,ɾuboɾis,NL
ɾuboɾisas,ɾuboɾisas,ɾuboɾis,ɾuboɾis,NL
ɾuboɾisas,ɾuboɾisas,ɾuboɾis,ɾuboɾis,NL
ɾuboɾisas,ɾuboɾisas,ɾuboɾis,ɾuboɾis,NL
ɾuboɾisas,ɾuboɾisas,ɾuboɾis,ɾuboɾis,NL
ɾuboɾisas,ɾuboɾisas,ɾuboɾis,ɾuboɾis,NL
ɾuboɾisas,ɾuboɾisas,ɾuboɾis,ɾuboɾis,NL
ɾuboɾisas,ɾuboɾisas,ɾuboɾis,ɾuboɾis,NL
ɾuboɾisas,ɾuboɾisas,ɾuboɾis,ɾuboɾis,NL
ɾuboɾisas,ɾuboɾisas,ɾuboɾis,ɾuboɾis,NL
ɾuboɾisa,ɾuboɾisa,ɾuboɾis,ɾuboɾis,NL
ɾuboɾisa,ɾuboɾisa,ɾuboɾis,ɾuboɾis,NL
ɾuboɾisa,ɾuboɾisa,ɾuboɾis,ɾuboɾis,NL
ɾuboɾisa,ɾuboɾisa,ɾuboɾis,ɾuboɾis,NL
ɾuboɾisa,ɾuboɾisa,ɾuboɾis,ɾuboɾis,NL
ɾuboɾisa,ɾuboɾisa,ɾuboɾis,ɾuboɾis,NL
ɾuboɾisa,ɾuboɾisa,ɾuboɾis,ɾuboɾis,NL
ɾuboɾisa,ɾuboɾisa,ɾuboɾis,ɾuboɾis,NL
ɾuboɾisa,ɾuboɾisa,ɾuboɾis,ɾuboɾis,NL
ɾuboɾisa,ɾuboɾisa,ɾuboɾis,ɾuboɾis,NL
ɾuboɾisa,ɾuboɾisa,ɾuboɾis,ɾuboɾis,NL
ɾuboɾisa,ɾuboɾisa,ɾuboɾis,ɾuboɾis,NL
ɾuboɾisa,ɾuboɾisa,ɾuboɾis,ɾuboɾis,NL
ɾuboɾisa,ɾuboɾisa,ɾuboɾis,ɾuboɾis,NL
ɾuboɾisa,ɾuboɾisa,ɾuboɾis,ɾuboɾis,NL
ɾuboɾisa,ɾuboɾisa,ɾuboɾis,ɾuboɾis,NL
ɾuboɾisa,ɾuboɾisa,ɾuboɾis,ɾuboɾis,NL
ɾuboɾisa,ɾuboɾisa,ɾuboɾis,ɾuboɾis,NL
ɾuboɾisa,ɾuboɾisa,ɾuboɾis,ɾuboɾis,NL
ɾuboɾisa,ɾuboɾisa,ɾuboɾis,ɾuboɾis,NL
ɾuboɾisa,ɾuboɾisa,ɾuboɾis,ɾuboɾis,NL
ɾuboɾisa,ɾuboɾisa,ɾuboɾis,ɾuboɾis,NL
ɾuboɾisa,ɾuboɾisa,ɾuboɾis,ɾuboɾis,NL
ɾuboɾisa,ɾuboɾisa,ɾuboɾis,ɾuboɾis,NL
ɾuboɾisa,ɾuboɾisa,ɾuboɾis,ɾuboɾis,NL
ɾuboɾisa,ɾuboɾisa,ɾuboɾis,ɾuboɾis,NL
ɾuboɾisa,ɾuboɾisa,ɾuboɾis,ɾuboɾis,NL
ɾuboɾisa,ɾuboɾisa,ɾuboɾis,ɾuboɾis,NL
ɾuboɾisa,ɾuboɾisa,ɾuboɾis,ɾuboɾis,NL
ɾuboɾisa,ɾuboɾisa,ɾuboɾis,ɾuboɾis,NL
ɾuboɾisa,ɾuboɾisa,ɾuboɾis,ɾuboɾis,NL
ɾuboɾisa,ɾuboɾisa,ɾuboɾis,ɾuboɾis,NL
ɾuboɾisa,ɾuboɾisa,ɾuboɾis,ɾuboɾis,NL
ɾuboɾisa,ɾuboɾisa,ɾuboɾis,ɾuboɾis,NL
ɾuboɾisa,ɾuboɾisa,ɾuboɾis,ɾuboɾis,NL
ɾuboɾisa,ɾuboɾisa,ɾuboɾis,ɾuboɾis,NL
ɾuboɾisa,ɾuboɾisa,ɾuboɾis,ɾuboɾis,NL
ɾuboɾisa,ɾuboɾisa,ɾuboɾis,ɾuboɾis,NL
ɾuboɾisa,ɾuboɾisa,ɾuboɾis,ɾuboɾis,NL
ɾuboɾisa,ɾuboɾisa,ɾuboɾis,ɾuboɾis,NL
ɾuboɾisa,ɾuboɾisa,ɾuboɾis,ɾuboɾis,NL
ɾuboɾisa,ɾuboɾisa,ɾuboɾis,ɾuboɾis,NL
ɾuboɾisa,ɾuboɾisa,ɾuboɾis,ɾuboɾis,NL
ɾuboɾisa,ɾuboɾisa,ɾuboɾis,ɾuboɾis,NL
ɾuboɾisa,ɾuboɾisa,ɾuboɾis,ɾuboɾis,NL
ɾuboɾisa,ɾuboɾisa,ɾuboɾis,ɾuboɾis,NL
ɾuboɾisa,ɾuboɾisa,ɾuboɾis,ɾuboɾis,NL
ɾuboɾisa,ɾuboɾisa,ɾuboɾis,ɾuboɾis,NL
ɾuboɾisa,ɾuboɾisa,ɾuboɾis,ɾuboɾis,NL
ɾuboɾisa,ɾuboɾisa,ɾuboɾis,ɾuboɾis,NL
ɾuboɾisa,ɾuboɾisa,ɾuboɾis,ɾuboɾis,NL
ɾuboɾisa,ɾuboɾisa,ɾuboɾis,ɾuboɾis,NL
ɾuboɾisa,ɾuboɾisa,ɾuboɾis,ɾuboɾis,NL
ɾuboɾisa,ɾuboɾisa,ɾuboɾis,ɾuboɾis,NL
ɾuboɾisa,ɾuboɾisa,ɾuboɾis,ɾuboɾis,NL
ɾuboɾiso,ɾuboɾiso,ɾuboɾis,ɾuboɾis,NL
ɾuboɾiso,ɾuboɾiso,ɾuboɾis,ɾuboɾis,NL
ɾuboɾiso,ɾuboɾiso,ɾuboɾis,ɾuboɾis,NL
ɾuboɾiso,ɾuboɾiso,ɾuboɾis,ɾuboɾis,NL
ɾuboɾiso,ɾuboɾiso,ɾuboɾis,ɾuboɾis,NL
ɾuboɾiso,ɾuboɾiso,ɾuboɾis,ɾuboɾis,NL
ɾuboɾiso,ɾuboɾiso,ɾuboɾis,ɾuboɾis,NL
ɾuboɾiso,ɾuboɾiso,ɾuboɾis,ɾuboɾis,NL
ɾuboɾiso,ɾuboɾiso,ɾuboɾis,ɾuboɾis,NL
ɾuboɾiso,ɾuboɾiso,ɾuboɾis,ɾuboɾis,NL
ɾuboɾiso,ɾuboɾiso,ɾuboɾis,ɾuboɾis,NL
ɾuboɾiso,ɾuboɾiso,ɾuboɾis,ɾuboɾis,NL
ɾuboɾiso,ɾuboɾiso,ɾuboɾis,ɾuboɾis,NL
ɾuboɾiso,ɾuboɾiso,ɾuboɾis,ɾuboɾis,NL
ɾuboɾiso,ɾuboɾiso,ɾuboɾis,ɾuboɾis,NL
ɾuboɾiso,ɾuboɾiso,ɾuboɾis,ɾuboɾis,NL
ɾuboɾiso,ɾuboɾiso,ɾuboɾis,ɾuboɾis,NL
ɾuboɾiso,ɾuboɾiso,ɾuboɾis,ɾuboɾis,NL
ɾuboɾiso,ɾuboɾiso,ɾuboɾis,ɾuboɾis,NL
ɾuboɾiso,ɾuboɾiso,ɾuboɾis,ɾuboɾis,NL
ɾuboɾiso,ɾuboɾiso,ɾuboɾis,ɾuboɾis,NL
ɾuboɾiso,ɾuboɾiso,ɾuboɾis,ɾuboɾis,NL
ɾuboɾiso,ɾuboɾiso,ɾuboɾis,ɾuboɾis,NL
ɾuboɾiso,ɾuboɾiso,ɾuboɾis,ɾuboɾis,NL
ɾuboɾiso,ɾuboɾiso,ɾuboɾis,ɾuboɾis,NL
ɾuboɾiso,ɾuboɾiso,ɾuboɾis,ɾuboɾis,NL
ɾuboɾiso,ɾuboɾiso,ɾuboɾis,ɾuboɾis,NL
ɾuboɾiso,ɾuboɾiso,ɾuboɾis,ɾuboɾis,NL
ɾuboɾiso,ɾuboɾiso,ɾuboɾis,ɾuboɾis,NL
ɾuboɾiso,ɾuboɾiso,ɾuboɾis,ɾuboɾis,NL
ɾuboɾiso,ɾuboɾiso,ɾuboɾis,ɾuboɾis,NL
ɾuboɾiso,ɾuboɾiso,ɾuboɾis,ɾuboɾis,NL
ɾuboɾiso,ɾuboɾiso,ɾuboɾis,ɾuboɾis,NL
ɾuboɾiso,ɾuboɾiso,ɾuboɾis,ɾuboɾis,NL
ɾuboɾiso,ɾuboɾiso,ɾuboɾis,ɾuboɾis,NL
ɾuboɾiso,ɾuboɾiso,ɾuboɾis,ɾuboɾis,NL
ɾuboɾiso,ɾuboɾiso,ɾuboɾis,ɾuboɾis,NL
ɾuboɾiso,ɾuboɾiso,ɾuboɾis,ɾuboɾis,NL
ɾuboɾiso,ɾuboɾiso,ɾuboɾis,ɾuboɾis,NL
ɾuboɾiso,ɾuboɾiso,ɾuboɾis,ɾuboɾis,NL
ɾuboɾiso,ɾuboɾiso,ɾuboɾis,ɾuboɾis,NL
ɾuboɾiso,ɾuboɾiso,ɾuboɾis,ɾuboɾis,NL
ɾuboɾiso,ɾuboɾiso,ɾuboɾis,ɾuboɾis,NL
ɾuboɾiso,ɾuboɾiso,ɾuboɾis,ɾuboɾis,NL
ɾuboɾiso,ɾuboɾiso,ɾuboɾis,ɾuboɾis,NL
ɾuboɾiso,ɾuboɾiso,ɾuboɾis,ɾuboɾis,NL
ɾuboɾiso,ɾuboɾiso,ɾuboɾis,ɾuboɾis,NL
ɾuboɾiso,ɾuboɾiso,ɾuboɾis,ɾuboɾis,NL
ɾuboɾiso,ɾuboɾiso,ɾuboɾis,ɾuboɾis,NL
ɾuboɾiso,ɾuboɾiso,ɾuboɾis,ɾuboɾis,NL
ɾuboɾiso,ɾuboɾiso,ɾuboɾis,ɾuboɾis,NL
ɾuboɾiso,ɾuboɾiso,ɾuboɾis,ɾuboɾis,NL
ɾuboɾiso,ɾuboɾiso,ɾuboɾis,ɾuboɾis,NL
ɾuboɾiso,ɾuboɾiso,ɾuboɾis,ɾuboɾis,NL
ɾuboɾiso,ɾuboɾiso,ɾuboɾis,ɾuboɾis,NL
komplementajs,komplementajs,komplement,komplement,NL
komplementajs,komplementajs,komplement,komplement,NL
komplementajs,komplementajs,komplement,komplement,NL
komplementajs,komplementajs,komplement,komplement,NL
komplementajs,komplementajs,komplement,komplement,NL
komplementajs,komplementajs,komplement,komplement,NL
komplementajs,komplementajs,komplement,komplement,NL
komplementajs,komplementajs,komplement,komplement,NL
komplementajs,komplementajs,komplement,komplement,NL
komplementajs,komplementajs,komplement,komplement,NL
komplementajs,komplemenajs,komplemen,komplement,NL
komplementajs,komplemenajs,komplemen,komplement,NL
komplementajs,komplemenajs,komplemen,komplement,NL
komplementajs,komplemenajs,komplemen,komplement,NL
komplementajs,komplemenajs,komplemen,komplement,NL
komplementajs,komplemenajs,komplemen,komplement,NL
komplementajs,komplemenajs,komplemen,komplement,NL
komplementajs,komplemenajs,komplemen,komplement,NL
komplementajs,komplemenajs,komplemen,komplement,NL
komplementajs,komplemenajs,komplemen,komplement,NL
komplementajs,komplemenajs,komplemen,komplement,NL
komplementajs,komplemenajs,komplemen,komplement,NL
komplementajs,komplemenajs,komplemen,komplement,NL
komplementajs,komplemenajs,komplemen,komplement,NL
komplementajs,komplemenajs,komplemen,komplement,NL
komplementajs,komplemenajs,komplemen,komplement,NL
komplementajs,komplemenajs,komplemen,komplement,NL
komplementajs,komplemenajs,komplemen,komplement,NL
komplementajs,komplemenajs,komplemen,komplement,NL
komplementajs,komplemenajs,komplemen,komplement,NL
komplementajs,komplemenajs,komplemen,komplement,NL
komplementajs,komplemenajs,komplemen,komplement,NL
komplementajs,komplemenajs,komplemen,komplement,NL
komplementajs,komplemenajs,komplemen,komplement,NL
komplementajs,komplementajs,komplement,komplement,NL
komplementajs,komplementajs,komplement,komplement,NL
komplementajs,komplementajs,komplement,komplement,NL
komplementajs,komplementajs,komplement,komplement,NL
komplementajs,komplementajs,komplement,komplement,NL
komplementajs,komplementajs,komplement,komplement,NL
komplementajs,komplementajs,komplement,komplement,NL
komplementajs,komplementajs,komplement,komplement,NL
komplementajs,komplementajs,komplement,komplement,NL
komplementajs,komplementajs,komplement,komplement,NL
komplementajs,komplementajs,komplement,komplement,NL
komplementajs,komplemenajs,komplemen,komplement,NL
komplementajs,komplemenajs,komplemen,komplement,NL
komplementajs,komplemenajs,komplemen,komplement,NL
komplementajs,komplemenajs,komplemen,komplement,NL
komplementajs,komplemenajs,komplemen,komplement,NL
komplementajs,komplemenajs,komplemen,komplement,NL
komplementajs,komplemenajs,komplemen,komplement,NL
komplementajs,komplemenajs,komplemen,komplement,NL
komplementajs,komplemenajs,komplemen,komplement,NL
komplementajs,komplemenajs,komplemen,komplement,NL
komplementamos,komplementamos,komplement,komplement,NL
komplementamos,komplementamos,komplement,komplement,NL
komplementamos,komplementamos,komplement,komplement,NL
komplementamos,komplementamos,komplement,komplement,NL
komplementamos,komplementamos,komplement,komplement,NL
komplementamos,komplementamos,komplement,komplement,NL
komplementamos,komplementamos,komplement,komplement,NL
komplementamos,komplementamos,komplement,komplement,NL
komplementamos,komplementamos,komplement,komplement,NL
komplementamos,komplementamos,komplement,komplement,NL
komplementamos,komplemenamos,komplemen,komplement,NL
komplementamos,komplemenamos,komplemen,komplement,NL
komplementamos,komplemenamos,komplemen,komplement,NL
komplementamos,komplemenamos,komplemen,komplement,NL
komplementamos,komplemenamos,komplemen,komplement,NL
komplementamos,komplemenamos,komplemen,komplement,NL
komplementamos,komplemenamos,komplemen,komplement,NL
komplementamos,komplemenamos,komplemen,komplement,NL
komplementamos,komplemenamos,komplemen,komplement,NL
komplementamos,komplemenamos,komplemen,komplement,NL
komplementamos,komplemenamos,komplemen,komplement,NL
komplementamos,komplemenamos,komplemen,komplement,NL
komplementamos,komplemenamos,komplemen,komplement,NL
komplementamos,komplemenamos,komplemen,komplement,NL
komplementamos,komplemenamos,komplemen,komplement,NL
komplementamos,komplemenamos,komplemen,komplement,NL
komplementamos,komplemenamos,komplemen,komplement,NL
komplementamos,komplemenamos,komplemen,komplement,NL
komplementamos,komplemenamos,komplemen,komplement,NL
komplementamos,komplemenamos,komplemen,komplement,NL
komplementamos,komplemenamos,komplemen,komplement,NL
komplementamos,komplemenamos,komplemen,komplement,NL
komplementamos,komplemenamos,komplemen,komplement,NL
komplementamos,komplemenamos,komplemen,komplement,NL
komplementamos,komplementamos,komplement,komplement,NL
komplementamos,komplementamos,komplement,komplement,NL
komplementamos,komplementamos,komplement,komplement,NL
komplementamos,komplementamos,komplement,komplement,NL
komplementamos,komplementamos,komplement,komplement,NL
komplementamos,komplementamos,komplement,komplement,NL
komplementamos,komplementamos,komplement,komplement,NL
komplementamos,komplementamos,komplement,komplement,NL
komplementamos,komplementamos,komplement,komplement,NL
komplementamos,komplementamos,komplement,komplement,NL
komplementamos,komplementamos,komplement,komplement,NL
komplementamos,komplemenamos,komplemen,komplement,NL
komplementamos,komplemenamos,komplemen,komplement,NL
komplementamos,komplemenamos,komplemen,komplement,NL
komplementamos,komplemenamos,komplemen,komplement,NL
komplementamos,komplemenamos,komplemen,komplement,NL
komplementamos,komplemenamos,komplemen,komplement,NL
komplementamos,komplemenamos,komplemen,komplement,NL
komplementamos,komplemenamos,komplemen,komplement,NL
komplementamos,komplemenamos,komplemen,komplement,NL
komplementamos,komplemenamos,komplemen,komplement,NL
komplementan,komplementan,komplement,komplement,NL
komplementan,komplementan,komplement,komplement,NL
komplementan,komplementan,komplement,komplement,NL
komplementan,komplementan,komplement,komplement,NL
komplementan,komplementan,komplement,komplement,NL
komplementan,komplementan,komplement,komplement,NL
komplementan,komplementan,komplement,komplement,NL
komplementan,komplementan,komplement,komplement,NL
komplementan,komplementan,komplement,komplement,NL
komplementan,komplementan,komplement,komplement,NL
komplementan,komplementan,komplement,komplement,NL
komplementan,komplementan,komplement,komplement,NL
komplementan,komplementan,komplement,komplement,NL
komplementan,komplementan,komplement,komplement,NL
komplementan,komplementan,komplement,komplement,NL
komplementan,komplementan,komplement,komplement,NL
komplementan,komplementan,komplement,komplement,NL
komplementan,komplementan,komplement,komplement,NL
komplementan,komplementan,komplement,komplement,NL
komplementan,komplementan,komplement,komplement,NL
komplementan,komplemenɡan,komplemenɡ,komplement,NL
komplementan,komplemenɡan,komplemenɡ,komplement,NL
komplementan,komplemenɡan,komplemenɡ,komplement,NL
komplementan,komplementan,komplement,komplement,NL
komplementan,komplementan,komplement,komplement,NL
komplementan,komplementan,komplement,komplement,NL
komplementan,komplementan,komplement,komplement,NL
komplementan,komplemenɡan,komplemenɡ,komplement,NL
komplementan,komplemenɡan,komplemenɡ,komplement,NL
komplementan,komplementan,komplement,komplement,NL
komplementan,komplementan,komplement,komplement,NL
komplementan,komplemenɡan,komplemenɡ,komplement,NL
komplementan,komplemenɡan,komplemenɡ,komplement,NL
komplementan,komplemenɡan,komplemenɡ,komplement,NL
komplementan,komplementan,komplement,komplement,NL
komplementan,komplementan,komplement,komplement,NL
komplementan,komplementan,komplement,komplement,NL
komplementan,komplementan,komplement,komplement,NL
komplementan,komplementan,komplement,komplement,NL
komplementan,komplementan,komplement,komplement,NL
komplementan,komplementan,komplement,komplement,NL
komplementan,komplementan,komplement,komplement,NL
komplementan,komplementan,komplement,komplement,NL
komplementan,komplementan,komplement,komplement,NL
komplementan,komplementan,komplement,komplement,NL
komplementan,komplementan,komplement,komplement,NL
komplementan,komplementan,komplement,komplement,NL
komplementan,komplementan,komplement,komplement,NL
komplementan,komplemenɡan,komplemenɡ,komplement,NL
komplementan,komplementan,komplement,komplement,NL
komplementan,komplementan,komplement,komplement,NL
komplementan,komplemenɡan,komplemenɡ,komplement,NL
komplementan,komplemenen,komplemen,komplement,NL
komplementan,komplemenɡan,komplemenɡ,komplement,NL
komplementan,komplemenɡan,komplemenɡ,komplement,NL
komplementas,komplementas,komplement,komplement,NL
komplementas,komplementas,komplement,komplement,NL
komplementas,komplementas,komplement,komplement,NL
komplementas,komplementas,komplement,komplement,NL
komplementas,komplementas,komplement,komplement,NL
komplementas,komplementas,komplement,komplement,NL
komplementas,komplementas,komplement,komplement,NL
komplementas,komplementas,komplement,komplement,NL
komplementas,komplementas,komplement,komplement,NL
komplementas,komplementas,komplement,komplement,NL
komplementas,komplementas,komplement,komplement,NL
komplementas,komplementas,komplement,komplement,NL
komplementas,komplementas,komplement,komplement,NL
komplementas,komplementas,komplement,komplement,NL
komplementas,komplementas,komplement,komplement,NL
komplementas,komplementas,komplement,komplement,NL
komplementas,komplementas,komplement,komplement,NL
komplementas,komplementas,komplement,komplement,NL
komplementas,komplementas,komplement,komplement,NL
komplementas,komplemenes,komplemen,komplement,NL
komplementas,komplementas,komplement,komplement,NL
komplementas,komplementas,komplement,komplement,NL
komplementas,komplemenes,komplemen,komplement,NL
komplementas,komplementas,komplement,komplement,NL
komplementas,komplemenes,komplemen,komplement,NL
komplementas,komplemenes,komplemen,komplement,NL
komplementas,komplemenes,komplemen,komplement,NL
komplementas,komplementas,komplement,komplement,NL
komplementas,komplementas,komplement,komplement,NL
komplementas,komplemenes,komplemen,komplement,NL
komplementas,komplementas,komplement,komplement,NL
komplementas,komplemenes,komplemen,komplement,NL
komplementas,komplemenes,komplemen,komplement,NL
komplementas,komplemenes,komplemen,komplement,NL
komplementas,komplementas,komplement,komplement,NL
komplementas,komplementas,komplement,komplement,NL
komplementas,komplementas,komplement,komplement,NL
komplementas,komplementas,komplement,komplement,NL
komplementas,komplementas,komplement,komplement,NL
komplementas,komplementas,komplement,komplement,NL
komplementas,komplementas,komplement,komplement,NL
komplementas,komplementas,komplement,komplement,NL
komplementas,komplementas,komplement,komplement,NL
komplementas,komplementas,komplement,komplement,NL
komplementas,komplementas,komplement,komplement,NL
komplementas,komplemenes,komplemen,komplement,NL
komplementas,komplemenes,komplemen,komplement,NL
komplementas,komplemenes,komplemen,komplement,NL
komplementas,komplemenes,komplemen,komplement,NL
komplementas,komplemenes,komplemen,komplement,NL
komplementas,komplemenes,komplemen,komplement,NL
komplementas,komplemenes,komplemen,komplement,NL
komplementas,komplemenes,komplemen,komplement,NL
komplementas,komplemenes,komplemen,komplement,NL
komplementas,komplemenes,komplemen,komplement,NL
komplementa,komplementa,komplement,komplement,NL
komplementa,komplementa,komplement,komplement,NL
komplementa,komplementa,komplement,komplement,NL
komplementa,komplementa,komplement,komplement,NL
komplementa,komplementa,komplement,komplement,NL
komplementa,komplementa,komplement,komplement,NL
komplementa,komplementa,komplement,komplement,NL
komplementa,komplementa,komplement,komplement,NL
komplementa,komplementa,komplement,komplement,NL
komplementa,komplementa,komplement,komplement,NL
komplementa,komplementa,komplement,komplement,NL
komplementa,komplementa,komplement,komplement,NL
komplementa,komplementa,komplement,komplement,NL
komplementa,komplementa,komplement,komplement,NL
komplementa,komplementa,komplement,komplement,NL
komplementa,komplementa,komplement,komplement,NL
komplementa,komplementa,komplement,komplement,NL
komplementa,komplementa,komplement,komplement,NL
komplementa,komplementa,komplement,komplement,NL
komplementa,komplementa,komplement,komplement,NL
komplementa,komplementa,komplement,komplement,NL
komplementa,komplementa,komplement,komplement,NL
komplementa,komplementa,komplement,komplement,NL
komplementa,komplementa,komplement,komplement,NL
komplementa,komplementa,komplement,komplement,NL
komplementa,komplementa,komplement,komplement,NL
komplementa,komplementa,komplement,komplement,NL
komplementa,komplementa,komplement,komplement,NL
komplementa,komplementa,komplement,komplement,NL
komplementa,komplementa,komplement,komplement,NL
komplementa,komplementa,komplement,komplement,NL
komplementa,komplementa,komplement,komplement,NL
komplementa,komplementa,komplement,komplement,NL
komplementa,komplementa,komplement,komplement,NL
komplementa,komplementa,komplement,komplement,NL
komplementa,komplementa,komplement,komplement,NL
komplementa,komplementa,komplement,komplement,NL
komplementa,komplementa,komplement,komplement,NL
komplementa,komplementa,komplement,komplement,NL
komplementa,komplementa,komplement,komplement,NL
komplementa,komplementa,komplement,komplement,NL
komplementa,komplementa,komplement,komplement,NL
komplementa,komplementa,komplement,komplement,NL
komplementa,komplementa,komplement,komplement,NL
komplementa,komplementa,komplement,komplement,NL
komplementa,komplementa,komplement,komplement,NL
komplementa,komplementa,komplement,komplement,NL
komplementa,komplementa,komplement,komplement,NL
komplementa,komplementa,komplement,komplement,NL
komplementa,komplementa,komplement,komplement,NL
komplementa,komplementa,komplement,komplement,NL
komplementa,komplementa,komplement,komplement,NL
komplementa,komplementa,komplement,komplement,NL
komplementa,komplementa,komplement,komplement,NL
komplementa,komplementa,komplement,komplement,NL
komplementejs,komplementejs,komplement,komplement,NL
komplementejs,komplementejs,komplement,komplement,NL
komplementejs,komplementejs,komplement,komplement,NL
komplementejs,komplementejs,komplement,komplement,NL
komplementejs,komplementejs,komplement,komplement,NL
komplementejs,komplementejs,komplement,komplement,NL
komplementejs,komplementejs,komplement,komplement,NL
komplementejs,komplementejs,komplement,komplement,NL
komplementejs,komplementejs,komplement,komplement,NL
komplementejs,komplementejs,komplement,komplement,NL
komplementejs,komplementejs,komplement,komplement,NL
komplementejs,komplementejs,komplement,komplement,NL
komplementejs,komplementejs,komplement,komplement,NL
komplementejs,komplementejs,komplement,komplement,NL
komplementejs,komplementejs,komplement,komplement,NL
komplementejs,komplementejs,komplement,komplement,NL
komplementejs,komplementejs,komplement,komplement,NL
komplementejs,komplementejs,komplement,komplement,NL
komplementejs,komplementejs,komplement,komplement,NL
komplementejs,komplemenɡajs,komplemenɡ,komplement,NL
komplementejs,komplemenɡajs,komplemenɡ,komplement,NL
komplementejs,komplemenɡajs,komplemenɡ,komplement,NL
komplementejs,komplemenɡajs,komplemenɡ,komplement,NL
komplementejs,komplemenɡajs,komplemenɡ,komplement,NL
komplementejs,komplemenɡajs,komplemenɡ,komplement,NL
komplementejs,komplemenɡajs,komplemenɡ,komplement,NL
komplementejs,komplemenɡajs,komplemenɡ,komplement,NL
komplementejs,komplemenɡajs,komplemenɡ,komplement,NL
komplementejs,komplemenɡajs,komplemenɡ,komplement,NL
komplementejs,komplemenɡajs,komplemenɡ,komplement,NL
komplementejs,komplemenɡajs,komplemenɡ,komplement,NL
komplementejs,komplemenɡajs,komplemenɡ,komplement,NL
komplementejs,komplemenɡajs,komplemenɡ,komplement,NL
komplementejs,komplemenɡajs,komplemenɡ,komplement,NL
komplementejs,komplemenɡajs,komplemenɡ,komplement,NL
komplementejs,komplemenɡajs,komplemenɡ,komplement,NL
komplementejs,komplemenɡajs,komplemenɡ,komplement,NL
komplementejs,komplemenɡajs,komplemenɡ,komplement,NL
komplementejs,komplemenɡajs,komplemenɡ,komplement,NL
komplementejs,komplemenɡajs,komplemenɡ,komplement,NL
komplementejs,komplementejs,komplement,komplement,NL
komplementejs,komplementejs,komplement,komplement,NL
komplementejs,komplementejs,komplement,komplement,NL
komplementejs,komplementejs,komplement,komplement,NL
komplementejs,komplementejs,komplement,komplement,NL
komplementejs,komplemenɡajs,komplemenɡ,komplement,NL
komplementejs,komplemenɡajs,komplemenɡ,komplement,NL
komplementejs,komplemenɡajs,komplemenɡ,komplement,NL
komplementejs,komplemenɡajs,komplemenɡ,komplement,NL
komplementejs,komplemenɡajs,komplemenɡ,komplement,NL
komplementejs,komplemenɡajs,komplemenɡ,komplement,NL
komplementejs,komplemenɡajs,komplemenɡ,komplement,NL
komplementejs,komplemenɡajs,komplemenɡ,komplement,NL
komplementejs,komplemenɡajs,komplemenɡ,komplement,NL
komplementejs,komplemenɡajs,komplemenɡ,komplement,NL
komplementemos,komplementemos,komplement,komplement,NL
komplementemos,komplementemos,komplement,komplement,NL
komplementemos,komplementemos,komplement,komplement,NL
komplementemos,komplementemos,komplement,komplement,NL
komplementemos,komplementemos,komplement,komplement,NL
komplementemos,komplementemos,komplement,komplement,NL
komplementemos,komplementemos,komplement,komplement,NL
komplementemos,komplementemos,komplement,komplement,NL
komplementemos,komplementemos,komplement,komplement,NL
komplementemos,komplementemos,komplement,komplement,NL
komplementemos,komplementemos,komplement,komplement,NL
komplementemos,komplementemos,komplement,komplement,NL
komplementemos,komplementemos,komplement,komplement,NL
komplementemos,komplementemos,komplement,komplement,NL
komplementemos,komplementemos,komplement,komplement,NL
komplementemos,komplementemos,komplement,komplement,NL
komplementemos,komplementemos,komplement,komplement,NL
komplementemos,komplementemos,komplement,komplement,NL
komplementemos,komplementemos,komplement,komplement,NL
komplementemos,komplemenɡamos,komplemenɡ,komplement,NL
komplementemos,komplemenɡamos,komplemenɡ,komplement,NL
komplementemos,komplemenɡamos,komplemenɡ,komplement,NL
komplementemos,komplemenɡamos,komplemenɡ,komplement,NL
komplementemos,komplemenɡamos,komplemenɡ,komplement,NL
komplementemos,komplemenɡamos,komplemenɡ,komplement,NL
komplementemos,komplemenɡamos,komplemenɡ,komplement,NL
komplementemos,komplemenɡamos,komplemenɡ,komplement,NL
komplementemos,komplemenɡamos,komplemenɡ,komplement,NL
komplementemos,komplemenɡamos,komplemenɡ,komplement,NL
komplementemos,komplemenɡamos,komplemenɡ,komplement,NL
komplementemos,komplemenɡamos,komplemenɡ,komplement,NL
komplementemos,komplemenɡamos,komplemenɡ,komplement,NL
komplementemos,komplemenɡamos,komplemenɡ,komplement,NL
komplementemos,komplemenɡamos,komplemenɡ,komplement,NL
komplementemos,komplemenɡamos,komplemenɡ,komplement,NL
komplementemos,komplemenɡamos,komplemenɡ,komplement,NL
komplementemos,komplemenɡamos,komplemenɡ,komplement,NL
komplementemos,komplemenɡamos,komplemenɡ,komplement,NL
komplementemos,komplemenɡamos,komplemenɡ,komplement,NL
komplementemos,komplemenɡamos,komplemenɡ,komplement,NL
komplementemos,komplementemos,komplement,komplement,NL
komplementemos,komplementemos,komplement,komplement,NL
komplementemos,komplementemos,komplement,komplement,NL
komplementemos,komplementemos,komplement,komplement,NL
komplementemos,komplementemos,komplement,komplement,NL
komplementemos,komplemenɡamos,komplemenɡ,komplement,NL
komplementemos,komplemenɡamos,komplemenɡ,komplement,NL
komplementemos,komplemenɡamos,komplemenɡ,komplement,NL
komplementemos,komplemenɡamos,komplemenɡ,komplement,NL
komplementemos,komplemenɡamos,komplemenɡ,komplement,NL
komplementemos,komplemenɡamos,komplemenɡ,komplement,NL
komplementemos,komplemenɡamos,komplemenɡ,komplement,NL
komplementemos,komplemenɡamos,komplemenɡ,komplement,NL
komplementemos,komplemenɡamos,komplemenɡ,komplement,NL
komplementemos,komplemenɡamos,komplemenɡ,komplement,NL
komplementen,komplementen,komplement,komplement,NL
komplementen,komplementen,komplement,komplement,NL
komplementen,komplementen,komplement,komplement,NL
komplementen,komplementen,komplement,komplement,NL
komplementen,komplementen,komplement,komplement,NL
komplementen,komplementen,komplement,komplement,NL
komplementen,komplementen,komplement,komplement,NL
komplementen,komplementen,komplement,komplement,NL
komplementen,komplementen,komplement,komplement,NL
komplementen,komplementen,komplement,komplement,NL
komplementen,komplementen,komplement,komplement,NL
komplementen,komplementen,komplement,komplement,NL
komplementen,komplementen,komplement,komplement,NL
komplementen,komplementen,komplement,komplement,NL
komplementen,komplementen,komplement,komplement,NL
komplementen,komplementen,komplement,komplement,NL
komplementen,komplementen,komplement,komplement,NL
komplementen,komplementen,komplement,komplement,NL
komplementen,komplementen,komplement,komplement,NL
komplementen,komplemenɡan,komplemenɡ,komplement,NL
komplementen,komplemenɡan,komplemenɡ,komplement,NL
komplementen,komplemenɡen,komplemenɡ,komplement,NL
komplementen,komplemenɡen,komplemenɡ,komplement,NL
komplementen,komplemenɡan,komplemenɡ,komplement,NL
komplementen,komplemenɡan,komplemenɡ,komplement,NL
komplementen,komplemenɡan,komplemenɡ,komplement,NL
komplementen,komplemenɡan,komplemenɡ,komplement,NL
komplementen,komplemenɡan,komplemenɡ,komplement,NL
komplementen,komplemenɡen,komplemenɡ,komplement,NL
komplementen,komplemenɡen,komplemenɡ,komplement,NL
komplementen,komplemenɡan,komplemenɡ,komplement,NL
komplementen,komplemenɡan,komplemenɡ,komplement,NL
komplementen,komplemenɡan,komplemenɡ,komplement,NL
komplementen,komplemenɡan,komplemenɡ,komplement,NL
komplementen,komplemenɡan,komplemenɡ,komplement,NL
komplementen,komplemenɡen,komplemenɡ,komplement,NL
komplementen,komplemenɡan,komplemenɡ,komplement,NL
komplementen,komplemenɡan,komplemenɡ,komplement,NL
komplementen,komplemenɡan,komplemenɡ,komplement,NL
komplementen,komplemenɡan,komplemenɡ,komplement,NL
komplementen,komplementen,komplement,komplement,NL
komplementen,komplementen,komplement,komplement,NL
komplementen,komplementen,komplement,komplement,NL
komplementen,komplementen,komplement,komplement,NL
komplementen,komplementen,komplement,komplement,NL
komplementen,komplementen,komplement,komplement,NL
komplementen,komplementen,komplement,komplement,NL
komplementen,komplementen,komplement,komplement,NL
komplementen,komplementen,komplement,komplement,NL
komplementen,komplemenɡan,komplemenɡ,komplement,NL
komplementen,komplemenɡan,komplemenɡ,komplement,NL
komplementen,komplemenɡan,komplemenɡ,komplement,NL
komplementen,komplemenɡan,komplemenɡ,komplement,NL
komplementen,komplemenɡan,komplemenɡ,komplement,NL
komplementen,komplemenɡan,komplemenɡ,komplement,NL
komplementes,komplementes,komplement,komplement,NL
komplementes,komplementes,komplement,komplement,NL
komplementes,komplementes,komplement,komplement,NL
komplementes,komplementes,komplement,komplement,NL
komplementes,komplementes,komplement,komplement,NL
komplementes,komplementes,komplement,komplement,NL
komplementes,komplementes,komplement,komplement,NL
komplementes,komplementes,komplement,komplement,NL
komplementes,komplementes,komplement,komplement,NL
komplementes,komplementes,komplement,komplement,NL
komplementes,komplementes,komplement,komplement,NL
komplementes,komplementes,komplement,komplement,NL
komplementes,komplementes,komplement,komplement,NL
komplementes,komplementes,komplement,komplement,NL
komplementes,komplementes,komplement,komplement,NL
komplementes,komplementes,komplement,komplement,NL
komplementes,komplementes,komplement,komplement,NL
komplementes,komplementes,komplement,komplement,NL
komplementes,komplementes,komplement,komplement,NL
komplementes,komplemenɡas,komplemenɡ,komplement,NL
komplementes,komplemenɡas,komplemenɡ,komplement,NL
komplementes,komplemenɡes,komplemenɡ,komplement,NL
komplementes,komplemenɡes,komplemenɡ,komplement,NL
komplementes,komplemenɡas,komplemenɡ,komplement,NL
komplementes,komplemenɡas,komplemenɡ,komplement,NL
komplementes,komplemenɡas,komplemenɡ,komplement,NL
komplementes,komplemenɡas,komplemenɡ,komplement,NL
komplementes,komplemenɡas,komplemenɡ,komplement,NL
komplementes,komplemenɡas,komplemenɡ,komplement,NL
komplementes,komplemenɡes,komplemenɡ,komplement,NL
komplementes,komplemenɡas,komplemenɡ,komplement,NL
komplementes,komplemenɡas,komplemenɡ,komplement,NL
komplementes,komplemenɡas,komplemenɡ,komplement,NL
komplementes,komplemenɡas,komplemenɡ,komplement,NL
komplementes,komplemenɡas,komplemenɡ,komplement,NL
komplementes,komplemenɡes,komplemenɡ,komplement,NL
komplementes,komplemenɡas,komplemenɡ,komplement,NL
komplementes,komplemenɡas,komplemenɡ,komplement,NL
komplementes,komplemenɡas,komplemenɡ,komplement,NL
komplementes,komplemenɡas,komplemenɡ,komplement,NL
komplementes,komplementes,komplement,komplement,NL
komplementes,komplementes,komplement,komplement,NL
komplementes,komplementes,komplement,komplement,NL
komplementes,komplementes,komplement,komplement,NL
komplementes,komplementes,komplement,komplement,NL
komplementes,komplementes,komplement,komplement,NL
komplementes,komplementes,komplement,komplement,NL
komplementes,komplementes,komplement,komplement,NL
komplementes,komplementes,komplement,komplement,NL
komplementes,komplemenɡas,komplemenɡ,komplement,NL
komplementes,komplemenɡas,komplemenɡ,komplement,NL
komplementes,komplemenɡas,komplemenɡ,komplement,NL
komplementes,komplemenɡas,komplemenɡ,komplement,NL
komplementes,komplemenɡas,komplemenɡ,komplement,NL
komplementes,komplemenɡas,komplemenɡ,komplement,NL
komplemente,komplemente,komplement,komplement,NL
komplemente,komplemente,komplement,komplement,NL
komplemente,komplemente,komplement,komplement,NL
komplemente,komplemente,komplement,komplement,NL
komplemente,komplemente,komplement,komplement,NL
komplemente,komplemente,komplement,komplement,NL
komplemente,komplemente,komplement,komplement,NL
komplemente,komplemente,komplement,komplement,NL
komplemente,komplemente,komplement,komplement,NL
komplemente,komplemente,komplement,komplement,NL
komplemente,komplemente,komplement,komplement,NL
komplemente,komplemente,komplement,komplement,NL
komplemente,komplemente,komplement,komplement,NL
komplemente,komplemente,komplement,komplement,NL
komplemente,komplemente,komplement,komplement,NL
komplemente,komplemente,komplement,komplement,NL
komplemente,komplemente,komplement,komplement,NL
komplemente,komplemente,komplement,komplement,NL
komplemente,komplemente,komplement,komplement,NL
komplemente,komplemenɡa,komplemenɡ,komplement,NL
komplemente,komplemenɡa,komplemenɡ,komplement,NL
komplemente,komplemenɡa,komplemenɡ,komplement,NL
komplemente,komplemenɡa,komplemenɡ,komplement,NL
komplemente,komplemenɡa,komplemenɡ,komplement,NL
komplemente,komplemenɡa,komplemenɡ,komplement,NL
komplemente,komplemenɡa,komplemenɡ,komplement,NL
komplemente,komplemenɡa,komplemenɡ,komplement,NL
komplemente,komplemenɡa,komplemenɡ,komplement,NL
komplemente,komplemenɡa,komplemenɡ,komplement,NL
komplemente,komplemenɡa,komplemenɡ,komplement,NL
komplemente,komplemenɡa,komplemenɡ,komplement,NL
komplemente,komplemenɡa,komplemenɡ,komplement,NL
komplemente,komplemenɡa,komplemenɡ,komplement,NL
komplemente,komplemenɡa,komplemenɡ,komplement,NL
komplemente,komplemenɡa,komplemenɡ,komplement,NL
komplemente,komplemenɡa,komplemenɡ,komplement,NL
komplemente,komplemenɡa,komplemenɡ,komplement,NL
komplemente,komplemenɡa,komplemenɡ,komplement,NL
komplemente,komplemenɡa,komplemenɡ,komplement,NL
komplemente,komplemenɡa,komplemenɡ,komplement,NL
komplemente,komplemente,komplement,komplement,NL
komplemente,komplemente,komplement,komplement,NL
komplemente,komplemente,komplement,komplement,NL
komplemente,komplemente,komplement,komplement,NL
komplemente,komplemente,komplement,komplement,NL
komplemente,komplemente,komplement,komplement,NL
komplemente,komplemente,komplement,komplement,NL
komplemente,komplemente,komplement,komplement,NL
komplemente,komplemente,komplement,komplement,NL
komplemente,komplemenɡa,komplemenɡ,komplement,NL
komplemente,komplemenɡa,komplemenɡ,komplement,NL
komplemente,komplemenɡa,komplemenɡ,komplement,NL
komplemente,komplemenɡa,komplemenɡ,komplement,NL
komplemente,komplemenɡa,komplemenɡ,komplement,NL
komplemente,komplemenɡa,komplemenɡ,komplement,NL
komplemente,komplemente,komplement,komplement,NL
komplemente,komplemente,komplement,komplement,NL
komplemente,komplemente,komplement,komplement,NL
komplemente,komplemente,komplement,komplement,NL
komplemente,komplemente,komplement,komplement,NL
komplemente,komplemente,komplement,komplement,NL
komplemente,komplemente,komplement,komplement,NL
komplemente,komplemente,komplement,komplement,NL
komplemente,komplemente,komplement,komplement,NL
komplemente,komplemente,komplement,komplement,NL
komplemente,komplemente,komplement,komplement,NL
komplemente,komplemente,komplement,komplement,NL
komplemente,komplemente,komplement,komplement,NL
komplemente,komplemente,komplement,komplement,NL
komplemente,komplemente,komplement,komplement,NL
komplemente,komplemente,komplement,komplement,NL
komplemente,komplemente,komplement,komplement,NL
komplemente,komplemente,komplement,komplement,NL
komplemente,komplemente,komplement,komplement,NL
komplemente,komplemenɡa,komplemenɡ,komplement,NL
komplemente,komplemenɡa,komplemenɡ,komplement,NL
komplemente,komplemenɡa,komplemenɡ,komplement,NL
komplemente,komplemenɡa,komplemenɡ,komplement,NL
komplemente,komplemenɡa,komplemenɡ,komplement,NL
komplemente,komplemenɡa,komplemenɡ,komplement,NL
komplemente,komplemenɡa,komplemenɡ,komplement,NL
komplemente,komplemenɡa,komplemenɡ,komplement,NL
komplemente,komplemenɡa,komplemenɡ,komplement,NL
komplemente,komplemenɡa,komplemenɡ,komplement,NL
komplemente,komplemenɡa,komplemenɡ,komplement,NL
komplemente,komplemenɡa,komplemenɡ,komplement,NL
komplemente,komplemenɡa,komplemenɡ,komplement,NL
komplemente,komplemenɡa,komplemenɡ,komplement,NL
komplemente,komplemenɡa,komplemenɡ,komplement,NL
komplemente,komplemenɡa,komplemenɡ,komplement,NL
komplemente,komplemenɡa,komplemenɡ,komplement,NL
komplemente,komplemenɡa,komplemenɡ,komplement,NL
komplemente,komplemenɡa,komplemenɡ,komplement,NL
komplemente,komplemenɡa,komplemenɡ,komplement,NL
komplemente,komplemenɡa,komplemenɡ,komplement,NL
komplemente,komplemente,komplement,komplement,NL
komplemente,komplemente,komplement,komplement,NL
komplemente,komplemente,komplement,komplement,NL
komplemente,komplemente,komplement,komplement,NL
komplemente,komplemente,komplement,komplement,NL
komplemente,komplemente,komplement,komplement,NL
komplemente,komplemente,komplement,komplement,NL
komplemente,komplemente,komplement,komplement,NL
komplemente,komplemente,komplement,komplement,NL
komplemente,komplemenɡa,komplemenɡ,komplement,NL
komplemente,komplemenɡa,komplemenɡ,komplement,NL
komplemente,komplemenɡa,komplemenɡ,komplement,NL
komplemente,komplemenɡa,komplemenɡ,komplement,NL
komplemente,komplemenɡa,komplemenɡ,komplement,NL
komplemente,komplemenɡa,komplemenɡ,komplement,NL
komplemento,komplemento,komplement,komplement,NL
komplemento,komplemento,komplement,komplement,NL
komplemento,komplemento,komplement,komplement,NL
komplemento,komplemento,komplement,komplement,NL
komplemento,komplemento,komplement,komplement,NL
komplemento,komplemento,komplement,komplement,NL
komplemento,komplemento,komplement,komplement,NL
komplemento,komplemento,komplement,komplement,NL
komplemento,komplemento,komplement,komplement,NL
komplemento,komplemento,komplement,komplement,NL
komplemento,komplemento,komplement,komplement,NL
komplemento,komplemento,komplement,komplement,NL
komplemento,komplemento,komplement,komplement,NL
komplemento,komplemento,komplement,komplement,NL
komplemento,komplemento,komplement,komplement,NL
komplemento,komplemento,komplement,komplement,NL
komplemento,komplemento,komplement,komplement,NL
komplemento,komplemento,komplement,komplement,NL
komplemento,komplemento,komplement,komplement,NL
komplemento,komplemenɡo,komplemenɡ,komplement,NL
komplemento,komplemenɡo,komplemenɡ,komplement,NL
komplemento,komplemenɡo,komplemenɡ,komplement,NL
komplemento,komplemenɡo,komplemenɡ,komplement,NL
komplemento,komplemenɡo,komplemenɡ,komplement,NL
komplemento,komplemenɡo,komplemenɡ,komplement,NL
komplemento,komplemenɡo,komplemenɡ,komplement,NL
komplemento,komplemenɡo,komplemenɡ,komplement,NL
komplemento,komplemenɡo,komplemenɡ,komplement,NL
komplemento,komplemenɡo,komplemenɡ,komplement,NL
komplemento,komplemenɡo,komplemenɡ,komplement,NL
komplemento,komplemenɡo,komplemenɡ,komplement,NL
komplemento,komplemenɡo,komplemenɡ,komplement,NL
komplemento,komplemenɡo,komplemenɡ,komplement,NL
komplemento,komplemenɡo,komplemenɡ,komplement,NL
komplemento,komplemenɡo,komplemenɡ,komplement,NL
komplemento,komplemenɡo,komplemenɡ,komplement,NL
komplemento,komplemenɡo,komplemenɡ,komplement,NL
komplemento,komplemenɡo,komplemenɡ,komplement,NL
komplemento,komplemenɡo,komplemenɡ,komplement,NL
komplemento,komplemenɡo,komplemenɡ,komplement,NL
komplemento,komplemento,komplement,komplement,NL
komplemento,komplemento,komplement,komplement,NL
komplemento,komplemento,komplement,komplement,NL
komplemento,komplemento,komplement,komplement,NL
komplemento,komplemento,komplement,komplement,NL
komplemento,komplemento,komplement,komplement,NL
komplemento,komplemento,komplement,komplement,NL
komplemento,komplemento,komplement,komplement,NL
komplemento,komplemento,komplement,komplement,NL
komplemento,komplemenɡo,komplemenɡ,komplement,NL
komplemento,komplemenɡo,komplemenɡ,komplement,NL
komplemento,komplemenɡo,komplemenɡ,komplement,NL
komplemento,komplemenɡo,komplemenɡ,komplement,NL
komplemento,komplemenɡo,komplemenɡ,komplement,NL
komplemento,komplemenɡo,komplemenɡ,komplement,NL
apedɾeajs,apedeɾajs,apedeɾ,apedɾe,NL
apedɾeajs,apedeɾajs,apedeɾ,apedɾe,NL
apedɾeajs,apedeɾajs,apedeɾ,apedɾe,NL
apedɾeajs,apedeɾajs,apedeɾ,apedɾe,NL
apedɾeajs,apedeɾajs,apedeɾ,apedɾe,NL
apedɾeajs,apedeɾajs,apedeɾ,apedɾe,NL
apedɾeajs,apedeɾajs,apedeɾ,apedɾe,NL
apedɾeajs,apedeɾajs,apedeɾ,apedɾe,NL
apedɾeajs,apedeɾajs,apedeɾ,apedɾe,NL
apedɾeajs,apedeɾajs,apedeɾ,apedɾe,NL
apedɾeajs,apedeɾajs,apedeɾ,apedɾe,NL
apedɾeajs,apedeɾajs,apedeɾ,apedɾe,NL
apedɾeajs,apedeɾajs,apedeɾ,apedɾe,NL
apedɾeajs,apedeɾajs,apedeɾ,apedɾe,NL
apedɾeajs,apedeɾajs,apedeɾ,apedɾe,NL
apedɾeajs,apedeɾajs,apedeɾ,apedɾe,NL
apedɾeajs,apedeɾajs,apedeɾ,apedɾe,NL
apedɾeajs,apedeɾajs,apedeɾ,apedɾe,NL
apedɾeajs,apedeɾajs,apedeɾ,apedɾe,NL
apedɾeajs,apedeɾajs,apedeɾ,apedɾe,NL
apedɾeajs,apedeɾajs,apedeɾ,apedɾe,NL
apedɾeajs,apedeɾajs,apedeɾ,apedɾe,NL
apedɾeajs,apedeɾajs,apedeɾ,apedɾe,NL
apedɾeajs,apedeɾajs,apedeɾ,apedɾe,NL
apedɾeajs,apedeɾajs,apedeɾ,apedɾe,NL
apedɾeajs,apedeɾajs,apedeɾ,apedɾe,NL
apedɾeajs,apedeɾajs,apedeɾ,apedɾe,NL
apedɾeajs,apedeɾajs,apedeɾ,apedɾe,NL
apedɾeajs,apedeɾajs,apedeɾ,apedɾe,NL
apedɾeajs,apedeɾajs,apedeɾ,apedɾe,NL
apedɾeajs,apedeɾajs,apedeɾ,apedɾe,NL
apedɾeajs,apedeɾajs,apedeɾ,apedɾe,NL
apedɾeajs,apedɾeajs,apedɾe,apedɾe,NL
apedɾeajs,apedeɾajs,apedeɾ,apedɾe,NL
apedɾeajs,apedeɾajs,apedeɾ,apedɾe,NL
apedɾeajs,apedeɾajs,apedeɾ,apedɾe,NL
apedɾeajs,apedeɾajs,apedeɾ,apedɾe,NL
apedɾeajs,apedeɾajs,apedeɾ,apedɾe,NL
apedɾeajs,apedeɾajs,apedeɾ,apedɾe,NL
apedɾeajs,apedeɾajs,apedeɾ,apedɾe,NL
apedɾeajs,apedeɾajs,apedeɾ,apedɾe,NL
apedɾeajs,apedeɾajs,apedeɾ,apedɾe,NL
apedɾeajs,apedeɾajs,apedeɾ,apedɾe,NL
apedɾeajs,apedeɾajs,apedeɾ,apedɾe,NL
apedɾeajs,apedeɾajs,apedeɾ,apedɾe,NL
apedɾeajs,apedeɾajs,apedeɾ,apedɾe,NL
apedɾeajs,apedeɾajs,apedeɾ,apedɾe,NL
apedɾeajs,apedeɾajs,apedeɾ,apedɾe,NL
apedɾeajs,apedeɾajs,apedeɾ,apedɾe,NL
apedɾeajs,apedeɾajs,apedeɾ,apedɾe,NL
apedɾeajs,apedeɾajs,apedeɾ,apedɾe,NL
apedɾeajs,apedeɾajs,apedeɾ,apedɾe,NL
apedɾeajs,apedeɾajs,apedeɾ,apedɾe,NL
apedɾeajs,apedeɾajs,apedeɾ,apedɾe,NL
apedɾeajs,apedeɾajs,apedeɾ,apedɾe,NL
apedɾeamos,apedeɾamos,apedeɾ,apedɾe,NL
apedɾeamos,apedeɾamos,apedeɾ,apedɾe,NL
apedɾeamos,apedeɾamos,apedeɾ,apedɾe,NL
apedɾeamos,apedeɾamos,apedeɾ,apedɾe,NL
apedɾeamos,apedeɾamos,apedeɾ,apedɾe,NL
apedɾeamos,apedeɾamos,apedeɾ,apedɾe,NL
apedɾeamos,apedeɾamos,apedeɾ,apedɾe,NL
apedɾeamos,apedeɾamos,apedeɾ,apedɾe,NL
apedɾeamos,apedeɾamos,apedeɾ,apedɾe,NL
apedɾeamos,apedeɾamos,apedeɾ,apedɾe,NL
apedɾeamos,apedeɾamos,apedeɾ,apedɾe,NL
apedɾeamos,apedeɾamos,apedeɾ,apedɾe,NL
apedɾeamos,apedeɾamos,apedeɾ,apedɾe,NL
apedɾeamos,apedeɾamos,apedeɾ,apedɾe,NL
apedɾeamos,apedeɾamos,apedeɾ,apedɾe,NL
apedɾeamos,apedeɾamos,apedeɾ,apedɾe,NL
apedɾeamos,apedeɾamos,apedeɾ,apedɾe,NL
apedɾeamos,apedeɾamos,apedeɾ,apedɾe,NL
apedɾeamos,apedeɾamos,apedeɾ,apedɾe,NL
apedɾeamos,apedeɾamos,apedeɾ,apedɾe,NL
apedɾeamos,apedeɾamos,apedeɾ,apedɾe,NL
apedɾeamos,apedeɾamos,apedeɾ,apedɾe,NL
apedɾeamos,apedeɾamos,apedeɾ,apedɾe,NL
apedɾeamos,apedeɾamos,apedeɾ,apedɾe,NL
apedɾeamos,apedeɾamos,apedeɾ,apedɾe,NL
apedɾeamos,apedeɾamos,apedeɾ,apedɾe,NL
apedɾeamos,apedeɾamos,apedeɾ,apedɾe,NL
apedɾeamos,apedeɾamos,apedeɾ,apedɾe,NL
apedɾeamos,apedeɾamos,apedeɾ,apedɾe,NL
apedɾeamos,apedeɾamos,apedeɾ,apedɾe,NL
apedɾeamos,apedeɾamos,apedeɾ,apedɾe,NL
apedɾeamos,apedeɾamos,apedeɾ,apedɾe,NL
apedɾeamos,apedeɾamos,apedeɾ,apedɾe,NL
apedɾeamos,apedeɾamos,apedeɾ,apedɾe,NL
apedɾeamos,apedeɾamos,apedeɾ,apedɾe,NL
apedɾeamos,apedeɾamos,apedeɾ,apedɾe,NL
apedɾeamos,apedeɾamos,apedeɾ,apedɾe,NL
apedɾeamos,apedeɾamos,apedeɾ,apedɾe,NL
apedɾeamos,apedeɾamos,apedeɾ,apedɾe,NL
apedɾeamos,apedeɾamos,apedeɾ,apedɾe,NL
apedɾeamos,apedeɾamos,apedeɾ,apedɾe,NL
apedɾeamos,apedeɾamos,apedeɾ,apedɾe,NL
apedɾeamos,apedeɾamos,apedeɾ,apedɾe,NL
apedɾeamos,apedeɾamos,apedeɾ,apedɾe,NL
apedɾeamos,apedeɾamos,apedeɾ,apedɾe,NL
apedɾeamos,apedeɾamos,apedeɾ,apedɾe,NL
apedɾeamos,apedeɾamos,apedeɾ,apedɾe,NL
apedɾeamos,apedeɾamos,apedeɾ,apedɾe,NL
apedɾeamos,apedeɾamos,apedeɾ,apedɾe,NL
apedɾeamos,apedeɾamos,apedeɾ,apedɾe,NL
apedɾeamos,apedeɾamos,apedeɾ,apedɾe,NL
apedɾeamos,apedeɾamos,apedeɾ,apedɾe,NL
apedɾeamos,apedeɾamos,apedeɾ,apedɾe,NL
apedɾeamos,apedeɾamos,apedeɾ,apedɾe,NL
apedɾeamos,apedeɾamos,apedeɾ,apedɾe,NL
apedɾean,apedeɾan,apedeɾ,apedɾe,NL
apedɾean,apedeɾan,apedeɾ,apedɾe,NL
apedɾean,apedeɾan,apedeɾ,apedɾe,NL
apedɾean,apedeɾan,apedeɾ,apedɾe,NL
apedɾean,apedeɾan,apedeɾ,apedɾe,NL
apedɾean,apedeɾan,apedeɾ,apedɾe,NL
apedɾean,apedeɾan,apedeɾ,apedɾe,NL
apedɾean,apedeɾan,apedeɾ,apedɾe,NL
apedɾean,apedeɾan,apedeɾ,apedɾe,NL
apedɾean,apedeɾan,apedeɾ,apedɾe,NL
apedɾean,apedeɾan,apedeɾ,apedɾe,NL
apedɾean,apedeɾan,apedeɾ,apedɾe,NL
apedɾean,apedeɾan,apedeɾ,apedɾe,NL
apedɾean,apedeɾan,apedeɾ,apedɾe,NL
apedɾean,apedeɾan,apedeɾ,apedɾe,NL
apedɾean,apedeɾan,apedeɾ,apedɾe,NL
apedɾean,apedeɾan,apedeɾ,apedɾe,NL
apedɾean,apedeɾan,apedeɾ,apedɾe,NL
apedɾean,apedeɾan,apedeɾ,apedɾe,NL
apedɾean,apedɾean,apedɾe,apedɾe,NL
apedɾean,apedeɾan,apedeɾ,apedɾe,NL
apedɾean,apedeɾan,apedeɾ,apedɾe,NL
apedɾean,apedeɾan,apedeɾ,apedɾe,NL
apedɾean,apedeɾan,apedeɾ,apedɾe,NL
apedɾean,apedɾean,apedɾe,apedɾe,NL
apedɾean,apedɾean,apedɾe,apedɾe,NL
apedɾean,apedɾean,apedɾe,apedɾe,NL
apedɾean,apedeɾan,apedeɾ,apedɾe,NL
apedɾean,apedeɾan,apedeɾ,apedɾe,NL
apedɾean,apedɾean,apedɾe,apedɾe,NL
apedɾean,apedɾean,apedɾe,apedɾe,NL
apedɾean,apedɾean,apedɾe,apedɾe,NL
apedɾean,apedɾean,apedɾe,apedɾe,NL
apedɾean,apedɾean,apedɾe,apedɾe,NL
apedɾean,apedeɾan,apedeɾ,apedɾe,NL
apedɾean,apedeɾan,apedeɾ,apedɾe,NL
apedɾean,apedeɾan,apedeɾ,apedɾe,NL
apedɾean,apedeɾan,apedeɾ,apedɾe,NL
apedɾean,apedeɾan,apedeɾ,apedɾe,NL
apedɾean,apedeɾan,apedeɾ,apedɾe,NL
apedɾean,apedeɾan,apedeɾ,apedɾe,NL
apedɾean,apedeɾan,apedeɾ,apedɾe,NL
apedɾean,apedeɾan,apedeɾ,apedɾe,NL
apedɾean,apedeɾan,apedeɾ,apedɾe,NL
apedɾean,apedeɾan,apedeɾ,apedɾe,NL
apedɾean,apedeɾan,apedeɾ,apedɾe,NL
apedɾean,apedeɾan,apedeɾ,apedɾe,NL
apedɾean,apedeɾan,apedeɾ,apedɾe,NL
apedɾean,apedeɾan,apedeɾ,apedɾe,NL
apedɾean,apedeɾan,apedeɾ,apedɾe,NL
apedɾean,apedɾean,apedɾe,apedɾe,NL
apedɾean,apedeɾan,apedeɾ,apedɾe,NL
apedɾean,apedɾean,apedɾe,apedɾe,NL
apedɾean,apedɾean,apedɾe,apedɾe,NL
apedɾean,apedɾean,apedɾe,apedɾe,NL
apedɾeas,apedeɾas,apedeɾ,apedɾe,NL
apedɾeas,apedeɾas,apedeɾ,apedɾe,NL
apedɾeas,apedeɾas,apedeɾ,apedɾe,NL
apedɾeas,apedeɾas,apedeɾ,apedɾe,NL
apedɾeas,apedeɾas,apedeɾ,apedɾe,NL
apedɾeas,apedeɾas,apedeɾ,apedɾe,NL
apedɾeas,apedeɾas,apedeɾ,apedɾe,NL
apedɾeas,apedeɾas,apedeɾ,apedɾe,NL
apedɾeas,apedeɾas,apedeɾ,apedɾe,NL
apedɾeas,apedeɾas,apedeɾ,apedɾe,NL
apedɾeas,apedeɾas,apedeɾ,apedɾe,NL
apedɾeas,apedeɾas,apedeɾ,apedɾe,NL
apedɾeas,apedeɾas,apedeɾ,apedɾe,NL
apedɾeas,apedeɾas,apedeɾ,apedɾe,NL
apedɾeas,apedeɾas,apedeɾ,apedɾe,NL
apedɾeas,apedeɾas,apedeɾ,apedɾe,NL
apedɾeas,apedeɾas,apedeɾ,apedɾe,NL
apedɾeas,apedeɾas,apedeɾ,apedɾe,NL
apedɾeas,apedeɾas,apedeɾ,apedɾe,NL
apedɾeas,apedɾeas,apedɾe,apedɾe,NL
apedɾeas,apedeɾas,apedeɾ,apedɾe,NL
apedɾeas,apedeɾas,apedeɾ,apedɾe,NL
apedɾeas,apedeɾas,apedeɾ,apedɾe,NL
apedɾeas,apedɾeas,apedɾe,apedɾe,NL
apedɾeas,apedɾeas,apedɾe,apedɾe,NL
apedɾeas,apedɾeas,apedɾe,apedɾe,NL
apedɾeas,apedɾeas,apedɾe,apedɾe,NL
apedɾeas,apedɾeas,apedɾe,apedɾe,NL
apedɾeas,apedeɾas,apedeɾ,apedɾe,NL
apedɾeas,apedɾeas,apedɾe,apedɾe,NL
apedɾeas,apedɾeas,apedɾe,apedɾe,NL
apedɾeas,apedɾeas,apedɾe,apedɾe,NL
apedɾeas,apedɾeas,apedɾe,apedɾe,NL
apedɾeas,apedɾeas,apedɾe,apedɾe,NL
apedɾeas,apedeɾas,apedeɾ,apedɾe,NL
apedɾeas,apedeɾas,apedeɾ,apedɾe,NL
apedɾeas,apedeɾas,apedeɾ,apedɾe,NL
apedɾeas,apedeɾas,apedeɾ,apedɾe,NL
apedɾeas,apedeɾas,apedeɾ,apedɾe,NL
apedɾeas,apedeɾas,apedeɾ,apedɾe,NL
apedɾeas,apedeɾas,apedeɾ,apedɾe,NL
apedɾeas,apedeɾas,apedeɾ,apedɾe,NL
apedɾeas,apedeɾas,apedeɾ,apedɾe,NL
apedɾeas,apedeɾas,apedeɾ,apedɾe,NL
apedɾeas,apedeɾas,apedeɾ,apedɾe,NL
apedɾeas,apedeɾas,apedeɾ,apedɾe,NL
apedɾeas,apedeɾas,apedeɾ,apedɾe,NL
apedɾeas,apedeɾas,apedeɾ,apedɾe,NL
apedɾeas,apedeɾas,apedeɾ,apedɾe,NL
apedɾeas,apedɾeas,apedɾe,apedɾe,NL
apedɾeas,apedɾeas,apedɾe,apedɾe,NL
apedɾeas,apedɾeas,apedɾe,apedɾe,NL
apedɾeas,apedɾeas,apedɾe,apedɾe,NL
apedɾeas,apedɾeas,apedɾe,apedɾe,NL
apedɾeas,apedɾeas,apedɾe,apedɾe,NL
apedɾea,apedeɾa,apedeɾ,apedɾe,NL
apedɾea,apedeɾa,apedeɾ,apedɾe,NL
apedɾea,apedeɾa,apedeɾ,apedɾe,NL
apedɾea,apedeɾa,apedeɾ,apedɾe,NL
apedɾea,apedeɾa,apedeɾ,apedɾe,NL
apedɾea,apedeɾa,apedeɾ,apedɾe,NL
apedɾea,apedeɾa,apedeɾ,apedɾe,NL
apedɾea,apedeɾa,apedeɾ,apedɾe,NL
apedɾea,apedeɾa,apedeɾ,apedɾe,NL
apedɾea,apedeɾa,apedeɾ,apedɾe,NL
apedɾea,apedeɾa,apedeɾ,apedɾe,NL
apedɾea,apedeɾa,apedeɾ,apedɾe,NL
apedɾea,apedeɾa,apedeɾ,apedɾe,NL
apedɾea,apedeɾa,apedeɾ,apedɾe,NL
apedɾea,apedeɾa,apedeɾ,apedɾe,NL
apedɾea,apedeɾa,apedeɾ,apedɾe,NL
apedɾea,apedeɾa,apedeɾ,apedɾe,NL
apedɾea,apedeɾa,apedeɾ,apedɾe,NL
apedɾea,apedeɾa,apedeɾ,apedɾe,NL
apedɾea,apedɾea,apedɾe,apedɾe,NL
apedɾea,apedeɾa,apedeɾ,apedɾe,NL
apedɾea,apedeɾa,apedeɾ,apedɾe,NL
apedɾea,apedeɾa,apedeɾ,apedɾe,NL
apedɾea,apedɾea,apedɾe,apedɾe,NL
apedɾea,apedɾea,apedɾe,apedɾe,NL
apedɾea,apedɾea,apedɾe,apedɾe,NL
apedɾea,apedɾea,apedɾe,apedɾe,NL
apedɾea,apedeɾa,apedeɾ,apedɾe,NL
apedɾea,apedeɾa,apedeɾ,apedɾe,NL
apedɾea,apedeɾa,apedeɾ,apedɾe,NL
apedɾea,apedɾea,apedɾe,apedɾe,NL
apedɾea,apedɾea,apedɾe,apedɾe,NL
apedɾea,apedɾea,apedɾe,apedɾe,NL
apedɾea,apedɾea,apedɾe,apedɾe,NL
apedɾea,apedeɾa,apedeɾ,apedɾe,NL
apedɾea,apedeɾa,apedeɾ,apedɾe,NL
apedɾea,apedeɾa,apedeɾ,apedɾe,NL
apedɾea,apedeɾa,apedeɾ,apedɾe,NL
apedɾea,apedeɾa,apedeɾ,apedɾe,NL
apedɾea,apedeɾa,apedeɾ,apedɾe,NL
apedɾea,apedeɾa,apedeɾ,apedɾe,NL
apedɾea,apedeɾa,apedeɾ,apedɾe,NL
apedɾea,apedeɾa,apedeɾ,apedɾe,NL
apedɾea,apedeɾa,apedeɾ,apedɾe,NL
apedɾea,apedeɾa,apedeɾ,apedɾe,NL
apedɾea,apedeɾa,apedeɾ,apedɾe,NL
apedɾea,apedeɾa,apedeɾ,apedɾe,NL
apedɾea,apedeɾa,apedeɾ,apedɾe,NL
apedɾea,apedeɾa,apedeɾ,apedɾe,NL
apedɾea,apedɾea,apedɾe,apedɾe,NL
apedɾea,apedɾea,apedɾe,apedɾe,NL
apedɾea,apedɾea,apedɾe,apedɾe,NL
apedɾea,apedɾea,apedɾe,apedɾe,NL
apedɾea,apedɾea,apedɾe,apedɾe,NL
apedɾea,apedɾea,apedɾe,apedɾe,NL
apedɾeejs,apedeɾejs,apedeɾ,apedɾe,NL
apedɾeejs,apedeɾejs,apedeɾ,apedɾe,NL
apedɾeejs,apedeɾejs,apedeɾ,apedɾe,NL
apedɾeejs,apedeɾejs,apedeɾ,apedɾe,NL
apedɾeejs,apedeɾejs,apedeɾ,apedɾe,NL
apedɾeejs,apedeɾejs,apedeɾ,apedɾe,NL
apedɾeejs,apedeɾejs,apedeɾ,apedɾe,NL
apedɾeejs,apedeɾejs,apedeɾ,apedɾe,NL
apedɾeejs,apedeɾejs,apedeɾ,apedɾe,NL
apedɾeejs,apedeɾejs,apedeɾ,apedɾe,NL
apedɾeejs,apedeɾejs,apedeɾ,apedɾe,NL
apedɾeejs,apedeɾejs,apedeɾ,apedɾe,NL
apedɾeejs,apedeɾejs,apedeɾ,apedɾe,NL
apedɾeejs,apedeɾejs,apedeɾ,apedɾe,NL
apedɾeejs,apedeɾejs,apedeɾ,apedɾe,NL
apedɾeejs,apedeɾejs,apedeɾ,apedɾe,NL
apedɾeejs,apedeɾejs,apedeɾ,apedɾe,NL
apedɾeejs,apedeɾejs,apedeɾ,apedɾe,NL
apedɾeejs,apedeɾejs,apedeɾ,apedɾe,NL
apedɾeejs,apedeɾejs,apedeɾ,apedɾe,NL
apedɾeejs,apedeɾejs,apedeɾ,apedɾe,NL
apedɾeejs,apedeɾejs,apedeɾ,apedɾe,NL
apedɾeejs,apedeɾejs,apedeɾ,apedɾe,NL
apedɾeejs,apedeɾejs,apedeɾ,apedɾe,NL
apedɾeejs,apedeɾejs,apedeɾ,apedɾe,NL
apedɾeejs,apedeɾejs,apedeɾ,apedɾe,NL
apedɾeejs,apedeɾejs,apedeɾ,apedɾe,NL
apedɾeejs,apedeɾejs,apedeɾ,apedɾe,NL
apedɾeejs,apedeɾejs,apedeɾ,apedɾe,NL
apedɾeejs,apedeɾejs,apedeɾ,apedɾe,NL
apedɾeejs,apedeɾejs,apedeɾ,apedɾe,NL
apedɾeejs,apedeɾejs,apedeɾ,apedɾe,NL
apedɾeejs,apedeɾejs,apedeɾ,apedɾe,NL
apedɾeejs,apedeɾejs,apedeɾ,apedɾe,NL
apedɾeejs,apedeɾejs,apedeɾ,apedɾe,NL
apedɾeejs,apedeɾejs,apedeɾ,apedɾe,NL
apedɾeejs,apedeɾejs,apedeɾ,apedɾe,NL
apedɾeejs,apedɾeejs,apedɾe,apedɾe,NL
apedɾeejs,apedɾeejs,apedɾe,apedɾe,NL
apedɾeejs,apedɾeejs,apedɾe,apedɾe,NL
apedɾeejs,apedeɾejs,apedeɾ,apedɾe,NL
apedɾeejs,apedeɾejs,apedeɾ,apedɾe,NL
apedɾeejs,apedeɾejs,apedeɾ,apedɾe,NL
apedɾeejs,apedeɾejs,apedeɾ,apedɾe,NL
apedɾeejs,apedeɾejs,apedeɾ,apedɾe,NL
apedɾeejs,apedeɾejs,apedeɾ,apedɾe,NL
apedɾeejs,apedeɾejs,apedeɾ,apedɾe,NL
apedɾeejs,apedeɾejs,apedeɾ,apedɾe,NL
apedɾeejs,apedeɾejs,apedeɾ,apedɾe,NL
apedɾeejs,apedeɾejs,apedeɾ,apedɾe,NL
apedɾeejs,apedeɾejs,apedeɾ,apedɾe,NL
apedɾeejs,apedeɾejs,apedeɾ,apedɾe,NL
apedɾeejs,apedɾeejs,apedɾe,apedɾe,NL
apedɾeejs,apedɾeejs,apedɾe,apedɾe,NL
apedɾeejs,apedɾeejs,apedɾe,apedɾe,NL
apedɾeemos,apedeɾemos,apedeɾ,apedɾe,NL
apedɾeemos,apedeɾemos,apedeɾ,apedɾe,NL
apedɾeemos,apedeɾemos,apedeɾ,apedɾe,NL
apedɾeemos,apedeɾemos,apedeɾ,apedɾe,NL
apedɾeemos,apedeɾemos,apedeɾ,apedɾe,NL
apedɾeemos,apedeɾemos,apedeɾ,apedɾe,NL
apedɾeemos,apedeɾemos,apedeɾ,apedɾe,NL
apedɾeemos,apedeɾemos,apedeɾ,apedɾe,NL
apedɾeemos,apedeɾemos,apedeɾ,apedɾe,NL
apedɾeemos,apedeɾemos,apedeɾ,apedɾe,NL
apedɾeemos,apedeɾemos,apedeɾ,apedɾe,NL
apedɾeemos,apedeɾemos,apedeɾ,apedɾe,NL
apedɾeemos,apedeɾemos,apedeɾ,apedɾe,NL
apedɾeemos,apedeɾemos,apedeɾ,apedɾe,NL
apedɾeemos,apedeɾemos,apedeɾ,apedɾe,NL
apedɾeemos,apedeɾemos,apedeɾ,apedɾe,NL
apedɾeemos,apedeɾemos,apedeɾ,apedɾe,NL
apedɾeemos,apedeɾemos,apedeɾ,apedɾe,NL
apedɾeemos,apedeɾemos,apedeɾ,apedɾe,NL
apedɾeemos,apedeɾemos,apedeɾ,apedɾe,NL
apedɾeemos,apedeɾemos,apedeɾ,apedɾe,NL
apedɾeemos,apedeɾemos,apedeɾ,apedɾe,NL
apedɾeemos,apedeɾemos,apedeɾ,apedɾe,NL
apedɾeemos,apedeɾemos,apedeɾ,apedɾe,NL
apedɾeemos,apedeɾemos,apedeɾ,apedɾe,NL
apedɾeemos,apedeɾemos,apedeɾ,apedɾe,NL
apedɾeemos,apedeɾemos,apedeɾ,apedɾe,NL
apedɾeemos,apedeɾemos,apedeɾ,apedɾe,NL
apedɾeemos,apedeɾemos,apedeɾ,apedɾe,NL
apedɾeemos,apedeɾemos,apedeɾ,apedɾe,NL
apedɾeemos,apedeɾemos,apedeɾ,apedɾe,NL
apedɾeemos,apedeɾemos,apedeɾ,apedɾe,NL
apedɾeemos,apedeɾemos,apedeɾ,apedɾe,NL
apedɾeemos,apedeɾemos,apedeɾ,apedɾe,NL
apedɾeemos,apedeɾemos,apedeɾ,apedɾe,NL
apedɾeemos,apedeɾemos,apedeɾ,apedɾe,NL
apedɾeemos,apedeɾemos,apedeɾ,apedɾe,NL
apedɾeemos,apedeɾemos,apedeɾ,apedɾe,NL
apedɾeemos,apedɾeemos,apedɾe,apedɾe,NL
apedɾeemos,apedeɾemos,apedeɾ,apedɾe,NL
apedɾeemos,apedeɾemos,apedeɾ,apedɾe,NL
apedɾeemos,apedeɾemos,apedeɾ,apedɾe,NL
apedɾeemos,apedeɾemos,apedeɾ,apedɾe,NL
apedɾeemos,apedeɾemos,apedeɾ,apedɾe,NL
apedɾeemos,apedeɾemos,apedeɾ,apedɾe,NL
apedɾeemos,apedeɾemos,apedeɾ,apedɾe,NL
apedɾeemos,apedeɾemos,apedeɾ,apedɾe,NL
apedɾeemos,apedeɾemos,apedeɾ,apedɾe,NL
apedɾeemos,apedeɾemos,apedeɾ,apedɾe,NL
apedɾeemos,apedeɾemos,apedeɾ,apedɾe,NL
apedɾeemos,apedeɾemos,apedeɾ,apedɾe,NL
apedɾeemos,apedeɾemos,apedeɾ,apedɾe,NL
apedɾeemos,apedɾeemos,apedɾe,apedɾe,NL
apedɾeemos,apedeɾemos,apedeɾ,apedɾe,NL
apedɾeemos,apedɾeemos,apedɾe,apedɾe,NL
apedɾeen,apedeɾen,apedeɾ,apedɾe,NL
apedɾeen,apedeɾen,apedeɾ,apedɾe,NL
apedɾeen,apedeɾen,apedeɾ,apedɾe,NL
apedɾeen,apedeɾen,apedeɾ,apedɾe,NL
apedɾeen,apedeɾen,apedeɾ,apedɾe,NL
apedɾeen,apedeɾen,apedeɾ,apedɾe,NL
apedɾeen,apedeɾen,apedeɾ,apedɾe,NL
apedɾeen,apedeɾen,apedeɾ,apedɾe,NL
apedɾeen,apedeɾen,apedeɾ,apedɾe,NL
apedɾeen,apedeɾen,apedeɾ,apedɾe,NL
apedɾeen,apedeɾen,apedeɾ,apedɾe,NL
apedɾeen,apedeɾen,apedeɾ,apedɾe,NL
apedɾeen,apedeɾen,apedeɾ,apedɾe,NL
apedɾeen,apedeɾen,apedeɾ,apedɾe,NL
apedɾeen,apedeɾen,apedeɾ,apedɾe,NL
apedɾeen,apedeɾen,apedeɾ,apedɾe,NL
apedɾeen,apedeɾen,apedeɾ,apedɾe,NL
apedɾeen,apedeɾen,apedeɾ,apedɾe,NL
apedɾeen,apedeɾen,apedeɾ,apedɾe,NL
apedɾeen,apedɾeen,apedɾe,apedɾe,NL
apedɾeen,apedɾeen,apedɾe,apedɾe,NL
apedɾeen,apedeɾen,apedeɾ,apedɾe,NL
apedɾeen,apedeɾen,apedeɾ,apedɾe,NL
apedɾeen,apedɾeen,apedɾe,apedɾe,NL
apedɾeen,apedɾeen,apedɾe,apedɾe,NL
apedɾeen,apedɾeen,apedɾe,apedɾe,NL
apedɾeen,apedɾeen,apedɾe,apedɾe,NL
apedɾeen,apedɾeen,apedɾe,apedɾe,NL
apedɾeen,apedeɾen,apedeɾ,apedɾe,NL
apedɾeen,apedeɾen,apedeɾ,apedɾe,NL
apedɾeen,apedɾeen,apedɾe,apedɾe,NL
apedɾeen,apedɾeen,apedɾe,apedɾe,NL
apedɾeen,apedɾeen,apedɾe,apedɾe,NL
apedɾeen,apedɾeen,apedɾe,apedɾe,NL
apedɾeen,apedɾeen,apedɾe,apedɾe,NL
apedɾeen,apedeɾen,apedeɾ,apedɾe,NL
apedɾeen,apedɾeen,apedɾe,apedɾe,NL
apedɾeen,apedɾeen,apedɾe,apedɾe,NL
apedɾeen,apedɾeen,apedɾe,apedɾe,NL
apedɾeen,apedɾeen,apedɾe,apedɾe,NL
apedɾeen,apedeɾen,apedeɾ,apedɾe,NL
apedɾeen,apedeɾen,apedeɾ,apedɾe,NL
apedɾeen,apedeɾen,apedeɾ,apedɾe,NL
apedɾeen,apedeɾen,apedeɾ,apedɾe,NL
apedɾeen,apedeɾen,apedeɾ,apedɾe,NL
apedɾeen,apedeɾen,apedeɾ,apedɾe,NL
apedɾeen,apedeɾen,apedeɾ,apedɾe,NL
apedɾeen,apedeɾen,apedeɾ,apedɾe,NL
apedɾeen,apedeɾen,apedeɾ,apedɾe,NL
apedɾeen,apedɾeen,apedɾe,apedɾe,NL
apedɾeen,apedɾeen,apedɾe,apedɾe,NL
apedɾeen,apedɾeen,apedɾe,apedɾe,NL
apedɾeen,apedɾeen,apedɾe,apedɾe,NL
apedɾeen,apedɾeen,apedɾe,apedɾe,NL
apedɾeen,apedɾeen,apedɾe,apedɾe,NL
apedɾees,apedeɾes,apedeɾ,apedɾe,NL
apedɾees,apedeɾes,apedeɾ,apedɾe,NL
apedɾees,apedeɾes,apedeɾ,apedɾe,NL
apedɾees,apedeɾes,apedeɾ,apedɾe,NL
apedɾees,apedeɾes,apedeɾ,apedɾe,NL
apedɾees,apedeɾes,apedeɾ,apedɾe,NL
apedɾees,apedeɾes,apedeɾ,apedɾe,NL
apedɾees,apedeɾes,apedeɾ,apedɾe,NL
apedɾees,apedeɾes,apedeɾ,apedɾe,NL
apedɾees,apedeɾes,apedeɾ,apedɾe,NL
apedɾees,apedeɾes,apedeɾ,apedɾe,NL
apedɾees,apedeɾes,apedeɾ,apedɾe,NL
apedɾees,apedeɾes,apedeɾ,apedɾe,NL
apedɾees,apedeɾes,apedeɾ,apedɾe,NL
apedɾees,apedeɾes,apedeɾ,apedɾe,NL
apedɾees,apedeɾes,apedeɾ,apedɾe,NL
apedɾees,apedeɾes,apedeɾ,apedɾe,NL
apedɾees,apedeɾes,apedeɾ,apedɾe,NL
apedɾees,apedeɾes,apedeɾ,apedɾe,NL
apedɾees,apedɾees,apedɾe,apedɾe,NL
apedɾees,apedɾees,apedɾe,apedɾe,NL
apedɾees,apedeɾes,apedeɾ,apedɾe,NL
apedɾees,apedeɾes,apedeɾ,apedɾe,NL
apedɾees,apedeɾes,apedeɾ,apedɾe,NL
apedɾees,apedɾees,apedɾe,apedɾe,NL
apedɾees,apedɾees,apedɾe,apedɾe,NL
apedɾees,apedɾees,apedɾe,apedɾe,NL
apedɾees,apedɾees,apedɾe,apedɾe,NL
apedɾees,apedeɾes,apedeɾ,apedɾe,NL
apedɾees,apedeɾes,apedeɾ,apedɾe,NL
apedɾees,apedeɾes,apedeɾ,apedɾe,NL
apedɾees,apedɾees,apedɾe,apedɾe,NL
apedɾees,apedɾees,apedɾe,apedɾe,NL
apedɾees,apedɾees,apedɾe,apedɾe,NL
apedɾees,apedɾees,apedɾe,apedɾe,NL
apedɾees,apedɾees,apedɾe,apedɾe,NL
apedɾees,apedɾees,apedɾe,apedɾe,NL
apedɾees,apedɾees,apedɾe,apedɾe,NL
apedɾees,apedɾees,apedɾe,apedɾe,NL
apedɾees,apedɾees,apedɾe,apedɾe,NL
apedɾees,apedeɾes,apedeɾ,apedɾe,NL
apedɾees,apedeɾes,apedeɾ,apedɾe,NL
apedɾees,apedeɾes,apedeɾ,apedɾe,NL
apedɾees,apedeɾes,apedeɾ,apedɾe,NL
apedɾees,apedeɾes,apedeɾ,apedɾe,NL
apedɾees,apedeɾes,apedeɾ,apedɾe,NL
apedɾees,apedeɾes,apedeɾ,apedɾe,NL
apedɾees,apedeɾes,apedeɾ,apedɾe,NL
apedɾees,apedeɾes,apedeɾ,apedɾe,NL
apedɾees,apedeɾes,apedeɾ,apedɾe,NL
apedɾees,apedeɾes,apedeɾ,apedɾe,NL
apedɾees,apedeɾes,apedeɾ,apedɾe,NL
apedɾees,apedɾees,apedɾe,apedɾe,NL
apedɾees,apedɾees,apedɾe,apedɾe,NL
apedɾees,apedɾees,apedɾe,apedɾe,NL
apedɾee,apedeɾe,apedeɾ,apedɾe,NL
apedɾee,apedeɾe,apedeɾ,apedɾe,NL
apedɾee,apedeɾe,apedeɾ,apedɾe,NL
apedɾee,apedeɾe,apedeɾ,apedɾe,NL
apedɾee,apedeɾe,apedeɾ,apedɾe,NL
apedɾee,apedeɾe,apedeɾ,apedɾe,NL
apedɾee,apedeɾe,apedeɾ,apedɾe,NL
apedɾee,apedeɾe,apedeɾ,apedɾe,NL
apedɾee,apedeɾe,apedeɾ,apedɾe,NL
apedɾee,apedeɾe,apedeɾ,apedɾe,NL
apedɾee,apedeɾe,apedeɾ,apedɾe,NL
apedɾee,apedeɾe,apedeɾ,apedɾe,NL
apedɾee,apedeɾe,apedeɾ,apedɾe,NL
apedɾee,apedeɾe,apedeɾ,apedɾe,NL
apedɾee,apedeɾe,apedeɾ,apedɾe,NL
apedɾee,apedeɾe,apedeɾ,apedɾe,NL
apedɾee,apedeɾe,apedeɾ,apedɾe,NL
apedɾee,apedeɾe,apedeɾ,apedɾe,NL
apedɾee,apedeɾe,apedeɾ,apedɾe,NL
apedɾee,apedɾee,apedɾe,apedɾe,NL
apedɾee,apedɾee,apedɾe,apedɾe,NL
apedɾee,apedeɾe,apedeɾ,apedɾe,NL
apedɾee,apedeɾe,apedeɾ,apedɾe,NL
apedɾee,apedeɾe,apedeɾ,apedɾe,NL
apedɾee,apedɾee,apedɾe,apedɾe,NL
apedɾee,apedɾee,apedɾe,apedɾe,NL
apedɾee,apedɾee,apedɾe,apedɾe,NL
apedɾee,apedɾee,apedɾe,apedɾe,NL
apedɾee,apedeɾe,apedeɾ,apedɾe,NL
apedɾee,apedeɾe,apedeɾ,apedɾe,NL
apedɾee,apedeɾe,apedeɾ,apedɾe,NL
apedɾee,apedɾee,apedɾe,apedɾe,NL
apedɾee,apedɾee,apedɾe,apedɾe,NL
apedɾee,apedɾee,apedɾe,apedɾe,NL
apedɾee,apedɾee,apedɾe,apedɾe,NL
apedɾee,apedɾee,apedɾe,apedɾe,NL
apedɾee,apedɾee,apedɾe,apedɾe,NL
apedɾee,apedɾee,apedɾe,apedɾe,NL
apedɾee,apedɾee,apedɾe,apedɾe,NL
apedɾee,apedɾee,apedɾe,apedɾe,NL
apedɾee,apedeɾe,apedeɾ,apedɾe,NL
apedɾee,apedeɾe,apedeɾ,apedɾe,NL
apedɾee,apedeɾe,apedeɾ,apedɾe,NL
apedɾee,apedeɾe,apedeɾ,apedɾe,NL
apedɾee,apedeɾe,apedeɾ,apedɾe,NL
apedɾee,apedeɾe,apedeɾ,apedɾe,NL
apedɾee,apedeɾe,apedeɾ,apedɾe,NL
apedɾee,apedeɾe,apedeɾ,apedɾe,NL
apedɾee,apedeɾe,apedeɾ,apedɾe,NL
apedɾee,apedeɾe,apedeɾ,apedɾe,NL
apedɾee,apedeɾe,apedeɾ,apedɾe,NL
apedɾee,apedeɾe,apedeɾ,apedɾe,NL
apedɾee,apedɾee,apedɾe,apedɾe,NL
apedɾee,apedɾee,apedɾe,apedɾe,NL
apedɾee,apedɾee,apedɾe,apedɾe,NL
apedɾee,apedeɾe,apedeɾ,apedɾe,NL
apedɾee,apedeɾe,apedeɾ,apedɾe,NL
apedɾee,apedeɾe,apedeɾ,apedɾe,NL
apedɾee,apedeɾe,apedeɾ,apedɾe,NL
apedɾee,apedeɾe,apedeɾ,apedɾe,NL
apedɾee,apedeɾe,apedeɾ,apedɾe,NL
apedɾee,apedeɾe,apedeɾ,apedɾe,NL
apedɾee,apedeɾe,apedeɾ,apedɾe,NL
apedɾee,apedeɾe,apedeɾ,apedɾe,NL
apedɾee,apedeɾe,apedeɾ,apedɾe,NL
apedɾee,apedeɾe,apedeɾ,apedɾe,NL
apedɾee,apedeɾe,apedeɾ,apedɾe,NL
apedɾee,apedeɾe,apedeɾ,apedɾe,NL
apedɾee,apedeɾe,apedeɾ,apedɾe,NL
apedɾee,apedeɾe,apedeɾ,apedɾe,NL
apedɾee,apedeɾe,apedeɾ,apedɾe,NL
apedɾee,apedeɾe,apedeɾ,apedɾe,NL
apedɾee,apedeɾe,apedeɾ,apedɾe,NL
apedɾee,apedeɾe,apedeɾ,apedɾe,NL
apedɾee,apedɾee,apedɾe,apedɾe,NL
apedɾee,apedɾee,apedɾe,apedɾe,NL
apedɾee,apedeɾe,apedeɾ,apedɾe,NL
apedɾee,apedeɾe,apedeɾ,apedɾe,NL
apedɾee,apedɾee,apedɾe,apedɾe,NL
apedɾee,apedɾee,apedɾe,apedɾe,NL
apedɾee,apedɾee,apedɾe,apedɾe,NL
apedɾee,apedɾee,apedɾe,apedɾe,NL
apedɾee,apedɾee,apedɾe,apedɾe,NL
apedɾee,apedeɾe,apedeɾ,apedɾe,NL
apedɾee,apedeɾe,apedeɾ,apedɾe,NL
apedɾee,apedeɾe,apedeɾ,apedɾe,NL
apedɾee,apedɾee,apedɾe,apedɾe,NL
apedɾee,apedɾee,apedɾe,apedɾe,NL
apedɾee,apedɾee,apedɾe,apedɾe,NL
apedɾee,apedɾee,apedɾe,apedɾe,NL
apedɾee,apedɾee,apedɾe,apedɾe,NL
apedɾee,apedɾee,apedɾe,apedɾe,NL
apedɾee,apedɾee,apedɾe,apedɾe,NL
apedɾee,apedɾee,apedɾe,apedɾe,NL
apedɾee,apedɾee,apedɾe,apedɾe,NL
apedɾee,apedeɾe,apedeɾ,apedɾe,NL
apedɾee,apedeɾe,apedeɾ,apedɾe,NL
apedɾee,apedeɾe,apedeɾ,apedɾe,NL
apedɾee,apedeɾe,apedeɾ,apedɾe,NL
apedɾee,apedeɾe,apedeɾ,apedɾe,NL
apedɾee,apedeɾe,apedeɾ,apedɾe,NL
apedɾee,apedeɾe,apedeɾ,apedɾe,NL
apedɾee,apedeɾe,apedeɾ,apedɾe,NL
apedɾee,apedeɾe,apedeɾ,apedɾe,NL
apedɾee,apedeɾe,apedeɾ,apedɾe,NL
apedɾee,apedeɾe,apedeɾ,apedɾe,NL
apedɾee,apedeɾe,apedeɾ,apedɾe,NL
apedɾee,apedɾee,apedɾe,apedɾe,NL
apedɾee,apedɾee,apedɾe,apedɾe,NL
apedɾee,apedɾee,apedɾe,apedɾe,NL
apedɾeo,apedeo,apede,apedɾe,NL
apedɾeo,apedeo,apede,apedɾe,NL
apedɾeo,apedeo,apede,apedɾe,NL
apedɾeo,apedeo,apede,apedɾe,NL
apedɾeo,apedeɾo,apedeɾ,apedɾe,NL
apedɾeo,apedeɾo,apedeɾ,apedɾe,NL
apedɾeo,apedeo,apede,apedɾe,NL
apedɾeo,apedeo,apede,apedɾe,NL
apedɾeo,apedeo,apede,apedɾe,NL
apedɾeo,apedeo,apede,apedɾe,NL
apedɾeo,apedeɾo,apedeɾ,apedɾe,NL
apedɾeo,apedeɾo,apedeɾ,apedɾe,NL
apedɾeo,apedeɾo,apedeɾ,apedɾe,NL
apedɾeo,apedeɾo,apedeɾ,apedɾe,NL
apedɾeo,apedeɾo,apedeɾ,apedɾe,NL
apedɾeo,apedeɾo,apedeɾ,apedɾe,NL
apedɾeo,apedeɾo,apedeɾ,apedɾe,NL
apedɾeo,apedeɾo,apedeɾ,apedɾe,NL
apedɾeo,apedeɾo,apedeɾ,apedɾe,NL
apedɾeo,apedɾeo,apedɾe,apedɾe,NL
apedɾeo,apedɾeo,apedɾe,apedɾe,NL
apedɾeo,apedeo,apede,apedɾe,NL
apedɾeo,apedeo,apede,apedɾe,NL
apedɾeo,apedeo,apede,apedɾe,NL
apedɾeo,apedɾeo,apedɾe,apedɾe,NL
apedɾeo,apedɾeo,apedɾe,apedɾe,NL
apedɾeo,apedɾeo,apedɾe,apedɾe,NL
apedɾeo,apedɾeo,apedɾe,apedɾe,NL
apedɾeo,apedeɾo,apedeɾ,apedɾe,NL
apedɾeo,apedeo,apede,apedɾe,NL
apedɾeo,apedeo,apede,apedɾe,NL
apedɾeo,apedɾeo,apedɾe,apedɾe,NL
apedɾeo,apedɾeo,apedɾe,apedɾe,NL
apedɾeo,apedɾeo,apedɾe,apedɾe,NL
apedɾeo,apedɾeo,apedɾe,apedɾe,NL
apedɾeo,apedeo,apede,apedɾe,NL
apedɾeo,apedɾeo,apedɾe,apedɾe,NL
apedɾeo,apedɾeo,apedɾe,apedɾe,NL
apedɾeo,apedɾeo,apedɾe,apedɾe,NL
apedɾeo,apedɾeo,apedɾe,apedɾe,NL
apedɾeo,apedeɾo,apedeɾ,apedɾe,NL
apedɾeo,apedeo,apede,apedɾe,NL
apedɾeo,apedeo,apede,apedɾe,NL
apedɾeo,apedeo,apede,apedɾe,NL
apedɾeo,apedeo,apede,apedɾe,NL
apedɾeo,apedeɾo,apedeɾ,apedɾe,NL
apedɾeo,apedeɾo,apedeɾ,apedɾe,NL
apedɾeo,apedeɾo,apedeɾ,apedɾe,NL
apedɾeo,apedeɾo,apedeɾ,apedɾe,NL
apedɾeo,apedeo,apede,apedɾe,NL
apedɾeo,apedeo,apede,apedɾe,NL
apedɾeo,apedeɾo,apedeɾ,apedɾe,NL
apedɾeo,apedɾeo,apedɾe,apedɾe,NL
apedɾeo,apedɾeo,apedɾe,apedɾe,NL
apedɾeo,apedɾeo,apedɾe,apedɾe,NL
bomitajs,bomitajs,bomit,bomit,NL
bomitajs,bomitajs,bomit,bomit,NL
bomitajs,bomitajs,bomit,bomit,NL
bomitajs,bomitajs,bomit,bomit,NL
bomitajs,bomitajs,bomit,bomit,NL
bomitajs,bomitajs,bomit,bomit,NL
bomitajs,bomitajs,bomit,bomit,NL
bomitajs,bomitajs,bomit,bomit,NL
bomitajs,bomitajs,bomit,bomit,NL
bomitajs,bomitajs,bomit,bomit,NL
bomitajs,bomitajs,bomit,bomit,NL
bomitajs,bomitajs,bomit,bomit,NL
bomitajs,bomitajs,bomit,bomit,NL
bomitajs,bomitajs,bomit,bomit,NL
bomitajs,bomitajs,bomit,bomit,NL
bomitajs,bomitajs,bomit,bomit,NL
bomitajs,bomitajs,bomit,bomit,NL
bomitajs,bomitajs,bomit,bomit,NL
bomitajs,bomitajs,bomit,bomit,NL
bomitajs,bomitajs,bomit,bomit,NL
bomitajs,bomitajs,bomit,bomit,NL
bomitajs,bomitajs,bomit,bomit,NL
bomitajs,bomitajs,bomit,bomit,NL
bomitajs,bomitajs,bomit,bomit,NL
bomitajs,bomitajs,bomit,bomit,NL
bomitajs,bomitajs,bomit,bomit,NL
bomitajs,bomitajs,bomit,bomit,NL
bomitajs,bomitajs,bomit,bomit,NL
bomitajs,bomitajs,bomit,bomit,NL
bomitajs,bomitajs,bomit,bomit,NL
bomitajs,bomitajs,bomit,bomit,NL
bomitajs,bomitajs,bomit,bomit,NL
bomitajs,bomitajs,bomit,bomit,NL
bomitajs,bomitajs,bomit,bomit,NL
bomitajs,bomitajs,bomit,bomit,NL
bomitajs,bomitajs,bomit,bomit,NL
bomitajs,bomitajs,bomit,bomit,NL
bomitajs,bomitajs,bomit,bomit,NL
bomitajs,bomitajs,bomit,bomit,NL
bomitajs,bomitajs,bomit,bomit,NL
bomitajs,bomitajs,bomit,bomit,NL
bomitajs,bomitajs,bomit,bomit,NL
bomitajs,bomitajs,bomit,bomit,NL
bomitajs,bomitajs,bomit,bomit,NL
bomitajs,bomitajs,bomit,bomit,NL
bomitajs,bomitajs,bomit,bomit,NL
bomitajs,bomitajs,bomit,bomit,NL
bomitajs,bomitajs,bomit,bomit,NL
bomitajs,bomitajs,bomit,bomit,NL
bomitajs,bomitajs,bomit,bomit,NL
bomitajs,bomitajs,bomit,bomit,NL
bomitajs,bomitajs,bomit,bomit,NL
bomitajs,bomitajs,bomit,bomit,NL
bomitajs,bomitajs,bomit,bomit,NL
bomitajs,bomitajs,bomit,bomit,NL
bomitamos,bomitamos,bomit,bomit,NL
bomitamos,bomitamos,bomit,bomit,NL
bomitamos,bomitamos,bomit,bomit,NL
bomitamos,bomitamos,bomit,bomit,NL
bomitamos,bomitamos,bomit,bomit,NL
bomitamos,bomitamos,bomit,bomit,NL
bomitamos,bomitamos,bomit,bomit,NL
bomitamos,bomitamos,bomit,bomit,NL
bomitamos,bomitamos,bomit,bomit,NL
bomitamos,bomitamos,bomit,bomit,NL
bomitamos,bomitamos,bomit,bomit,NL
bomitamos,bomitamos,bomit,bomit,NL
bomitamos,bomitamos,bomit,bomit,NL
bomitamos,bomitamos,bomit,bomit,NL
bomitamos,bomitamos,bomit,bomit,NL
bomitamos,bomitamos,bomit,bomit,NL
bomitamos,bomitamos,bomit,bomit,NL
bomitamos,bomitamos,bomit,bomit,NL
bomitamos,bomitamos,bomit,bomit,NL
bomitamos,bomitamos,bomit,bomit,NL
bomitamos,bomitamos,bomit,bomit,NL
bomitamos,bomitamos,bomit,bomit,NL
bomitamos,bomitamos,bomit,bomit,NL
bomitamos,bomitamos,bomit,bomit,NL
bomitamos,bomitamos,bomit,bomit,NL
bomitamos,bomitamos,bomit,bomit,NL
bomitamos,bomitamos,bomit,bomit,NL
bomitamos,bomitamos,bomit,bomit,NL
bomitamos,bomitamos,bomit,bomit,NL
bomitamos,bomitamos,bomit,bomit,NL
bomitamos,bomitamos,bomit,bomit,NL
bomitamos,bomitamos,bomit,bomit,NL
bomitamos,bomitamos,bomit,bomit,NL
bomitamos,bomitamos,bomit,bomit,NL
bomitamos,bomitamos,bomit,bomit,NL
bomitamos,bomitamos,bomit,bomit,NL
bomitamos,bomitamos,bomit,bomit,NL
bomitamos,bomitamos,bomit,bomit,NL
bomitamos,bomitamos,bomit,bomit,NL
bomitamos,bomitamos,bomit,bomit,NL
bomitamos,bomitamos,bomit,bomit,NL
bomitamos,bomitamos,bomit,bomit,NL
bomitamos,bomitamos,bomit,bomit,NL
bomitamos,bomitamos,bomit,bomit,NL
bomitamos,bomitamos,bomit,bomit,NL
bomitamos,bomitamos,bomit,bomit,NL
bomitamos,bomitamos,bomit,bomit,NL
bomitamos,bomitamos,bomit,bomit,NL
bomitamos,bomitamos,bomit,bomit,NL
bomitamos,bomitamos,bomit,bomit,NL
bomitamos,bomitamos,bomit,bomit,NL
bomitamos,bomitamos,bomit,bomit,NL
bomitamos,bomitamos,bomit,bomit,NL
bomitamos,bomitamos,bomit,bomit,NL
bomitamos,bomitamos,bomit,bomit,NL
bomitan,bomitan,bomit,bomit,NL
bomitan,bomitan,bomit,bomit,NL
bomitan,bomitan,bomit,bomit,NL
bomitan,bomitan,bomit,bomit,NL
bomitan,bomitan,bomit,bomit,NL
bomitan,bomitan,bomit,bomit,NL
bomitan,bomitan,bomit,bomit,NL
bomitan,bomitan,bomit,bomit,NL
bomitan,bomitan,bomit,bomit,NL
bomitan,bomitan,bomit,bomit,NL
bomitan,bomitan,bomit,bomit,NL
bomitan,bomitan,bomit,bomit,NL
bomitan,bomitan,bomit,bomit,NL
bomitan,bomitan,bomit,bomit,NL
bomitan,bomitan,bomit,bomit,NL
bomitan,bomitan,bomit,bomit,NL
bomitan,bomitan,bomit,bomit,NL
bomitan,bomitan,bomit,bomit,NL
bomitan,bomitan,bomit,bomit,NL
bomitan,bomitan,bomit,bomit,NL
bomitan,bomitan,bomit,bomit,NL
bomitan,bomitan,bomit,bomit,NL
bomitan,bomitan,bomit,bomit,NL
bomitan,bomitan,bomit,bomit,NL
bomitan,bomitan,bomit,bomit,NL
bomitan,bomitan,bomit,bomit,NL
bomitan,bomitan,bomit,bomit,NL
bomitan,bomitan,bomit,bomit,NL
bomitan,bomitan,bomit,bomit,NL
bomitan,bomitan,bomit,bomit,NL
bomitan,bomitan,bomit,bomit,NL
bomitan,bomitan,bomit,bomit,NL
bomitan,bomitan,bomit,bomit,NL
bomitan,bomitan,bomit,bomit,NL
bomitan,bomitan,bomit,bomit,NL
bomitan,bomitan,bomit,bomit,NL
bomitan,bomitan,bomit,bomit,NL
bomitan,bomitan,bomit,bomit,NL
bomitan,bomitan,bomit,bomit,NL
bomitan,bomitan,bomit,bomit,NL
bomitan,bomitan,bomit,bomit,NL
bomitan,bomitan,bomit,bomit,NL
bomitan,bomitan,bomit,bomit,NL
bomitan,bomitan,bomit,bomit,NL
bomitan,bomitan,bomit,bomit,NL
bomitan,bomitan,bomit,bomit,NL
bomitan,bomitan,bomit,bomit,NL
bomitan,bomitan,bomit,bomit,NL
bomitan,bomitan,bomit,bomit,NL
bomitan,bomitan,bomit,bomit,NL
bomitan,bomitan,bomit,bomit,NL
bomitan,bomitan,bomit,bomit,NL
bomitan,bomitan,bomit,bomit,NL
bomitan,bomitan,bomit,bomit,NL
bomitan,bomitan,bomit,bomit,NL
bomitas,bomitas,bomit,bomit,NL
bomitas,bomitas,bomit,bomit,NL
bomitas,bomitas,bomit,bomit,NL
bomitas,bomitas,bomit,bomit,NL
bomitas,bomitas,bomit,bomit,NL
bomitas,bomitas,bomit,bomit,NL
bomitas,bomitas,bomit,bomit,NL
bomitas,bomitas,bomit,bomit,NL
bomitas,bomitas,bomit,bomit,NL
bomitas,bomitas,bomit,bomit,NL
bomitas,bomitas,bomit,bomit,NL
bomitas,bomitas,bomit,bomit,NL
bomitas,bomitas,bomit,bomit,NL
bomitas,bomitas,bomit,bomit,NL
bomitas,bomitas,bomit,bomit,NL
bomitas,bomitas,bomit,bomit,NL
bomitas,bomitas,bomit,bomit,NL
bomitas,bomitas,bomit,bomit,NL
bomitas,bomitas,bomit,bomit,NL
bomitas,bomitas,bomit,bomit,NL
bomitas,bomitas,bomit,bomit,NL
bomitas,bomitas,bomit,bomit,NL
bomitas,bomitas,bomit,bomit,NL
bomitas,bomitas,bomit,bomit,NL
bomitas,bomitas,bomit,bomit,NL
bomitas,bomitas,bomit,bomit,NL
bomitas,bomitas,bomit,bomit,NL
bomitas,bomitas,bomit,bomit,NL
bomitas,bomitas,bomit,bomit,NL
bomitas,bomitas,bomit,bomit,NL
bomitas,bomitas,bomit,bomit,NL
bomitas,bomitas,bomit,bomit,NL
bomitas,bomitas,bomit,bomit,NL
bomitas,bomitas,bomit,bomit,NL
bomitas,bomitas,bomit,bomit,NL
bomitas,bomitas,bomit,bomit,NL
bomitas,bomitas,bomit,bomit,NL
bomitas,bomitas,bomit,bomit,NL
bomitas,bomitas,bomit,bomit,NL
bomitas,bomitas,bomit,bomit,NL
bomitas,bomitas,bomit,bomit,NL
bomitas,bomitas,bomit,bomit,NL
bomitas,bomitas,bomit,bomit,NL
bomitas,bomitas,bomit,bomit,NL
bomitas,bomitas,bomit,bomit,NL
bomitas,bomitas,bomit,bomit,NL
bomitas,bomitas,bomit,bomit,NL
bomitas,bomitas,bomit,bomit,NL
bomitas,bomitas,bomit,bomit,NL
bomitas,bomitas,bomit,bomit,NL
bomitas,bomitas,bomit,bomit,NL
bomitas,bomitas,bomit,bomit,NL
bomitas,bomitas,bomit,bomit,NL
bomitas,bomitas,bomit,bomit,NL
bomitas,bomitas,bomit,bomit,NL
bomita,bomita,bomit,bomit,NL
bomita,bomita,bomit,bomit,NL
bomita,bomita,bomit,bomit,NL
bomita,bomita,bomit,bomit,NL
bomita,bomita,bomit,bomit,NL
bomita,bomita,bomit,bomit,NL
bomita,bomita,bomit,bomit,NL
bomita,bomita,bomit,bomit,NL
bomita,bomita,bomit,bomit,NL
bomita,bomita,bomit,bomit,NL
bomita,bomita,bomit,bomit,NL
bomita,bomita,bomit,bomit,NL
bomita,bomita,bomit,bomit,NL
bomita,bomita,bomit,bomit,NL
bomita,bomita,bomit,bomit,NL
bomita,bomita,bomit,bomit,NL
bomita,bomita,bomit,bomit,NL
bomita,bomita,bomit,bomit,NL
bomita,bomita,bomit,bomit,NL
bomita,bomita,bomit,bomit,NL
bomita,bomita,bomit,bomit,NL
bomita,bomita,bomit,bomit,NL
bomita,bomita,bomit,bomit,NL
bomita,bomita,bomit,bomit,NL
bomita,bomita,bomit,bomit,NL
bomita,bomita,bomit,bomit,NL
bomita,bomita,bomit,bomit,NL
bomita,bomita,bomit,bomit,NL
bomita,bomita,bomit,bomit,NL
bomita,bomita,bomit,bomit,NL
bomita,bomita,bomit,bomit,NL
bomita,bomita,bomit,bomit,NL
bomita,bomita,bomit,bomit,NL
bomita,bomita,bomit,bomit,NL
bomita,bomita,bomit,bomit,NL
bomita,bomita,bomit,bomit,NL
bomita,bomita,bomit,bomit,NL
bomita,bomita,bomit,bomit,NL
bomita,bomita,bomit,bomit,NL
bomita,bomita,bomit,bomit,NL
bomita,bomita,bomit,bomit,NL
bomita,bomita,bomit,bomit,NL
bomita,bomita,bomit,bomit,NL
bomita,bomita,bomit,bomit,NL
bomita,bomita,bomit,bomit,NL
bomita,bomita,bomit,bomit,NL
bomita,bomita,bomit,bomit,NL
bomita,bomita,bomit,bomit,NL
bomita,bomita,bomit,bomit,NL
bomita,bomita,bomit,bomit,NL
bomita,bomita,bomit,bomit,NL
bomita,bomita,bomit,bomit,NL
bomita,bomita,bomit,bomit,NL
bomita,bomita,bomit,bomit,NL
bomita,bomita,bomit,bomit,NL
bomitejs,bomitejs,bomit,bomit,NL
bomitejs,bomitejs,bomit,bomit,NL
bomitejs,bomitejs,bomit,bomit,NL
bomitejs,bomitejs,bomit,bomit,NL
bomitejs,bomitejs,bomit,bomit,NL
bomitejs,bomitejs,bomit,bomit,NL
bomitejs,bomitejs,bomit,bomit,NL
bomitejs,bomitejs,bomit,bomit,NL
bomitejs,bomitejs,bomit,bomit,NL
bomitejs,bomitejs,bomit,bomit,NL
bomitejs,bomitejs,bomit,bomit,NL
bomitejs,bomitejs,bomit,bomit,NL
bomitejs,bomitejs,bomit,bomit,NL
bomitejs,bomitejs,bomit,bomit,NL
bomitejs,bomitejs,bomit,bomit,NL
bomitejs,bomitejs,bomit,bomit,NL
bomitejs,bomitejs,bomit,bomit,NL
bomitejs,bomitejs,bomit,bomit,NL
bomitejs,bomitejs,bomit,bomit,NL
bomitejs,bomitejs,bomit,bomit,NL
bomitejs,bomitejs,bomit,bomit,NL
bomitejs,bomitejs,bomit,bomit,NL
bomitejs,bomitejs,bomit,bomit,NL
bomitejs,bomitejs,bomit,bomit,NL
bomitejs,bomitejs,bomit,bomit,NL
bomitejs,bomitejs,bomit,bomit,NL
bomitejs,bomitejs,bomit,bomit,NL
bomitejs,bomitejs,bomit,bomit,NL
bomitejs,bomitejs,bomit,bomit,NL
bomitejs,bomitejs,bomit,bomit,NL
bomitejs,bomitejs,bomit,bomit,NL
bomitejs,bomitejs,bomit,bomit,NL
bomitejs,bomitejs,bomit,bomit,NL
bomitejs,bomitejs,bomit,bomit,NL
bomitejs,bomitejs,bomit,bomit,NL
bomitejs,bomitejs,bomit,bomit,NL
bomitejs,bomitejs,bomit,bomit,NL
bomitejs,bomitejs,bomit,bomit,NL
bomitejs,bomitejs,bomit,bomit,NL
bomitejs,bomitejs,bomit,bomit,NL
bomitejs,bomitejs,bomit,bomit,NL
bomitejs,bomitejs,bomit,bomit,NL
bomitejs,bomitejs,bomit,bomit,NL
bomitejs,bomitejs,bomit,bomit,NL
bomitejs,bomitejs,bomit,bomit,NL
bomitejs,bomitejs,bomit,bomit,NL
bomitejs,bomitejs,bomit,bomit,NL
bomitejs,bomitejs,bomit,bomit,NL
bomitejs,bomitejs,bomit,bomit,NL
bomitejs,bomitejs,bomit,bomit,NL
bomitejs,bomitejs,bomit,bomit,NL
bomitejs,bomitejs,bomit,bomit,NL
bomitejs,bomitejs,bomit,bomit,NL
bomitejs,bomitejs,bomit,bomit,NL
bomitejs,bomitejs,bomit,bomit,NL
bomitemos,bomitemos,bomit,bomit,NL
bomitemos,bomitemos,bomit,bomit,NL
bomitemos,bomitemos,bomit,bomit,NL
bomitemos,bomitemos,bomit,bomit,NL
bomitemos,bomitemos,bomit,bomit,NL
bomitemos,bomitemos,bomit,bomit,NL
bomitemos,bomitemos,bomit,bomit,NL
bomitemos,bomitemos,bomit,bomit,NL
bomitemos,bomitemos,bomit,bomit,NL
bomitemos,bomitemos,bomit,bomit,NL
bomitemos,bomitemos,bomit,bomit,NL
bomitemos,bomitemos,bomit,bomit,NL
bomitemos,bomitemos,bomit,bomit,NL
bomitemos,bomitemos,bomit,bomit,NL
bomitemos,bomitemos,bomit,bomit,NL
bomitemos,bomitemos,bomit,bomit,NL
bomitemos,bomitemos,bomit,bomit,NL
bomitemos,bomitemos,bomit,bomit,NL
bomitemos,bomitemos,bomit,bomit,NL
bomitemos,bomitemos,bomit,bomit,NL
bomitemos,bomitemos,bomit,bomit,NL
bomitemos,bomitemos,bomit,bomit,NL
bomitemos,bomitemos,bomit,bomit,NL
bomitemos,bomitemos,bomit,bomit,NL
bomitemos,bomitemos,bomit,bomit,NL
bomitemos,bomitemos,bomit,bomit,NL
bomitemos,bomitemos,bomit,bomit,NL
bomitemos,bomitemos,bomit,bomit,NL
bomitemos,bomitemos,bomit,bomit,NL
bomitemos,bomitemos,bomit,bomit,NL
bomitemos,bomitemos,bomit,bomit,NL
bomitemos,bomitemos,bomit,bomit,NL
bomitemos,bomitemos,bomit,bomit,NL
bomitemos,bomitemos,bomit,bomit,NL
bomitemos,bomitemos,bomit,bomit,NL
bomitemos,bomitemos,bomit,bomit,NL
bomitemos,bomitemos,bomit,bomit,NL
bomitemos,bomitemos,bomit,bomit,NL
bomitemos,bomitemos,bomit,bomit,NL
bomitemos,bomitemos,bomit,bomit,NL
bomitemos,bomitemos,bomit,bomit,NL
bomitemos,bomitemos,bomit,bomit,NL
bomitemos,bomitemos,bomit,bomit,NL
bomitemos,bomitemos,bomit,bomit,NL
bomitemos,bomitemos,bomit,bomit,NL
bomitemos,bomitemos,bomit,bomit,NL
bomitemos,bomitemos,bomit,bomit,NL
bomitemos,bomitemos,bomit,bomit,NL
bomitemos,bomitemos,bomit,bomit,NL
bomitemos,bomitemos,bomit,bomit,NL
bomitemos,bomitemos,bomit,bomit,NL
bomitemos,bomitemos,bomit,bomit,NL
bomitemos,bomitemos,bomit,bomit,NL
bomitemos,bomitemos,bomit,bomit,NL
bomitemos,bomitemos,bomit,bomit,NL
bomiten,bomiten,bomit,bomit,NL
bomiten,bomiten,bomit,bomit,NL
bomiten,bomiten,bomit,bomit,NL
bomiten,bomiten,bomit,bomit,NL
bomiten,bomiten,bomit,bomit,NL
bomiten,bomiten,bomit,bomit,NL
bomiten,bomiten,bomit,bomit,NL
bomiten,bomiten,bomit,bomit,NL
bomiten,bomiten,bomit,bomit,NL
bomiten,bomiten,bomit,bomit,NL
bomiten,bomiten,bomit,bomit,NL
bomiten,bomiten,bomit,bomit,NL
bomiten,bomiten,bomit,bomit,NL
bomiten,bomiten,bomit,bomit,NL
bomiten,bomiten,bomit,bomit,NL
bomiten,bomiten,bomit,bomit,NL
bomiten,bomiten,bomit,bomit,NL
bomiten,bomiten,bomit,bomit,NL
bomiten,bomiten,bomit,bomit,NL
bomiten,bomiten,bomit,bomit,NL
bomiten,bomiten,bomit,bomit,NL
bomiten,bomiten,bomit,bomit,NL
bomiten,bomiten,bomit,bomit,NL
bomiten,bomiten,bomit,bomit,NL
bomiten,bomiten,bomit,bomit,NL
bomiten,bomiten,bomit,bomit,NL
bomiten,bomiten,bomit,bomit,NL
bomiten,bomiten,bomit,bomit,NL
bomiten,bomiten,bomit,bomit,NL
bomiten,bomiten,bomit,bomit,NL
bomiten,bomiten,bomit,bomit,NL
bomiten,bomiten,bomit,bomit,NL
bomiten,bomiten,bomit,bomit,NL
bomiten,bomiten,bomit,bomit,NL
bomiten,bomiten,bomit,bomit,NL
bomiten,bomiten,bomit,bomit,NL
bomiten,bomiten,bomit,bomit,NL
bomiten,bomiten,bomit,bomit,NL
bomiten,bomiten,bomit,bomit,NL
bomiten,bomiten,bomit,bomit,NL
bomiten,bomiten,bomit,bomit,NL
bomiten,bomiten,bomit,bomit,NL
bomiten,bomiten,bomit,bomit,NL
bomiten,bomiten,bomit,bomit,NL
bomiten,bomiten,bomit,bomit,NL
bomiten,bomiten,bomit,bomit,NL
bomiten,bomiten,bomit,bomit,NL
bomiten,bomiten,bomit,bomit,NL
bomiten,bomiten,bomit,bomit,NL
bomiten,bomiten,bomit,bomit,NL
bomiten,bomiten,bomit,bomit,NL
bomiten,bomiten,bomit,bomit,NL
bomiten,bomiten,bomit,bomit,NL
bomiten,bomiten,bomit,bomit,NL
bomiten,bomiten,bomit,bomit,NL
bomites,bomites,bomit,bomit,NL
bomites,bomites,bomit,bomit,NL
bomites,bomites,bomit,bomit,NL
bomites,bomites,bomit,bomit,NL
bomites,bomites,bomit,bomit,NL
bomites,bomites,bomit,bomit,NL
bomites,bomites,bomit,bomit,NL
bomites,bomites,bomit,bomit,NL
bomites,bomites,bomit,bomit,NL
bomites,bomites,bomit,bomit,NL
bomites,bomites,bomit,bomit,NL
bomites,bomites,bomit,bomit,NL
bomites,bomites,bomit,bomit,NL
bomites,bomites,bomit,bomit,NL
bomites,bomites,bomit,bomit,NL
bomites,bomites,bomit,bomit,NL
bomites,bomites,bomit,bomit,NL
bomites,bomites,bomit,bomit,NL
bomites,bomites,bomit,bomit,NL
bomites,bomites,bomit,bomit,NL
bomites,bomites,bomit,bomit,NL
bomites,bomites,bomit,bomit,NL
bomites,bomites,bomit,bomit,NL
bomites,bomites,bomit,bomit,NL
bomites,bomites,bomit,bomit,NL
bomites,bomites,bomit,bomit,NL
bomites,bomites,bomit,bomit,NL
bomites,bomites,bomit,bomit,NL
bomites,bomites,bomit,bomit,NL
bomites,bomites,bomit,bomit,NL
bomites,bomites,bomit,bomit,NL
bomites,bomites,bomit,bomit,NL
bomites,bomites,bomit,bomit,NL
bomites,bomites,bomit,bomit,NL
bomites,bomites,bomit,bomit,NL
bomites,bomites,bomit,bomit,NL
bomites,bomites,bomit,bomit,NL
bomites,bomites,bomit,bomit,NL
bomites,bomites,bomit,bomit,NL
bomites,bomites,bomit,bomit,NL
bomites,bomites,bomit,bomit,NL
bomites,bomites,bomit,bomit,NL
bomites,bomites,bomit,bomit,NL
bomites,bomites,bomit,bomit,NL
bomites,bomites,bomit,bomit,NL
bomites,bomites,bomit,bomit,NL
bomites,bomites,bomit,bomit,NL
bomites,bomites,bomit,bomit,NL
bomites,bomites,bomit,bomit,NL
bomites,bomites,bomit,bomit,NL
bomites,bomites,bomit,bomit,NL
bomites,bomites,bomit,bomit,NL
bomites,bomites,bomit,bomit,NL
bomites,bomites,bomit,bomit,NL
bomites,bomites,bomit,bomit,NL
bomite,bomite,bomit,bomit,NL
bomite,bomite,bomit,bomit,NL
bomite,bomite,bomit,bomit,NL
bomite,bomite,bomit,bomit,NL
bomite,bomite,bomit,bomit,NL
bomite,bomite,bomit,bomit,NL
bomite,bomite,bomit,bomit,NL
bomite,bomite,bomit,bomit,NL
bomite,bomite,bomit,bomit,NL
bomite,bomite,bomit,bomit,NL
bomite,bomite,bomit,bomit,NL
bomite,bomite,bomit,bomit,NL
bomite,bomite,bomit,bomit,NL
bomite,bomite,bomit,bomit,NL
bomite,bomite,bomit,bomit,NL
bomite,bomite,bomit,bomit,NL
bomite,bomite,bomit,bomit,NL
bomite,bomite,bomit,bomit,NL
bomite,bomite,bomit,bomit,NL
bomite,bomite,bomit,bomit,NL
bomite,bomite,bomit,bomit,NL
bomite,bomite,bomit,bomit,NL
bomite,bomite,bomit,bomit,NL
bomite,bomite,bomit,bomit,NL
bomite,bomite,bomit,bomit,NL
bomite,bomite,bomit,bomit,NL
bomite,bomite,bomit,bomit,NL
bomite,bomite,bomit,bomit,NL
bomite,bomite,bomit,bomit,NL
bomite,bomite,bomit,bomit,NL
bomite,bomite,bomit,bomit,NL
bomite,bomite,bomit,bomit,NL
bomite,bomite,bomit,bomit,NL
bomite,bomite,bomit,bomit,NL
bomite,bomite,bomit,bomit,NL
bomite,bomite,bomit,bomit,NL
bomite,bomite,bomit,bomit,NL
bomite,bomite,bomit,bomit,NL
bomite,bomite,bomit,bomit,NL
bomite,bomite,bomit,bomit,NL
bomite,bomite,bomit,bomit,NL
bomite,bomite,bomit,bomit,NL
bomite,bomite,bomit,bomit,NL
bomite,bomite,bomit,bomit,NL
bomite,bomite,bomit,bomit,NL
bomite,bomite,bomit,bomit,NL
bomite,bomite,bomit,bomit,NL
bomite,bomite,bomit,bomit,NL
bomite,bomite,bomit,bomit,NL
bomite,bomite,bomit,bomit,NL
bomite,bomite,bomit,bomit,NL
bomite,bomite,bomit,bomit,NL
bomite,bomite,bomit,bomit,NL
bomite,bomite,bomit,bomit,NL
bomite,bomite,bomit,bomit,NL
bomite,bomite,bomit,bomit,NL
bomite,bomite,bomit,bomit,NL
bomite,bomite,bomit,bomit,NL
bomite,bomite,bomit,bomit,NL
bomite,bomite,bomit,bomit,NL
bomite,bomite,bomit,bomit,NL
bomite,bomite,bomit,bomit,NL
bomite,bomite,bomit,bomit,NL
bomite,bomite,bomit,bomit,NL
bomite,bomite,bomit,bomit,NL
bomite,bomite,bomit,bomit,NL
bomite,bomite,bomit,bomit,NL
bomite,bomite,bomit,bomit,NL
bomite,bomite,bomit,bomit,NL
bomite,bomite,bomit,bomit,NL
bomite,bomite,bomit,bomit,NL
bomite,bomite,bomit,bomit,NL
bomite,bomite,bomit,bomit,NL
bomite,bomite,bomit,bomit,NL
bomite,bomite,bomit,bomit,NL
bomite,bomite,bomit,bomit,NL
bomite,bomite,bomit,bomit,NL
bomite,bomite,bomit,bomit,NL
bomite,bomite,bomit,bomit,NL
bomite,bomite,bomit,bomit,NL
bomite,bomite,bomit,bomit,NL
bomite,bomite,bomit,bomit,NL
bomite,bomite,bomit,bomit,NL
bomite,bomite,bomit,bomit,NL
bomite,bomite,bomit,bomit,NL
bomite,bomite,bomit,bomit,NL
bomite,bomite,bomit,bomit,NL
bomite,bomite,bomit,bomit,NL
bomite,bomite,bomit,bomit,NL
bomite,bomite,bomit,bomit,NL
bomite,bomite,bomit,bomit,NL
bomite,bomite,bomit,bomit,NL
bomite,bomite,bomit,bomit,NL
bomite,bomite,bomit,bomit,NL
bomite,bomite,bomit,bomit,NL
bomite,bomite,bomit,bomit,NL
bomite,bomite,bomit,bomit,NL
bomite,bomite,bomit,bomit,NL
bomite,bomite,bomit,bomit,NL
bomite,bomite,bomit,bomit,NL
bomite,bomite,bomit,bomit,NL
bomite,bomite,bomit,bomit,NL
bomite,bomite,bomit,bomit,NL
bomite,bomite,bomit,bomit,NL
bomite,bomite,bomit,bomit,NL
bomite,bomite,bomit,bomit,NL
bomite,bomite,bomit,bomit,NL
bomite,bomite,bomit,bomit,NL
bomite,bomite,bomit,bomit,NL
bomite,bomite,bomit,bomit,NL
bomito,bomito,bomit,bomit,NL
bomito,bomito,bomit,bomit,NL
bomito,bomito,bomit,bomit,NL
bomito,bomito,bomit,bomit,NL
bomito,bomito,bomit,bomit,NL
bomito,bomito,bomit,bomit,NL
bomito,bomito,bomit,bomit,NL
bomito,bomito,bomit,bomit,NL
bomito,bomito,bomit,bomit,NL
bomito,bomito,bomit,bomit,NL
bomito,bomito,bomit,bomit,NL
bomito,bomito,bomit,bomit,NL
bomito,bomito,bomit,bomit,NL
bomito,bomito,bomit,bomit,NL
bomito,bomito,bomit,bomit,NL
bomito,bomito,bomit,bomit,NL
bomito,bomito,bomit,bomit,NL
bomito,bomito,bomit,bomit,NL
bomito,bomito,bomit,bomit,NL
bomito,bomito,bomit,bomit,NL
bomito,bomito,bomit,bomit,NL
bomito,bomito,bomit,bomit,NL
bomito,bomito,bomit,bomit,NL
bomito,bomito,bomit,bomit,NL
bomito,bomito,bomit,bomit,NL
bomito,bomito,bomit,bomit,NL
bomito,bomito,bomit,bomit,NL
bomito,bomito,bomit,bomit,NL
bomito,bomito,bomit,bomit,NL
bomito,bomito,bomit,bomit,NL
bomito,bomito,bomit,bomit,NL
bomito,bomito,bomit,bomit,NL
bomito,bomito,bomit,bomit,NL
bomito,bomito,bomit,bomit,NL
bomito,bomito,bomit,bomit,NL
bomito,bomito,bomit,bomit,NL
bomito,bomito,bomit,bomit,NL
bomito,bomito,bomit,bomit,NL
bomito,bomito,bomit,bomit,NL
bomito,bomito,bomit,bomit,NL
bomito,bomito,bomit,bomit,NL
bomito,bomito,bomit,bomit,NL
bomito,bomito,bomit,bomit,NL
bomito,bomito,bomit,bomit,NL
bomito,bomito,bomit,bomit,NL
bomito,bomito,bomit,bomit,NL
bomito,bomito,bomit,bomit,NL
bomito,bomito,bomit,bomit,NL
bomito,bomito,bomit,bomit,NL
bomito,bomito,bomit,bomit,NL
bomito,bomito,bomit,bomit,NL
bomito,bomito,bomit,bomit,NL
bomito,bomito,bomit,bomit,NL
bomito,bomito,bomit,bomit,NL
bomito,bomito,bomit,bomit,NL
soleajs,soleajs,sole,sole,NL
soleajs,soleajs,sole,sole,NL
soleajs,soleajs,sole,sole,NL
soleajs,soleajs,sole,sole,NL
soleajs,soleajs,sole,sole,NL
soleajs,soleajs,sole,sole,NL
soleajs,soleajs,sole,sole,NL
soleajs,soleajs,sole,sole,NL
soleajs,soleajs,sole,sole,NL
soleajs,soleajs,sole,sole,NL
soleajs,soleajs,sole,sole,NL
soleajs,soleajs,sole,sole,NL
soleajs,soleajs,sole,sole,NL
soleajs,soleajs,sole,sole,NL
soleajs,soleajs,sole,sole,NL
soleajs,soleajs,sole,sole,NL
soleajs,soleajs,sole,sole,NL
soleajs,soleajs,sole,sole,NL
soleajs,soleajs,sole,sole,NL
soleajs,soleajs,sole,sole,NL
soleajs,soleajs,sole,sole,NL
soleajs,soleajs,sole,sole,NL
soleajs,soleajs,sole,sole,NL
soleajs,soleajs,sole,sole,NL
soleajs,soleajs,sole,sole,NL
soleajs,soleajs,sole,sole,NL
soleajs,soleajs,sole,sole,NL
soleajs,soleajs,sole,sole,NL
soleajs,soleajs,sole,sole,NL
soleajs,soleajs,sole,sole,NL
soleajs,soleajs,sole,sole,NL
soleajs,soleajs,sole,sole,NL
soleajs,soleajs,sole,sole,NL
soleajs,soleajs,sole,sole,NL
soleajs,soleajs,sole,sole,NL
soleajs,soleajs,sole,sole,NL
soleajs,soleajs,sole,sole,NL
soleajs,soleajs,sole,sole,NL
soleajs,soleajs,sole,sole,NL
soleajs,soleajs,sole,sole,NL
soleajs,soleajs,sole,sole,NL
soleajs,soleajs,sole,sole,NL
soleajs,soleajs,sole,sole,NL
soleajs,soleajs,sole,sole,NL
soleajs,soleajs,sole,sole,NL
soleajs,soleajs,sole,sole,NL
soleajs,soleajs,sole,sole,NL
soleajs,soleajs,sole,sole,NL
soleajs,soleajs,sole,sole,NL
soleajs,soleajs,sole,sole,NL
soleajs,soleajs,sole,sole,NL
soleajs,soleajs,sole,sole,NL
soleajs,soleajs,sole,sole,NL
soleajs,soleajs,sole,sole,NL
soleajs,soleajs,sole,sole,NL
soleamos,soleamos,sole,sole,NL
soleamos,soleamos,sole,sole,NL
soleamos,soleamos,sole,sole,NL
soleamos,soleamos,sole,sole,NL
soleamos,soleamos,sole,sole,NL
soleamos,soleamos,sole,sole,NL
soleamos,soleamos,sole,sole,NL
soleamos,soleamos,sole,sole,NL
soleamos,soleamos,sole,sole,NL
soleamos,soleamos,sole,sole,NL
soleamos,soleamos,sole,sole,NL
soleamos,soleamos,sole,sole,NL
soleamos,soleamos,sole,sole,NL
soleamos,soleamos,sole,sole,NL
soleamos,soleamos,sole,sole,NL
soleamos,soleamos,sole,sole,NL
soleamos,soleamos,sole,sole,NL
soleamos,soleamos,sole,sole,NL
soleamos,soleamos,sole,sole,NL
soleamos,soleamos,sole,sole,NL
soleamos,soleamos,sole,sole,NL
soleamos,soleamos,sole,sole,NL
soleamos,soleamos,sole,sole,NL
soleamos,soleamos,sole,sole,NL
soleamos,soleamos,sole,sole,NL
soleamos,soleamos,sole,sole,NL
soleamos,soleamos,sole,sole,NL
soleamos,soleamos,sole,sole,NL
soleamos,soleamos,sole,sole,NL
soleamos,soleamos,sole,sole,NL
soleamos,soleamos,sole,sole,NL
soleamos,soleamos,sole,sole,NL
soleamos,soleamos,sole,sole,NL
soleamos,soleamos,sole,sole,NL
soleamos,soleamos,sole,sole,NL
soleamos,soleamos,sole,sole,NL
soleamos,soleamos,sole,sole,NL
soleamos,soleamos,sole,sole,NL
soleamos,soleamos,sole,sole,NL
soleamos,soleamos,sole,sole,NL
soleamos,soleamos,sole,sole,NL
soleamos,soleamos,sole,sole,NL
soleamos,soleamos,sole,sole,NL
soleamos,soleamos,sole,sole,NL
soleamos,soleamos,sole,sole,NL
soleamos,soleamos,sole,sole,NL
soleamos,soleamos,sole,sole,NL
soleamos,soleamos,sole,sole,NL
soleamos,soleamos,sole,sole,NL
soleamos,soleamos,sole,sole,NL
soleamos,soleamos,sole,sole,NL
soleamos,soleamos,sole,sole,NL
soleamos,soleamos,sole,sole,NL
soleamos,soleamos,sole,sole,NL
soleamos,soleamos,sole,sole,NL
solean,solean,sole,sole,NL
solean,solean,sole,sole,NL
solean,solean,sole,sole,NL
solean,solean,sole,sole,NL
solean,solean,sole,sole,NL
solean,solean,sole,sole,NL
solean,solean,sole,sole,NL
solean,solean,sole,sole,NL
solean,solean,sole,sole,NL
solean,solean,sole,sole,NL
solean,solean,sole,sole,NL
solean,solean,sole,sole,NL
solean,solean,sole,sole,NL
solean,solean,sole,sole,NL
solean,solean,sole,sole,NL
solean,solean,sole,sole,NL
solean,solean,sole,sole,NL
solean,solean,sole,sole,NL
solean,solean,sole,sole,NL
solean,solean,sole,sole,NL
solean,solean,sole,sole,NL
solean,solean,sole,sole,NL
solean,solean,sole,sole,NL
solean,solean,sole,sole,NL
solean,solean,sole,sole,NL
solean,solean,sole,sole,NL
solean,solean,sole,sole,NL
solean,solean,sole,sole,NL
solean,solean,sole,sole,NL
solean,solean,sole,sole,NL
solean,solean,sole,sole,NL
solean,solean,sole,sole,NL
solean,solean,sole,sole,NL
solean,solean,sole,sole,NL
solean,solean,sole,sole,NL
solean,solean,sole,sole,NL
solean,solean,sole,sole,NL
solean,solean,sole,sole,NL
solean,solean,sole,sole,NL
solean,solean,sole,sole,NL
solean,solean,sole,sole,NL
solean,solean,sole,sole,NL
solean,solean,sole,sole,NL
solean,solean,sole,sole,NL
solean,solean,sole,sole,NL
solean,solean,sole,sole,NL
solean,solean,sole,sole,NL
solean,solean,sole,sole,NL
solean,solean,sole,sole,NL
solean,solean,sole,sole,NL
solean,solean,sole,sole,NL
solean,solean,sole,sole,NL
solean,solean,sole,sole,NL
solean,solean,sole,sole,NL
solean,solean,sole,sole,NL
soleas,soleas,sole,sole,NL
soleas,soleas,sole,sole,NL
soleas,soleas,sole,sole,NL
soleas,soleas,sole,sole,NL
soleas,soleas,sole,sole,NL
soleas,soleas,sole,sole,NL
soleas,soleas,sole,sole,NL
soleas,soleas,sole,sole,NL
soleas,soleas,sole,sole,NL
soleas,soleas,sole,sole,NL
soleas,soleas,sole,sole,NL
soleas,soleas,sole,sole,NL
soleas,soleas,sole,sole,NL
soleas,soleas,sole,sole,NL
soleas,soleas,sole,sole,NL
soleas,soleas,sole,sole,NL
soleas,soleas,sole,sole,NL
soleas,soleas,sole,sole,NL
soleas,soleas,sole,sole,NL
soleas,soleas,sole,sole,NL
soleas,soleas,sole,sole,NL
soleas,soleas,sole,sole,NL
soleas,soleas,sole,sole,NL
soleas,soleas,sole,sole,NL
soleas,soleas,sole,sole,NL
soleas,soleas,sole,sole,NL
soleas,soleas,sole,sole,NL
soleas,soleas,sole,sole,NL
soleas,soleas,sole,sole,NL
soleas,soleas,sole,sole,NL
soleas,soleas,sole,sole,NL
soleas,soleas,sole,sole,NL
soleas,soleas,sole,sole,NL
soleas,soleas,sole,sole,NL
soleas,soleas,sole,sole,NL
soleas,soleas,sole,sole,NL
soleas,soleas,sole,sole,NL
soleas,soleas,sole,sole,NL
soleas,soleas,sole,sole,NL
soleas,soleas,sole,sole,NL
soleas,soleas,sole,sole,NL
soleas,soleas,sole,sole,NL
soleas,soleas,sole,sole,NL
soleas,soleas,sole,sole,NL
soleas,soleas,sole,sole,NL
soleas,soleas,sole,sole,NL
soleas,soleas,sole,sole,NL
soleas,soleas,sole,sole,NL
soleas,soleas,sole,sole,NL
soleas,soleas,sole,sole,NL
soleas,soleas,sole,sole,NL
soleas,soleas,sole,sole,NL
soleas,soleas,sole,sole,NL
soleas,soleas,sole,sole,NL
soleas,soleas,sole,sole,NL
solea,solea,sole,sole,NL
solea,solea,sole,sole,NL
solea,solea,sole,sole,NL
solea,solea,sole,sole,NL
solea,solea,sole,sole,NL
solea,solea,sole,sole,NL
solea,solea,sole,sole,NL
solea,solea,sole,sole,NL
solea,solea,sole,sole,NL
solea,solea,sole,sole,NL
solea,solea,sole,sole,NL
solea,solea,sole,sole,NL
solea,solea,sole,sole,NL
solea,solea,sole,sole,NL
solea,solea,sole,sole,NL
solea,solea,sole,sole,NL
solea,solea,sole,sole,NL
solea,solea,sole,sole,NL
solea,solea,sole,sole,NL
solea,solea,sole,sole,NL
solea,solea,sole,sole,NL
solea,solea,sole,sole,NL
solea,solea,sole,sole,NL
solea,solea,sole,sole,NL
solea,solea,sole,sole,NL
solea,solea,sole,sole,NL
solea,solea,sole,sole,NL
solea,solea,sole,sole,NL
solea,solea,sole,sole,NL
solea,solea,sole,sole,NL
solea,solea,sole,sole,NL
solea,solea,sole,sole,NL
solea,solea,sole,sole,NL
solea,solea,sole,sole,NL
solea,solea,sole,sole,NL
solea,solea,sole,sole,NL
solea,solea,sole,sole,NL
solea,solea,sole,sole,NL
solea,solea,sole,sole,NL
solea,solea,sole,sole,NL
solea,solea,sole,sole,NL
solea,solea,sole,sole,NL
solea,solea,sole,sole,NL
solea,solea,sole,sole,NL
solea,solea,sole,sole,NL
solea,solea,sole,sole,NL
solea,solea,sole,sole,NL
solea,solea,sole,sole,NL
solea,solea,sole,sole,NL
solea,solea,sole,sole,NL
solea,solea,sole,sole,NL
solea,solea,sole,sole,NL
solea,solea,sole,sole,NL
solea,solea,sole,sole,NL
solea,solea,sole,sole,NL
soleejs,soleejs,sole,sole,NL
soleejs,soleejs,sole,sole,NL
soleejs,soleejs,sole,sole,NL
soleejs,soleejs,sole,sole,NL
soleejs,soleejs,sole,sole,NL
soleejs,soleejs,sole,sole,NL
soleejs,soleejs,sole,sole,NL
soleejs,soleejs,sole,sole,NL
soleejs,soleejs,sole,sole,NL
soleejs,soleejs,sole,sole,NL
soleejs,soleejs,sole,sole,NL
soleejs,soleejs,sole,sole,NL
soleejs,soleejs,sole,sole,NL
soleejs,soleejs,sole,sole,NL
soleejs,soleejs,sole,sole,NL
soleejs,soleejs,sole,sole,NL
soleejs,soleejs,sole,sole,NL
soleejs,soleejs,sole,sole,NL
soleejs,soleejs,sole,sole,NL
soleejs,soleejs,sole,sole,NL
soleejs,soleejs,sole,sole,NL
soleejs,soleejs,sole,sole,NL
soleejs,soleejs,sole,sole,NL
soleejs,soleejs,sole,sole,NL
soleejs,soleejs,sole,sole,NL
soleejs,soleejs,sole,sole,NL
soleejs,soleejs,sole,sole,NL
soleejs,soleejs,sole,sole,NL
soleejs,soleejs,sole,sole,NL
soleejs,soleejs,sole,sole,NL
soleejs,soleejs,sole,sole,NL
soleejs,soleejs,sole,sole,NL
soleejs,soleejs,sole,sole,NL
soleejs,soleejs,sole,sole,NL
soleejs,soleejs,sole,sole,NL
soleejs,soleejs,sole,sole,NL
soleejs,soleejs,sole,sole,NL
soleejs,soleejs,sole,sole,NL
soleejs,soleejs,sole,sole,NL
soleejs,soleejs,sole,sole,NL
soleejs,soleejs,sole,sole,NL
soleejs,soleejs,sole,sole,NL
soleejs,soleejs,sole,sole,NL
soleejs,soleejs,sole,sole,NL
soleejs,soleejs,sole,sole,NL
soleejs,soleejs,sole,sole,NL
soleejs,soleejs,sole,sole,NL
soleejs,soleejs,sole,sole,NL
soleejs,soleejs,sole,sole,NL
soleejs,soleejs,sole,sole,NL
soleejs,soleejs,sole,sole,NL
soleejs,soleejs,sole,sole,NL
soleejs,soleejs,sole,sole,NL
soleejs,soleejs,sole,sole,NL
soleejs,soleejs,sole,sole,NL
soleemos,soleemos,sole,sole,NL
soleemos,soleemos,sole,sole,NL
soleemos,soleemos,sole,sole,NL
soleemos,soleemos,sole,sole,NL
soleemos,soleemos,sole,sole,NL
soleemos,soleemos,sole,sole,NL
soleemos,soleemos,sole,sole,NL
soleemos,soleemos,sole,sole,NL
soleemos,soleemos,sole,sole,NL
soleemos,soleemos,sole,sole,NL
soleemos,soleemos,sole,sole,NL
soleemos,soleemos,sole,sole,NL
soleemos,soleemos,sole,sole,NL
soleemos,soleemos,sole,sole,NL
soleemos,soleemos,sole,sole,NL
soleemos,soleemos,sole,sole,NL
soleemos,soleemos,sole,sole,NL
soleemos,soleemos,sole,sole,NL
soleemos,soleemos,sole,sole,NL
soleemos,soleemos,sole,sole,NL
soleemos,soleemos,sole,sole,NL
soleemos,soleemos,sole,sole,NL
soleemos,soleemos,sole,sole,NL
soleemos,soleemos,sole,sole,NL
soleemos,soleemos,sole,sole,NL
soleemos,soleemos,sole,sole,NL
soleemos,soleemos,sole,sole,NL
soleemos,soleemos,sole,sole,NL
soleemos,soleemos,sole,sole,NL
soleemos,soleemos,sole,sole,NL
soleemos,soleemos,sole,sole,NL
soleemos,soleemos,sole,sole,NL
soleemos,soleemos,sole,sole,NL
soleemos,soleemos,sole,sole,NL
soleemos,soleemos,sole,sole,NL
soleemos,soleemos,sole,sole,NL
soleemos,soleemos,sole,sole,NL
soleemos,soleemos,sole,sole,NL
soleemos,soleemos,sole,sole,NL
soleemos,soleemos,sole,sole,NL
soleemos,soleemos,sole,sole,NL
soleemos,soleemos,sole,sole,NL
soleemos,soleemos,sole,sole,NL
soleemos,soleemos,sole,sole,NL
soleemos,soleemos,sole,sole,NL
soleemos,soleemos,sole,sole,NL
soleemos,soleemos,sole,sole,NL
soleemos,soleemos,sole,sole,NL
soleemos,soleemos,sole,sole,NL
soleemos,soleemos,sole,sole,NL
soleemos,soleemos,sole,sole,NL
soleemos,soleemos,sole,sole,NL
soleemos,soleemos,sole,sole,NL
soleemos,soleemos,sole,sole,NL
soleemos,soleemos,sole,sole,NL
soleen,soleen,sole,sole,NL
soleen,soleen,sole,sole,NL
soleen,soleen,sole,sole,NL
soleen,soleen,sole,sole,NL
soleen,soleen,sole,sole,NL
soleen,soleen,sole,sole,NL
soleen,soleen,sole,sole,NL
soleen,soleen,sole,sole,NL
soleen,soleen,sole,sole,NL
soleen,soleen,sole,sole,NL
soleen,soleen,sole,sole,NL
soleen,soleen,sole,sole,NL
soleen,soleen,sole,sole,NL
soleen,soleen,sole,sole,NL
soleen,soleen,sole,sole,NL
soleen,soleen,sole,sole,NL
soleen,soleen,sole,sole,NL
soleen,soleen,sole,sole,NL
soleen,soleen,sole,sole,NL
soleen,soleen,sole,sole,NL
soleen,soleen,sole,sole,NL
soleen,soleen,sole,sole,NL
soleen,soleen,sole,sole,NL
soleen,soleen,sole,sole,NL
soleen,soleen,sole,sole,NL
soleen,soleen,sole,sole,NL
soleen,soleen,sole,sole,NL
soleen,soleen,sole,sole,NL
soleen,soleen,sole,sole,NL
soleen,soleen,sole,sole,NL
soleen,soleen,sole,sole,NL
soleen,soleen,sole,sole,NL
soleen,soleen,sole,sole,NL
soleen,soleen,sole,sole,NL
soleen,soleen,sole,sole,NL
soleen,soleen,sole,sole,NL
soleen,soleen,sole,sole,NL
soleen,soleen,sole,sole,NL
soleen,soleen,sole,sole,NL
soleen,soleen,sole,sole,NL
soleen,soleen,sole,sole,NL
soleen,soleen,sole,sole,NL
soleen,soleen,sole,sole,NL
soleen,soleen,sole,sole,NL
soleen,soleen,sole,sole,NL
soleen,soleen,sole,sole,NL
soleen,soleen,sole,sole,NL
soleen,soleen,sole,sole,NL
soleen,soleen,sole,sole,NL
soleen,soleen,sole,sole,NL
soleen,soleen,sole,sole,NL
soleen,soleen,sole,sole,NL
soleen,soleen,sole,sole,NL
soleen,soleen,sole,sole,NL
soleen,soleen,sole,sole,NL
solees,solees,sole,sole,NL
solees,solees,sole,sole,NL
solees,solees,sole,sole,NL
solees,solees,sole,sole,NL
solees,solees,sole,sole,NL
solees,solees,sole,sole,NL
solees,solees,sole,sole,NL
solees,solees,sole,sole,NL
solees,solees,sole,sole,NL
solees,solees,sole,sole,NL
solees,solees,sole,sole,NL
solees,solees,sole,sole,NL
solees,solees,sole,sole,NL
solees,solees,sole,sole,NL
solees,solees,sole,sole,NL
solees,solees,sole,sole,NL
solees,solees,sole,sole,NL
solees,solees,sole,sole,NL
solees,solees,sole,sole,NL
solees,solees,sole,sole,NL
solees,solees,sole,sole,NL
solees,solees,sole,sole,NL
solees,solees,sole,sole,NL
solees,solees,sole,sole,NL
solees,solees,sole,sole,NL
solees,solees,sole,sole,NL
solees,solees,sole,sole,NL
solees,solees,sole,sole,NL
solees,solees,sole,sole,NL
solees,solees,sole,sole,NL
solees,solees,sole,sole,NL
solees,solees,sole,sole,NL
solees,solees,sole,sole,NL
solees,solees,sole,sole,NL
solees,solees,sole,sole,NL
solees,solees,sole,sole,NL
solees,solees,sole,sole,NL
solees,solees,sole,sole,NL
solees,solees,sole,sole,NL
solees,solees,sole,sole,NL
solees,solees,sole,sole,NL
solees,solees,sole,sole,NL
solees,solees,sole,sole,NL
solees,solees,sole,sole,NL
solees,solees,sole,sole,NL
solees,solees,sole,sole,NL
solees,solees,sole,sole,NL
solees,solees,sole,sole,NL
solees,solees,sole,sole,NL
solees,solees,sole,sole,NL
solees,solees,sole,sole,NL
solees,solees,sole,sole,NL
solees,solees,sole,sole,NL
solees,solees,sole,sole,NL
solees,solees,sole,sole,NL
solee,solee,sole,sole,NL
solee,solee,sole,sole,NL
solee,solee,sole,sole,NL
solee,solee,sole,sole,NL
solee,solee,sole,sole,NL
solee,solee,sole,sole,NL
solee,solee,sole,sole,NL
solee,solee,sole,sole,NL
solee,solee,sole,sole,NL
solee,solee,sole,sole,NL
solee,solee,sole,sole,NL
solee,solee,sole,sole,NL
solee,solee,sole,sole,NL
solee,solee,sole,sole,NL
solee,solee,sole,sole,NL
solee,solee,sole,sole,NL
solee,solee,sole,sole,NL
solee,solee,sole,sole,NL
solee,solee,sole,sole,NL
solee,solee,sole,sole,NL
solee,solee,sole,sole,NL
solee,solee,sole,sole,NL
solee,solee,sole,sole,NL
solee,solee,sole,sole,NL
solee,solee,sole,sole,NL
solee,solee,sole,sole,NL
solee,solee,sole,sole,NL
solee,solee,sole,sole,NL
solee,solee,sole,sole,NL
solee,solee,sole,sole,NL
solee,solee,sole,sole,NL
solee,solee,sole,sole,NL
solee,solee,sole,sole,NL
solee,solee,sole,sole,NL
solee,solee,sole,sole,NL
solee,solee,sole,sole,NL
solee,solee,sole,sole,NL
solee,solee,sole,sole,NL
solee,solee,sole,sole,NL
solee,solee,sole,sole,NL
solee,solee,sole,sole,NL
solee,solee,sole,sole,NL
solee,solee,sole,sole,NL
solee,solee,sole,sole,NL
solee,solee,sole,sole,NL
solee,solee,sole,sole,NL
solee,solee,sole,sole,NL
solee,solee,sole,sole,NL
solee,solee,sole,sole,NL
solee,solee,sole,sole,NL
solee,solee,sole,sole,NL
solee,solee,sole,sole,NL
solee,solee,sole,sole,NL
solee,solee,sole,sole,NL
solee,solee,sole,sole,NL
solee,solee,sole,sole,NL
solee,solee,sole,sole,NL
solee,solee,sole,sole,NL
solee,solee,sole,sole,NL
solee,solee,sole,sole,NL
solee,solee,sole,sole,NL
solee,solee,sole,sole,NL
solee,solee,sole,sole,NL
solee,solee,sole,sole,NL
solee,solee,sole,sole,NL
solee,solee,sole,sole,NL
solee,solee,sole,sole,NL
solee,solee,sole,sole,NL
solee,solee,sole,sole,NL
solee,solee,sole,sole,NL
solee,solee,sole,sole,NL
solee,solee,sole,sole,NL
solee,solee,sole,sole,NL
solee,solee,sole,sole,NL
solee,solee,sole,sole,NL
solee,solee,sole,sole,NL
solee,solee,sole,sole,NL
solee,solee,sole,sole,NL
solee,solee,sole,sole,NL
solee,solee,sole,sole,NL
solee,solee,sole,sole,NL
solee,solee,sole,sole,NL
solee,solee,sole,sole,NL
solee,solee,sole,sole,NL
solee,solee,sole,sole,NL
solee,solee,sole,sole,NL
solee,solee,sole,sole,NL
solee,solee,sole,sole,NL
solee,solee,sole,sole,NL
solee,solee,sole,sole,NL
solee,solee,sole,sole,NL
solee,solee,sole,sole,NL
solee,solee,sole,sole,NL
solee,solee,sole,sole,NL
solee,solee,sole,sole,NL
solee,solee,sole,sole,NL
solee,solee,sole,sole,NL
solee,solee,sole,sole,NL
solee,solee,sole,sole,NL
solee,solee,sole,sole,NL
solee,solee,sole,sole,NL
solee,solee,sole,sole,NL
solee,solee,sole,sole,NL
solee,solee,sole,sole,NL
solee,solee,sole,sole,NL
solee,solee,sole,sole,NL
solee,solee,sole,sole,NL
solee,solee,sole,sole,NL
solee,solee,sole,sole,NL
solee,solee,sole,sole,NL
soleo,soleo,sole,sole,NL
soleo,soleo,sole,sole,NL
soleo,soleo,sole,sole,NL
soleo,soleo,sole,sole,NL
soleo,soleo,sole,sole,NL
soleo,soleo,sole,sole,NL
soleo,soleo,sole,sole,NL
soleo,soleo,sole,sole,NL
soleo,soleo,sole,sole,NL
soleo,soleo,sole,sole,NL
soleo,soleo,sole,sole,NL
soleo,soleo,sole,sole,NL
soleo,soleo,sole,sole,NL
soleo,soleo,sole,sole,NL
soleo,soleo,sole,sole,NL
soleo,soleo,sole,sole,NL
soleo,soleo,sole,sole,NL
soleo,soleo,sole,sole,NL
soleo,soleo,sole,sole,NL
soleo,soleo,sole,sole,NL
soleo,soleo,sole,sole,NL
soleo,soleo,sole,sole,NL
soleo,soleo,sole,sole,NL
soleo,soleo,sole,sole,NL
soleo,soleo,sole,sole,NL
soleo,soleo,sole,sole,NL
soleo,soleo,sole,sole,NL
soleo,soleo,sole,sole,NL
soleo,soleo,sole,sole,NL
soleo,soleo,sole,sole,NL
soleo,soleo,sole,sole,NL
soleo,soleo,sole,sole,NL
soleo,soleo,sole,sole,NL
soleo,soleo,sole,sole,NL
soleo,soleo,sole,sole,NL
soleo,soleo,sole,sole,NL
soleo,soleo,sole,sole,NL
soleo,soleo,sole,sole,NL
soleo,soleo,sole,sole,NL
soleo,soleo,sole,sole,NL
soleo,soleo,sole,sole,NL
soleo,soleo,sole,sole,NL
soleo,soleo,sole,sole,NL
soleo,soleo,sole,sole,NL
soleo,soleo,sole,sole,NL
soleo,soleo,sole,sole,NL
soleo,soleo,sole,sole,NL
soleo,soleo,sole,sole,NL
soleo,soleo,sole,sole,NL
soleo,soleo,sole,sole,NL
soleo,soleo,sole,sole,NL
soleo,soleo,sole,sole,NL
soleo,soleo,sole,sole,NL
soleo,soleo,sole,sole,NL
soleo,soleo,sole,sole,NL
ɡanɡeajs,ɡanɡeajs,ɡanɡe,ɡanɡe,NL
ɡanɡeajs,ɡanɡeajs,ɡanɡe,ɡanɡe,NL
ɡanɡeajs,ɡanɡeajs,ɡanɡe,ɡanɡe,NL
ɡanɡeajs,ɡanɡeajs,ɡanɡe,ɡanɡe,NL
ɡanɡeajs,ɡanɡeajs,ɡanɡe,ɡanɡe,NL
ɡanɡeajs,ɡanɡeajs,ɡanɡe,ɡanɡe,NL
ɡanɡeajs,ɡanɡeajs,ɡanɡe,ɡanɡe,NL
ɡanɡeajs,ɡanɡeajs,ɡanɡe,ɡanɡe,NL
ɡanɡeajs,ɡanɡeajs,ɡanɡe,ɡanɡe,NL
ɡanɡeajs,ɡanɡeajs,ɡanɡe,ɡanɡe,NL
ɡanɡeajs,ɡanɡeajs,ɡanɡe,ɡanɡe,NL
ɡanɡeajs,ɡanɡeajs,ɡanɡe,ɡanɡe,NL
ɡanɡeajs,ɡanɡeajs,ɡanɡe,ɡanɡe,NL
ɡanɡeajs,ɡanɡeajs,ɡanɡe,ɡanɡe,NL
ɡanɡeajs,ɡanɡeajs,ɡanɡe,ɡanɡe,NL
ɡanɡeajs,ɡanɡeajs,ɡanɡe,ɡanɡe,NL
ɡanɡeajs,ɡanɡeajs,ɡanɡe,ɡanɡe,NL
ɡanɡeajs,ɡanɡeajs,ɡanɡe,ɡanɡe,NL
ɡanɡeajs,ɡanɡeajs,ɡanɡe,ɡanɡe,NL
ɡanɡeajs,ɡanɡeajs,ɡanɡe,ɡanɡe,NL
ɡanɡeajs,ɡanɡeajs,ɡanɡe,ɡanɡe,NL
ɡanɡeajs,ɡanɡeajs,ɡanɡe,ɡanɡe,NL
ɡanɡeajs,ɡanɡeajs,ɡanɡe,ɡanɡe,NL
ɡanɡeajs,ɡanɡeajs,ɡanɡe,ɡanɡe,NL
ɡanɡeajs,ɡanɡeajs,ɡanɡe,ɡanɡe,NL
ɡanɡeajs,ɡanɡeajs,ɡanɡe,ɡanɡe,NL
ɡanɡeajs,ɡanɡeajs,ɡanɡe,ɡanɡe,NL
ɡanɡeajs,ɡanɡeajs,ɡanɡe,ɡanɡe,NL
ɡanɡeajs,ɡanɡeajs,ɡanɡe,ɡanɡe,NL
ɡanɡeajs,ɡanɡeajs,ɡanɡe,ɡanɡe,NL
ɡanɡeajs,ɡanɡeajs,ɡanɡe,ɡanɡe,NL
ɡanɡeajs,ɡanɡeajs,ɡanɡe,ɡanɡe,NL
ɡanɡeajs,ɡanɡeajs,ɡanɡe,ɡanɡe,NL
ɡanɡeajs,ɡanɡeajs,ɡanɡe,ɡanɡe,NL
ɡanɡeajs,ɡanɡeajs,ɡanɡe,ɡanɡe,NL
ɡanɡeajs,ɡanɡeajs,ɡanɡe,ɡanɡe,NL
ɡanɡeajs,ɡanɡeajs,ɡanɡe,ɡanɡe,NL
ɡanɡeajs,ɡanɡeajs,ɡanɡe,ɡanɡe,NL
ɡanɡeajs,ɡanɡeajs,ɡanɡe,ɡanɡe,NL
ɡanɡeajs,ɡanɡeajs,ɡanɡe,ɡanɡe,NL
ɡanɡeajs,ɡanɡeajs,ɡanɡe,ɡanɡe,NL
ɡanɡeajs,ɡanɡeajs,ɡanɡe,ɡanɡe,NL
ɡanɡeajs,ɡanɡeajs,ɡanɡe,ɡanɡe,NL
ɡanɡeajs,ɡanɡeajs,ɡanɡe,ɡanɡe,NL
ɡanɡeajs,ɡanɡeajs,ɡanɡe,ɡanɡe,NL
ɡanɡeajs,ɡanɡeajs,ɡanɡe,ɡanɡe,NL
ɡanɡeajs,ɡanɡeajs,ɡanɡe,ɡanɡe,NL
ɡanɡeajs,ɡanɡeajs,ɡanɡe,ɡanɡe,NL
ɡanɡeajs,ɡanɡeajs,ɡanɡe,ɡanɡe,NL
ɡanɡeajs,ɡanɡeajs,ɡanɡe,ɡanɡe,NL
ɡanɡeajs,ɡanɡeajs,ɡanɡe,ɡanɡe,NL
ɡanɡeajs,ɡanɡeajs,ɡanɡe,ɡanɡe,NL
ɡanɡeajs,ɡanɡeajs,ɡanɡe,ɡanɡe,NL
ɡanɡeajs,ɡanɡeajs,ɡanɡe,ɡanɡe,NL
ɡanɡeajs,ɡanɡeajs,ɡanɡe,ɡanɡe,NL
ɡanɡeamos,ɡanɡeamos,ɡanɡe,ɡanɡe,NL
ɡanɡeamos,ɡanɡeamos,ɡanɡe,ɡanɡe,NL
ɡanɡeamos,ɡanɡeamos,ɡanɡe,ɡanɡe,NL
ɡanɡeamos,ɡanɡeamos,ɡanɡe,ɡanɡe,NL
ɡanɡeamos,ɡanɡeamos,ɡanɡe,ɡanɡe,NL
ɡanɡeamos,ɡanɡeamos,ɡanɡe,ɡanɡe,NL
ɡanɡeamos,ɡanɡeamos,ɡanɡe,ɡanɡe,NL
ɡanɡeamos,ɡanɡeamos,ɡanɡe,ɡanɡe,NL
ɡanɡeamos,ɡanɡeamos,ɡanɡe,ɡanɡe,NL
ɡanɡeamos,ɡanɡeamos,ɡanɡe,ɡanɡe,NL
ɡanɡeamos,ɡanɡeamos,ɡanɡe,ɡanɡe,NL
ɡanɡeamos,ɡanɡeamos,ɡanɡe,ɡanɡe,NL
ɡanɡeamos,ɡanɡeamos,ɡanɡe,ɡanɡe,NL
ɡanɡeamos,ɡanɡeamos,ɡanɡe,ɡanɡe,NL
ɡanɡeamos,ɡanɡeamos,ɡanɡe,ɡanɡe,NL
ɡanɡeamos,ɡanɡeamos,ɡanɡe,ɡanɡe,NL
ɡanɡeamos,ɡanɡeamos,ɡanɡe,ɡanɡe,NL
ɡanɡeamos,ɡanɡeamos,ɡanɡe,ɡanɡe,NL
ɡanɡeamos,ɡanɡeamos,ɡanɡe,ɡanɡe,NL
ɡanɡeamos,ɡanɡeamos,ɡanɡe,ɡanɡe,NL
ɡanɡeamos,ɡanɡeamos,ɡanɡe,ɡanɡe,NL
ɡanɡeamos,ɡanɡeamos,ɡanɡe,ɡanɡe,NL
ɡanɡeamos,ɡanɡeamos,ɡanɡe,ɡanɡe,NL
ɡanɡeamos,ɡanɡeamos,ɡanɡe,ɡanɡe,NL
ɡanɡeamos,ɡanɡeamos,ɡanɡe,ɡanɡe,NL
ɡanɡeamos,ɡanɡeamos,ɡanɡe,ɡanɡe,NL
ɡanɡeamos,ɡanɡeamos,ɡanɡe,ɡanɡe,NL
ɡanɡeamos,ɡanɡeamos,ɡanɡe,ɡanɡe,NL
ɡanɡeamos,ɡanɡeamos,ɡanɡe,ɡanɡe,NL
ɡanɡeamos,ɡanɡeamos,ɡanɡe,ɡanɡe,NL
ɡanɡeamos,ɡanɡeamos,ɡanɡe,ɡanɡe,NL
ɡanɡeamos,ɡanɡeamos,ɡanɡe,ɡanɡe,NL
ɡanɡeamos,ɡanɡeamos,ɡanɡe,ɡanɡe,NL
ɡanɡeamos,ɡanɡeamos,ɡanɡe,ɡanɡe,NL
ɡanɡeamos,ɡanɡeamos,ɡanɡe,ɡanɡe,NL
ɡanɡeamos,ɡanɡeamos,ɡanɡe,ɡanɡe,NL
ɡanɡeamos,ɡanɡeamos,ɡanɡe,ɡanɡe,NL
ɡanɡeamos,ɡanɡeamos,ɡanɡe,ɡanɡe,NL
ɡanɡeamos,ɡanɡeamos,ɡanɡe,ɡanɡe,NL
ɡanɡeamos,ɡanɡeamos,ɡanɡe,ɡanɡe,NL
ɡanɡeamos,ɡanɡeamos,ɡanɡe,ɡanɡe,NL
ɡanɡeamos,ɡanɡeamos,ɡanɡe,ɡanɡe,NL
ɡanɡeamos,ɡanɡeamos,ɡanɡe,ɡanɡe,NL
ɡanɡeamos,ɡanɡeamos,ɡanɡe,ɡanɡe,NL
ɡanɡeamos,ɡanɡeamos,ɡanɡe,ɡanɡe,NL
ɡanɡeamos,ɡanɡeamos,ɡanɡe,ɡanɡe,NL
ɡanɡeamos,ɡanɡeamos,ɡanɡe,ɡanɡe,NL
ɡanɡeamos,ɡanɡeamos,ɡanɡe,ɡanɡe,NL
ɡanɡeamos,ɡanɡamos,ɡanɡ,ɡanɡe,NL
ɡanɡeamos,ɡanɡeamos,ɡanɡe,ɡanɡe,NL
ɡanɡeamos,ɡanɡeamos,ɡanɡe,ɡanɡe,NL
ɡanɡeamos,ɡanɡeamos,ɡanɡe,ɡanɡe,NL
ɡanɡeamos,ɡanɡeamos,ɡanɡe,ɡanɡe,NL
ɡanɡeamos,ɡanɡamos,ɡanɡ,ɡanɡe,NL
ɡanɡeamos,ɡanɡeamos,ɡanɡe,ɡanɡe,NL
ɡanɡean,ɡaneɡan,ɡaneɡ,ɡanɡe,NL
ɡanɡean,ɡaneɡan,ɡaneɡ,ɡanɡe,NL
ɡanɡean,ɡanɡean,ɡanɡe,ɡanɡe,NL
ɡanɡean,ɡaneɡan,ɡaneɡ,ɡanɡe,NL
ɡanɡean,ɡaneɡan,ɡaneɡ,ɡanɡe,NL
ɡanɡean,ɡaneɡan,ɡaneɡ,ɡanɡe,NL
ɡanɡean,ɡaneɡan,ɡaneɡ,ɡanɡe,NL
ɡanɡean,ɡaneɡan,ɡaneɡ,ɡanɡe,NL
ɡanɡean,ɡaneɡan,ɡaneɡ,ɡanɡe,NL
ɡanɡean,ɡaneɡan,ɡaneɡ,ɡanɡe,NL
ɡanɡean,ɡaneɡan,ɡaneɡ,ɡanɡe,NL
ɡanɡean,ɡaneɡan,ɡaneɡ,ɡanɡe,NL
ɡanɡean,ɡaneɡan,ɡaneɡ,ɡanɡe,NL
ɡanɡean,ɡaneɡan,ɡaneɡ,ɡanɡe,NL
ɡanɡean,ɡaneɡan,ɡaneɡ,ɡanɡe,NL
ɡanɡean,ɡaneɡan,ɡaneɡ,ɡanɡe,NL
ɡanɡean,ɡaneɡan,ɡaneɡ,ɡanɡe,NL
ɡanɡean,ɡaneɡan,ɡaneɡ,ɡanɡe,NL
ɡanɡean,ɡaneɡan,ɡaneɡ,ɡanɡe,NL
ɡanɡean,ɡanɡean,ɡanɡe,ɡanɡe,NL
ɡanɡean,ɡaneɡan,ɡaneɡ,ɡanɡe,NL
ɡanɡean,ɡaneɡan,ɡaneɡ,ɡanɡe,NL
ɡanɡean,ɡanɡean,ɡanɡe,ɡanɡe,NL
ɡanɡean,ɡanɡean,ɡanɡe,ɡanɡe,NL
ɡanɡean,ɡanɡean,ɡanɡe,ɡanɡe,NL
ɡanɡean,ɡanɡean,ɡanɡe,ɡanɡe,NL
ɡanɡean,ɡanɡean,ɡanɡe,ɡanɡe,NL
ɡanɡean,ɡanɡean,ɡanɡe,ɡanɡe,NL
ɡanɡean,ɡaneɡan,ɡaneɡ,ɡanɡe,NL
ɡanɡean,ɡanɡean,ɡanɡe,ɡanɡe,NL
ɡanɡean,ɡanɡean,ɡanɡe,ɡanɡe,NL
ɡanɡean,ɡanɡean,ɡanɡe,ɡanɡe,NL
ɡanɡean,ɡanɡean,ɡanɡe,ɡanɡe,NL
ɡanɡean,ɡanɡean,ɡanɡe,ɡanɡe,NL
ɡanɡean,ɡaneɡan,ɡaneɡ,ɡanɡe,NL
ɡanɡean,ɡaneɡan,ɡaneɡ,ɡanɡe,NL
ɡanɡean,ɡanɡean,ɡanɡe,ɡanɡe,NL
ɡanɡean,ɡanɡean,ɡanɡe,ɡanɡe,NL
ɡanɡean,ɡanɡean,ɡanɡe,ɡanɡe,NL
ɡanɡean,ɡanɡean,ɡanɡe,ɡanɡe,NL
ɡanɡean,ɡaneɡan,ɡaneɡ,ɡanɡe,NL
ɡanɡean,ɡaneɡan,ɡaneɡ,ɡanɡe,NL
ɡanɡean,ɡaneɡan,ɡaneɡ,ɡanɡe,NL
ɡanɡean,ɡaneɡan,ɡaneɡ,ɡanɡe,NL
ɡanɡean,ɡaneɡan,ɡaneɡ,ɡanɡe,NL
ɡanɡean,ɡaneɡan,ɡaneɡ,ɡanɡe,NL
ɡanɡean,ɡaneɡan,ɡaneɡ,ɡanɡe,NL
ɡanɡean,ɡaneɡan,ɡaneɡ,ɡanɡe,NL
ɡanɡean,ɡaneɡan,ɡaneɡ,ɡanɡe,NL
ɡanɡean,ɡanɡean,ɡanɡe,ɡanɡe,NL
ɡanɡean,ɡanɡean,ɡanɡe,ɡanɡe,NL
ɡanɡean,ɡanɡean,ɡanɡe,ɡanɡe,NL
ɡanɡean,ɡanɡean,ɡanɡe,ɡanɡe,NL
ɡanɡean,ɡanɡean,ɡanɡe,ɡanɡe,NL
ɡanɡean,ɡanɡean,ɡanɡe,ɡanɡe,NL
ɡanɡeas,ɡaneɡas,ɡaneɡ,ɡanɡe,NL
ɡanɡeas,ɡaneɡas,ɡaneɡ,ɡanɡe,NL
ɡanɡeas,ɡanɡeas,ɡanɡe,ɡanɡe,NL
ɡanɡeas,ɡaneɡas,ɡaneɡ,ɡanɡe,NL
ɡanɡeas,ɡaneɡas,ɡaneɡ,ɡanɡe,NL
ɡanɡeas,ɡaneɡas,ɡaneɡ,ɡanɡe,NL
ɡanɡeas,ɡaneɡas,ɡaneɡ,ɡanɡe,NL
ɡanɡeas,ɡanɡeas,ɡanɡe,ɡanɡe,NL
ɡanɡeas,ɡanɡeas,ɡanɡe,ɡanɡe,NL
ɡanɡeas,ɡanɡeas,ɡanɡe,ɡanɡe,NL
ɡanɡeas,ɡaneɡas,ɡaneɡ,ɡanɡe,NL
ɡanɡeas,ɡaneɡas,ɡaneɡ,ɡanɡe,NL
ɡanɡeas,ɡaneɡas,ɡaneɡ,ɡanɡe,NL
ɡanɡeas,ɡaneɡas,ɡaneɡ,ɡanɡe,NL
ɡanɡeas,ɡaneɡas,ɡaneɡ,ɡanɡe,NL
ɡanɡeas,ɡaneɡas,ɡaneɡ,ɡanɡe,NL
ɡanɡeas,ɡaneɡas,ɡaneɡ,ɡanɡe,NL
ɡanɡeas,ɡaneɡas,ɡaneɡ,ɡanɡe,NL
ɡanɡeas,ɡaneɡas,ɡaneɡ,ɡanɡe,NL
ɡanɡeas,ɡaneɡas,ɡaneɡ,ɡanɡe,NL
ɡanɡeas,ɡaneɡas,ɡaneɡ,ɡanɡe,NL
ɡanɡeas,ɡaneɡas,ɡaneɡ,ɡanɡe,NL
ɡanɡeas,ɡaneɡas,ɡaneɡ,ɡanɡe,NL
ɡanɡeas,ɡaneɡas,ɡaneɡ,ɡanɡe,NL
ɡanɡeas,ɡaneɡas,ɡaneɡ,ɡanɡe,NL
ɡanɡeas,ɡaneɡas,ɡaneɡ,ɡanɡe,NL
ɡanɡeas,ɡaneɡas,ɡaneɡ,ɡanɡe,NL
ɡanɡeas,ɡanɡeas,ɡanɡe,ɡanɡe,NL
ɡanɡeas,ɡanɡeas,ɡanɡe,ɡanɡe,NL
ɡanɡeas,ɡanɡeas,ɡanɡe,ɡanɡe,NL
ɡanɡeas,ɡanɡeas,ɡanɡe,ɡanɡe,NL
ɡanɡeas,ɡanɡeas,ɡanɡe,ɡanɡe,NL
ɡanɡeas,ɡanɡeas,ɡanɡe,ɡanɡe,NL
ɡanɡeas,ɡanɡeas,ɡanɡe,ɡanɡe,NL
ɡanɡeas,ɡaneɡas,ɡaneɡ,ɡanɡe,NL
ɡanɡeas,ɡaneɡas,ɡaneɡ,ɡanɡe,NL
ɡanɡeas,ɡanɡeas,ɡanɡe,ɡanɡe,NL
ɡanɡeas,ɡanɡeas,ɡanɡe,ɡanɡe,NL
ɡanɡeas,ɡanɡeas,ɡanɡe,ɡanɡe,NL
ɡanɡeas,ɡanɡeas,ɡanɡe,ɡanɡe,NL
ɡanɡeas,ɡaneɡas,ɡaneɡ,ɡanɡe,NL
ɡanɡeas,ɡaneɡas,ɡaneɡ,ɡanɡe,NL
ɡanɡeas,ɡaneɡas,ɡaneɡ,ɡanɡe,NL
ɡanɡeas,ɡaneɡas,ɡaneɡ,ɡanɡe,NL
ɡanɡeas,ɡaneɡas,ɡaneɡ,ɡanɡe,NL
ɡanɡeas,ɡaneɡas,ɡaneɡ,ɡanɡe,NL
ɡanɡeas,ɡaneɡas,ɡaneɡ,ɡanɡe,NL
ɡanɡeas,ɡaneɡas,ɡaneɡ,ɡanɡe,NL
ɡanɡeas,ɡaneɡas,ɡaneɡ,ɡanɡe,NL
ɡanɡeas,ɡanɡeas,ɡanɡe,ɡanɡe,NL
ɡanɡeas,ɡanɡeas,ɡanɡe,ɡanɡe,NL
ɡanɡeas,ɡanɡeas,ɡanɡe,ɡanɡe,NL
ɡanɡeas,ɡanɡeas,ɡanɡe,ɡanɡe,NL
ɡanɡeas,ɡanɡeas,ɡanɡe,ɡanɡe,NL
ɡanɡeas,ɡanɡeas,ɡanɡe,ɡanɡe,NL
ɡanɡea,ɡaneɡa,ɡaneɡ,ɡanɡe,NL
ɡanɡea,ɡaneɡa,ɡaneɡ,ɡanɡe,NL
ɡanɡea,ɡaneɡa,ɡaneɡ,ɡanɡe,NL
ɡanɡea,ɡaneɡa,ɡaneɡ,ɡanɡe,NL
ɡanɡea,ɡaneɡa,ɡaneɡ,ɡanɡe,NL
ɡanɡea,ɡaneɡa,ɡaneɡ,ɡanɡe,NL
ɡanɡea,ɡaneɡa,ɡaneɡ,ɡanɡe,NL
ɡanɡea,ɡanɡea,ɡanɡe,ɡanɡe,NL
ɡanɡea,ɡanɡea,ɡanɡe,ɡanɡe,NL
ɡanɡea,ɡanɡea,ɡanɡe,ɡanɡe,NL
ɡanɡea,ɡaneɡa,ɡaneɡ,ɡanɡe,NL
ɡanɡea,ɡaneɡa,ɡaneɡ,ɡanɡe,NL
ɡanɡea,ɡaneɡa,ɡaneɡ,ɡanɡe,NL
ɡanɡea,ɡaneɡa,ɡaneɡ,ɡanɡe,NL
ɡanɡea,ɡaneɡa,ɡaneɡ,ɡanɡe,NL
ɡanɡea,ɡaneɡa,ɡaneɡ,ɡanɡe,NL
ɡanɡea,ɡaneɡa,ɡaneɡ,ɡanɡe,NL
ɡanɡea,ɡaneɡa,ɡaneɡ,ɡanɡe,NL
ɡanɡea,ɡaneɡa,ɡaneɡ,ɡanɡe,NL
ɡanɡea,ɡaneɡa,ɡaneɡ,ɡanɡe,NL
ɡanɡea,ɡaneɡa,ɡaneɡ,ɡanɡe,NL
ɡanɡea,ɡaneɡa,ɡaneɡ,ɡanɡe,NL
ɡanɡea,ɡaneɡa,ɡaneɡ,ɡanɡe,NL
ɡanɡea,ɡaneɡa,ɡaneɡ,ɡanɡe,NL
ɡanɡea,ɡaneɡa,ɡaneɡ,ɡanɡe,NL
ɡanɡea,ɡaneɡa,ɡaneɡ,ɡanɡe,NL
ɡanɡea,ɡaneɡa,ɡaneɡ,ɡanɡe,NL
ɡanɡea,ɡaneɡa,ɡaneɡ,ɡanɡe,NL
ɡanɡea,ɡaneɡa,ɡaneɡ,ɡanɡe,NL
ɡanɡea,ɡanɡea,ɡanɡe,ɡanɡe,NL
ɡanɡea,ɡanɡea,ɡanɡe,ɡanɡe,NL
ɡanɡea,ɡanɡea,ɡanɡe,ɡanɡe,NL
ɡanɡea,ɡanɡea,ɡanɡe,ɡanɡe,NL
ɡanɡea,ɡanɡea,ɡanɡe,ɡanɡe,NL
ɡanɡea,ɡaneɡa,ɡaneɡ,ɡanɡe,NL
ɡanɡea,ɡanɡea,ɡanɡe,ɡanɡe,NL
ɡanɡea,ɡanɡea,ɡanɡe,ɡanɡe,NL
ɡanɡea,ɡanɡea,ɡanɡe,ɡanɡe,NL
ɡanɡea,ɡanɡea,ɡanɡe,ɡanɡe,NL
ɡanɡea,ɡanɡea,ɡanɡe,ɡanɡe,NL
ɡanɡea,ɡaneɡa,ɡaneɡ,ɡanɡe,NL
ɡanɡea,ɡaneɡa,ɡaneɡ,ɡanɡe,NL
ɡanɡea,ɡaneɡa,ɡaneɡ,ɡanɡe,NL
ɡanɡea,ɡaneɡa,ɡaneɡ,ɡanɡe,NL
ɡanɡea,ɡaneɡa,ɡaneɡ,ɡanɡe,NL
ɡanɡea,ɡaneɡa,ɡaneɡ,ɡanɡe,NL
ɡanɡea,ɡaneɡa,ɡaneɡ,ɡanɡe,NL
ɡanɡea,ɡaneɡa,ɡaneɡ,ɡanɡe,NL
ɡanɡea,ɡaneɡa,ɡaneɡ,ɡanɡe,NL
ɡanɡea,ɡanɡea,ɡanɡe,ɡanɡe,NL
ɡanɡea,ɡanɡea,ɡanɡe,ɡanɡe,NL
ɡanɡea,ɡanɡea,ɡanɡe,ɡanɡe,NL
ɡanɡea,ɡanɡea,ɡanɡe,ɡanɡe,NL
ɡanɡea,ɡanɡea,ɡanɡe,ɡanɡe,NL
ɡanɡea,ɡanɡea,ɡanɡe,ɡanɡe,NL
ɡanɡeejs,ɡanɡeejs,ɡanɡe,ɡanɡe,NL
ɡanɡeejs,ɡanɡeejs,ɡanɡe,ɡanɡe,NL
ɡanɡeejs,ɡanɡeejs,ɡanɡe,ɡanɡe,NL
ɡanɡeejs,ɡanɡeejs,ɡanɡe,ɡanɡe,NL
ɡanɡeejs,ɡanɡejs,ɡanɡ,ɡanɡe,NL
ɡanɡeejs,ɡanɡeejs,ɡanɡe,ɡanɡe,NL
ɡanɡeejs,ɡanɡeejs,ɡanɡe,ɡanɡe,NL
ɡanɡeejs,ɡanɡeejs,ɡanɡe,ɡanɡe,NL
ɡanɡeejs,ɡanɡeejs,ɡanɡe,ɡanɡe,NL
ɡanɡeejs,ɡanɡeejs,ɡanɡe,ɡanɡe,NL
ɡanɡeejs,ɡanɡeejs,ɡanɡe,ɡanɡe,NL
ɡanɡeejs,ɡanɡeejs,ɡanɡe,ɡanɡe,NL
ɡanɡeejs,ɡanɡeejs,ɡanɡe,ɡanɡe,NL
ɡanɡeejs,ɡanɡeejs,ɡanɡe,ɡanɡe,NL
ɡanɡeejs,ɡanɡeejs,ɡanɡe,ɡanɡe,NL
ɡanɡeejs,ɡanɡeejs,ɡanɡe,ɡanɡe,NL
ɡanɡeejs,ɡanɡeejs,ɡanɡe,ɡanɡe,NL
ɡanɡeejs,ɡanɡeejs,ɡanɡe,ɡanɡe,NL
ɡanɡeejs,ɡanɡeejs,ɡanɡe,ɡanɡe,NL
ɡanɡeejs,ɡanɡeejs,ɡanɡe,ɡanɡe,NL
ɡanɡeejs,ɡanɡeejs,ɡanɡe,ɡanɡe,NL
ɡanɡeejs,ɡanɡeejs,ɡanɡe,ɡanɡe,NL
ɡanɡeejs,ɡanɡeejs,ɡanɡe,ɡanɡe,NL
ɡanɡeejs,ɡanɡeejs,ɡanɡe,ɡanɡe,NL
ɡanɡeejs,ɡanɡeejs,ɡanɡe,ɡanɡe,NL
ɡanɡeejs,ɡanɡeejs,ɡanɡe,ɡanɡe,NL
ɡanɡeejs,ɡanɡeejs,ɡanɡe,ɡanɡe,NL
ɡanɡeejs,ɡanɡeejs,ɡanɡe,ɡanɡe,NL
ɡanɡeejs,ɡanɡeejs,ɡanɡe,ɡanɡe,NL
ɡanɡeejs,ɡanɡeejs,ɡanɡe,ɡanɡe,NL
ɡanɡeejs,ɡanɡeejs,ɡanɡe,ɡanɡe,NL
ɡanɡeejs,ɡanɡeejs,ɡanɡe,ɡanɡe,NL
ɡanɡeejs,ɡanɡeejs,ɡanɡe,ɡanɡe,NL
ɡanɡeejs,ɡanɡeejs,ɡanɡe,ɡanɡe,NL
ɡanɡeejs,ɡanɡejs,ɡanɡ,ɡanɡe,NL
ɡanɡeejs,ɡanɡeejs,ɡanɡe,ɡanɡe,NL
ɡanɡeejs,ɡanɡeejs,ɡanɡe,ɡanɡe,NL
ɡanɡeejs,ɡanɡeejs,ɡanɡe,ɡanɡe,NL
ɡanɡeejs,ɡanɡeejs,ɡanɡe,ɡanɡe,NL
ɡanɡeejs,ɡanɡeejs,ɡanɡe,ɡanɡe,NL
ɡanɡeejs,ɡanɡeejs,ɡanɡe,ɡanɡe,NL
ɡanɡeejs,ɡanɡeejs,ɡanɡe,ɡanɡe,NL
ɡanɡeejs,ɡanɡeejs,ɡanɡe,ɡanɡe,NL
ɡanɡeejs,ɡanɡeejs,ɡanɡe,ɡanɡe,NL
ɡanɡeejs,ɡanɡeejs,ɡanɡe,ɡanɡe,NL
ɡanɡeejs,ɡanɡeejs,ɡanɡe,ɡanɡe,NL
ɡanɡeejs,ɡanɡeejs,ɡanɡe,ɡanɡe,NL
ɡanɡeejs,ɡanɡeejs,ɡanɡe,ɡanɡe,NL
ɡanɡeejs,ɡanɡeejs,ɡanɡe,ɡanɡe,NL
ɡanɡeejs,ɡanɡeejs,ɡanɡe,ɡanɡe,NL
ɡanɡeejs,ɡanɡeejs,ɡanɡe,ɡanɡe,NL
ɡanɡeejs,ɡanɡeejs,ɡanɡe,ɡanɡe,NL
ɡanɡeejs,ɡanɡeejs,ɡanɡe,ɡanɡe,NL
ɡanɡeejs,ɡanɡejs,ɡanɡ,ɡanɡe,NL
ɡanɡeejs,ɡanɡeejs,ɡanɡe,ɡanɡe,NL
ɡanɡeemos,ɡanɡemos,ɡanɡ,ɡanɡe,NL
ɡanɡeemos,ɡanɡeemos,ɡanɡe,ɡanɡe,NL
ɡanɡeemos,ɡanɡeemos,ɡanɡe,ɡanɡe,NL
ɡanɡeemos,ɡanɡeemos,ɡanɡe,ɡanɡe,NL
ɡanɡeemos,ɡanɡemos,ɡanɡ,ɡanɡe,NL
ɡanɡeemos,ɡanɡeemos,ɡanɡe,ɡanɡe,NL
ɡanɡeemos,ɡanɡeemos,ɡanɡe,ɡanɡe,NL
ɡanɡeemos,ɡanɡemos,ɡanɡ,ɡanɡe,NL
ɡanɡeemos,ɡanɡemos,ɡanɡ,ɡanɡe,NL
ɡanɡeemos,ɡanɡemos,ɡanɡ,ɡanɡe,NL
ɡanɡeemos,ɡanɡeemos,ɡanɡe,ɡanɡe,NL
ɡanɡeemos,ɡanɡeemos,ɡanɡe,ɡanɡe,NL
ɡanɡeemos,ɡanɡeemos,ɡanɡe,ɡanɡe,NL
ɡanɡeemos,ɡanɡeemos,ɡanɡe,ɡanɡe,NL
ɡanɡeemos,ɡanɡeemos,ɡanɡe,ɡanɡe,NL
ɡanɡeemos,ɡanɡeemos,ɡanɡe,ɡanɡe,NL
ɡanɡeemos,ɡanɡeemos,ɡanɡe,ɡanɡe,NL
ɡanɡeemos,ɡanɡeemos,ɡanɡe,ɡanɡe,NL
ɡanɡeemos,ɡanɡeemos,ɡanɡe,ɡanɡe,NL
ɡanɡeemos,ɡanɡeemos,ɡanɡe,ɡanɡe,NL
ɡanɡeemos,ɡanɡeemos,ɡanɡe,ɡanɡe,NL
ɡanɡeemos,ɡanɡeemos,ɡanɡe,ɡanɡe,NL
ɡanɡeemos,ɡanɡeemos,ɡanɡe,ɡanɡe,NL
ɡanɡeemos,ɡanɡeemos,ɡanɡe,ɡanɡe,NL
ɡanɡeemos,ɡanɡeemos,ɡanɡe,ɡanɡe,NL
ɡanɡeemos,ɡanɡeemos,ɡanɡe,ɡanɡe,NL
ɡanɡeemos,ɡanɡemos,ɡanɡ,ɡanɡe,NL
ɡanɡeemos,ɡanɡeemos,ɡanɡe,ɡanɡe,NL
ɡanɡeemos,ɡanɡeemos,ɡanɡe,ɡanɡe,NL
ɡanɡeemos,ɡanɡeemos,ɡanɡe,ɡanɡe,NL
ɡanɡeemos,ɡanɡeemos,ɡanɡe,ɡanɡe,NL
ɡanɡeemos,ɡanɡeemos,ɡanɡe,ɡanɡe,NL
ɡanɡeemos,ɡanɡeemos,ɡanɡe,ɡanɡe,NL
ɡanɡeemos,ɡanɡemos,ɡanɡ,ɡanɡe,NL
ɡanɡeemos,ɡanɡemos,ɡanɡ,ɡanɡe,NL
ɡanɡeemos,ɡanɡemos,ɡanɡ,ɡanɡe,NL
ɡanɡeemos,ɡanɡemos,ɡanɡ,ɡanɡe,NL
ɡanɡeemos,ɡanɡemos,ɡanɡ,ɡanɡe,NL
ɡanɡeemos,ɡanɡemos,ɡanɡ,ɡanɡe,NL
ɡanɡeemos,ɡanɡemos,ɡanɡ,ɡanɡe,NL
ɡanɡeemos,ɡanɡeemos,ɡanɡe,ɡanɡe,NL
ɡanɡeemos,ɡanɡeemos,ɡanɡe,ɡanɡe,NL
ɡanɡeemos,ɡanɡeemos,ɡanɡe,ɡanɡe,NL
ɡanɡeemos,ɡanɡeemos,ɡanɡe,ɡanɡe,NL
ɡanɡeemos,ɡanɡemos,ɡanɡ,ɡanɡe,NL
ɡanɡeemos,ɡanɡeemos,ɡanɡe,ɡanɡe,NL
ɡanɡeemos,ɡanɡemos,ɡanɡ,ɡanɡe,NL
ɡanɡeemos,ɡanɡeemos,ɡanɡe,ɡanɡe,NL
ɡanɡeemos,ɡanɡemos,ɡanɡ,ɡanɡe,NL
ɡanɡeemos,ɡanɡeemos,ɡanɡe,ɡanɡe,NL
ɡanɡeemos,ɡanɡeemos,ɡanɡe,ɡanɡe,NL
ɡanɡeemos,ɡanɡemos,ɡanɡ,ɡanɡe,NL
ɡanɡeemos,ɡanɡemos,ɡanɡ,ɡanɡe,NL
ɡanɡeemos,ɡanɡemos,ɡanɡ,ɡanɡe,NL
ɡanɡeemos,ɡanɡemos,ɡanɡ,ɡanɡe,NL
ɡanɡeen,ɡaneɡen,ɡaneɡ,ɡanɡe,NL
ɡanɡeen,ɡaneɡen,ɡaneɡ,ɡanɡe,NL
ɡanɡeen,ɡaneɡen,ɡaneɡ,ɡanɡe,NL
ɡanɡeen,ɡaneɡen,ɡaneɡ,ɡanɡe,NL
ɡanɡeen,ɡaneɡen,ɡaneɡ,ɡanɡe,NL
ɡanɡeen,ɡaneɡen,ɡaneɡ,ɡanɡe,NL
ɡanɡeen,ɡaneɡen,ɡaneɡ,ɡanɡe,NL
ɡanɡeen,ɡaneɡen,ɡaneɡ,ɡanɡe,NL
ɡanɡeen,ɡaneɡen,ɡaneɡ,ɡanɡe,NL
ɡanɡeen,ɡaneɡen,ɡaneɡ,ɡanɡe,NL
ɡanɡeen,ɡaneɡen,ɡaneɡ,ɡanɡe,NL
ɡanɡeen,ɡaneɡen,ɡaneɡ,ɡanɡe,NL
ɡanɡeen,ɡaneɡen,ɡaneɡ,ɡanɡe,NL
ɡanɡeen,ɡaneɡen,ɡaneɡ,ɡanɡe,NL
ɡanɡeen,ɡaneɡen,ɡaneɡ,ɡanɡe,NL
ɡanɡeen,ɡaneɡen,ɡaneɡ,ɡanɡe,NL
ɡanɡeen,ɡaneɡen,ɡaneɡ,ɡanɡe,NL
ɡanɡeen,ɡaneɡen,ɡaneɡ,ɡanɡe,NL
ɡanɡeen,ɡaneɡen,ɡaneɡ,ɡanɡe,NL
ɡanɡeen,ɡaneɡen,ɡaneɡ,ɡanɡe,NL
ɡanɡeen,ɡaneɡen,ɡaneɡ,ɡanɡe,NL
ɡanɡeen,ɡaneɡen,ɡaneɡ,ɡanɡe,NL
ɡanɡeen,ɡaneɡen,ɡaneɡ,ɡanɡe,NL
ɡanɡeen,ɡaneɡen,ɡaneɡ,ɡanɡe,NL
ɡanɡeen,ɡaneɡen,ɡaneɡ,ɡanɡe,NL
ɡanɡeen,ɡaneɡen,ɡaneɡ,ɡanɡe,NL
ɡanɡeen,ɡaneɡen,ɡaneɡ,ɡanɡe,NL
ɡanɡeen,ɡaneɡen,ɡaneɡ,ɡanɡe,NL
ɡanɡeen,ɡaneɡen,ɡaneɡ,ɡanɡe,NL
ɡanɡeen,ɡaneɡen,ɡaneɡ,ɡanɡe,NL
ɡanɡeen,ɡaneɡen,ɡaneɡ,ɡanɡe,NL
ɡanɡeen,ɡaneɡen,ɡaneɡ,ɡanɡe,NL
ɡanɡeen,ɡaneɡen,ɡaneɡ,ɡanɡe,NL
ɡanɡeen,ɡaneɡen,ɡaneɡ,ɡanɡe,NL
ɡanɡeen,ɡaneɡen,ɡaneɡ,ɡanɡe,NL
ɡanɡeen,ɡaneɡen,ɡaneɡ,ɡanɡe,NL
ɡanɡeen,ɡanɡeen,ɡanɡe,ɡanɡe,NL
ɡanɡeen,ɡanɡeen,ɡanɡe,ɡanɡe,NL
ɡanɡeen,ɡanɡeen,ɡanɡe,ɡanɡe,NL
ɡanɡeen,ɡanɡeen,ɡanɡe,ɡanɡe,NL
ɡanɡeen,ɡaneɡen,ɡaneɡ,ɡanɡe,NL
ɡanɡeen,ɡaneɡen,ɡaneɡ,ɡanɡe,NL
ɡanɡeen,ɡaneɡen,ɡaneɡ,ɡanɡe,NL
ɡanɡeen,ɡaneɡen,ɡaneɡ,ɡanɡe,NL
ɡanɡeen,ɡaneɡen,ɡaneɡ,ɡanɡe,NL
ɡanɡeen,ɡaneɡen,ɡaneɡ,ɡanɡe,NL
ɡanɡeen,ɡaneɡen,ɡaneɡ,ɡanɡe,NL
ɡanɡeen,ɡaneɡen,ɡaneɡ,ɡanɡe,NL
ɡanɡeen,ɡaneɡen,ɡaneɡ,ɡanɡe,NL
ɡanɡeen,ɡaneɡen,ɡaneɡ,ɡanɡe,NL
ɡanɡeen,ɡanɡeen,ɡanɡe,ɡanɡe,NL
ɡanɡeen,ɡaneɡen,ɡaneɡ,ɡanɡe,NL
ɡanɡeen,ɡaneɡen,ɡaneɡ,ɡanɡe,NL
ɡanɡeen,ɡaneɡen,ɡaneɡ,ɡanɡe,NL
ɡanɡeen,ɡaneɡen,ɡaneɡ,ɡanɡe,NL
ɡanɡees,ɡaneɡes,ɡaneɡ,ɡanɡe,NL
ɡanɡees,ɡaneɡes,ɡaneɡ,ɡanɡe,NL
ɡanɡees,ɡaneɡes,ɡaneɡ,ɡanɡe,NL
ɡanɡees,ɡaneɡes,ɡaneɡ,ɡanɡe,NL
ɡanɡees,ɡaneɡes,ɡaneɡ,ɡanɡe,NL
ɡanɡees,ɡaneɡes,ɡaneɡ,ɡanɡe,NL
ɡanɡees,ɡaneɡes,ɡaneɡ,ɡanɡe,NL
ɡanɡees,ɡaneɡes,ɡaneɡ,ɡanɡe,NL
ɡanɡees,ɡaneɡes,ɡaneɡ,ɡanɡe,NL
ɡanɡees,ɡaneɡes,ɡaneɡ,ɡanɡe,NL
ɡanɡees,ɡaneɡes,ɡaneɡ,ɡanɡe,NL
ɡanɡees,ɡaneɡes,ɡaneɡ,ɡanɡe,NL
ɡanɡees,ɡaneɡes,ɡaneɡ,ɡanɡe,NL
ɡanɡees,ɡaneɡes,ɡaneɡ,ɡanɡe,NL
ɡanɡees,ɡaneɡes,ɡaneɡ,ɡanɡe,NL
ɡanɡees,ɡaneɡes,ɡaneɡ,ɡanɡe,NL
ɡanɡees,ɡaneɡes,ɡaneɡ,ɡanɡe,NL
ɡanɡees,ɡaneɡes,ɡaneɡ,ɡanɡe,NL
ɡanɡees,ɡaneɡes,ɡaneɡ,ɡanɡe,NL
ɡanɡees,ɡaneɡes,ɡaneɡ,ɡanɡe,NL
ɡanɡees,ɡaneɡes,ɡaneɡ,ɡanɡe,NL
ɡanɡees,ɡaneɡes,ɡaneɡ,ɡanɡe,NL
ɡanɡees,ɡaneɡes,ɡaneɡ,ɡanɡe,NL
ɡanɡees,ɡaneɡes,ɡaneɡ,ɡanɡe,NL
ɡanɡees,ɡaneɡes,ɡaneɡ,ɡanɡe,NL
ɡanɡees,ɡaneɡes,ɡaneɡ,ɡanɡe,NL
ɡanɡees,ɡaneɡes,ɡaneɡ,ɡanɡe,NL
ɡanɡees,ɡaneɡes,ɡaneɡ,ɡanɡe,NL
ɡanɡees,ɡaneɡes,ɡaneɡ,ɡanɡe,NL
ɡanɡees,ɡaneɡes,ɡaneɡ,ɡanɡe,NL
ɡanɡees,ɡaneɡes,ɡaneɡ,ɡanɡe,NL
ɡanɡees,ɡaneɡes,ɡaneɡ,ɡanɡe,NL
ɡanɡees,ɡaneɡes,ɡaneɡ,ɡanɡe,NL
ɡanɡees,ɡaneɡes,ɡaneɡ,ɡanɡe,NL
ɡanɡees,ɡaneɡes,ɡaneɡ,ɡanɡe,NL
ɡanɡees,ɡaneɡes,ɡaneɡ,ɡanɡe,NL
ɡanɡees,ɡanɡees,ɡanɡe,ɡanɡe,NL
ɡanɡees,ɡanɡees,ɡanɡe,ɡanɡe,NL
ɡanɡees,ɡanɡees,ɡanɡe,ɡanɡe,NL
ɡanɡees,ɡanɡees,ɡanɡe,ɡanɡe,NL
ɡanɡees,ɡaneɡes,ɡaneɡ,ɡanɡe,NL
ɡanɡees,ɡaneɡes,ɡaneɡ,ɡanɡe,NL
ɡanɡees,ɡaneɡes,ɡaneɡ,ɡanɡe,NL
ɡanɡees,ɡanɡees,ɡanɡe,ɡanɡe,NL
ɡanɡees,ɡaneɡes,ɡaneɡ,ɡanɡe,NL
ɡanɡees,ɡaneɡes,ɡaneɡ,ɡanɡe,NL
ɡanɡees,ɡaneɡes,ɡaneɡ,ɡanɡe,NL
ɡanɡees,ɡaneɡes,ɡaneɡ,ɡanɡe,NL
ɡanɡees,ɡaneɡes,ɡaneɡ,ɡanɡe,NL
ɡanɡees,ɡaneɡes,ɡaneɡ,ɡanɡe,NL
ɡanɡees,ɡaneɡes,ɡaneɡ,ɡanɡe,NL
ɡanɡees,ɡaneɡes,ɡaneɡ,ɡanɡe,NL
ɡanɡees,ɡanɡees,ɡanɡe,ɡanɡe,NL
ɡanɡees,ɡaneɡes,ɡaneɡ,ɡanɡe,NL
ɡanɡees,ɡanɡees,ɡanɡe,ɡanɡe,NL
ɡanɡee,ɡaneɡe,ɡaneɡ,ɡanɡe,NL
ɡanɡee,ɡaneɡe,ɡaneɡ,ɡanɡe,NL
ɡanɡee,ɡaneɡe,ɡaneɡ,ɡanɡe,NL
ɡanɡee,ɡaneɡe,ɡaneɡ,ɡanɡe,NL
ɡanɡee,ɡaneɡe,ɡaneɡ,ɡanɡe,NL
ɡanɡee,ɡaneɡe,ɡaneɡ,ɡanɡe,NL
ɡanɡee,ɡaneɡe,ɡaneɡ,ɡanɡe,NL
ɡanɡee,ɡaneɡe,ɡaneɡ,ɡanɡe,NL
ɡanɡee,ɡaneɡe,ɡaneɡ,ɡanɡe,NL
ɡanɡee,ɡaneɡe,ɡaneɡ,ɡanɡe,NL
ɡanɡee,ɡaneɡe,ɡaneɡ,ɡanɡe,NL
ɡanɡee,ɡaneɡe,ɡaneɡ,ɡanɡe,NL
ɡanɡee,ɡaneɡe,ɡaneɡ,ɡanɡe,NL
ɡanɡee,ɡaneɡe,ɡaneɡ,ɡanɡe,NL
ɡanɡee,ɡaneɡe,ɡaneɡ,ɡanɡe,NL
ɡanɡee,ɡaneɡe,ɡaneɡ,ɡanɡe,NL
ɡanɡee,ɡaneɡe,ɡaneɡ,ɡanɡe,NL
ɡanɡee,ɡaneɡe,ɡaneɡ,ɡanɡe,NL
ɡanɡee,ɡaneɡe,ɡaneɡ,ɡanɡe,NL
ɡanɡee,ɡaneɡe,ɡaneɡ,ɡanɡe,NL
ɡanɡee,ɡaneɡe,ɡaneɡ,ɡanɡe,NL
ɡanɡee,ɡaneɡe,ɡaneɡ,ɡanɡe,NL
ɡanɡee,ɡaneɡe,ɡaneɡ,ɡanɡe,NL
ɡanɡee,ɡaneɡe,ɡaneɡ,ɡanɡe,NL
ɡanɡee,ɡaneɡe,ɡaneɡ,ɡanɡe,NL
ɡanɡee,ɡaneɡe,ɡaneɡ,ɡanɡe,NL
ɡanɡee,ɡaneɡe,ɡaneɡ,ɡanɡe,NL
ɡanɡee,ɡaneɡe,ɡaneɡ,ɡanɡe,NL
ɡanɡee,ɡaneɡe,ɡaneɡ,ɡanɡe,NL
ɡanɡee,ɡaneɡe,ɡaneɡ,ɡanɡe,NL
ɡanɡee,ɡaneɡe,ɡaneɡ,ɡanɡe,NL
ɡanɡee,ɡaneɡe,ɡaneɡ,ɡanɡe,NL
ɡanɡee,ɡaneɡe,ɡaneɡ,ɡanɡe,NL
ɡanɡee,ɡaneɡe,ɡaneɡ,ɡanɡe,NL
ɡanɡee,ɡaneɡe,ɡaneɡ,ɡanɡe,NL
ɡanɡee,ɡaneɡe,ɡaneɡ,ɡanɡe,NL
ɡanɡee,ɡanɡee,ɡanɡe,ɡanɡe,NL
ɡanɡee,ɡanɡee,ɡanɡe,ɡanɡe,NL
ɡanɡee,ɡanɡee,ɡanɡe,ɡanɡe,NL
ɡanɡee,ɡanɡee,ɡanɡe,ɡanɡe,NL
ɡanɡee,ɡaneɡe,ɡaneɡ,ɡanɡe,NL
ɡanɡee,ɡaneɡe,ɡaneɡ,ɡanɡe,NL
ɡanɡee,ɡanɡee,ɡanɡe,ɡanɡe,NL
ɡanɡee,ɡanɡee,ɡanɡe,ɡanɡe,NL
ɡanɡee,ɡanɡee,ɡanɡe,ɡanɡe,NL
ɡanɡee,ɡaneɡe,ɡaneɡ,ɡanɡe,NL
ɡanɡee,ɡaneɡe,ɡaneɡ,ɡanɡe,NL
ɡanɡee,ɡaneɡe,ɡaneɡ,ɡanɡe,NL
ɡanɡee,ɡaneɡe,ɡaneɡ,ɡanɡe,NL
ɡanɡee,ɡaneɡe,ɡaneɡ,ɡanɡe,NL
ɡanɡee,ɡaneɡe,ɡaneɡ,ɡanɡe,NL
ɡanɡee,ɡaneɡe,ɡaneɡ,ɡanɡe,NL
ɡanɡee,ɡanɡee,ɡanɡe,ɡanɡe,NL
ɡanɡee,ɡanɡee,ɡanɡe,ɡanɡe,NL
ɡanɡee,ɡanɡee,ɡanɡe,ɡanɡe,NL
ɡanɡee,ɡaneɡe,ɡaneɡ,ɡanɡe,NL
ɡanɡee,ɡaneɡe,ɡaneɡ,ɡanɡe,NL
ɡanɡee,ɡaneɡe,ɡaneɡ,ɡanɡe,NL
ɡanɡee,ɡaneɡe,ɡaneɡ,ɡanɡe,NL
ɡanɡee,ɡaneɡe,ɡaneɡ,ɡanɡe,NL
ɡanɡee,ɡaneɡe,ɡaneɡ,ɡanɡe,NL
ɡanɡee,ɡaneɡe,ɡaneɡ,ɡanɡe,NL
ɡanɡee,ɡaneɡe,ɡaneɡ,ɡanɡe,NL
ɡanɡee,ɡaneɡe,ɡaneɡ,ɡanɡe,NL
ɡanɡee,ɡaneɡe,ɡaneɡ,ɡanɡe,NL
ɡanɡee,ɡaneɡe,ɡaneɡ,ɡanɡe,NL
ɡanɡee,ɡaneɡe,ɡaneɡ,ɡanɡe,NL
ɡanɡee,ɡaneɡe,ɡaneɡ,ɡanɡe,NL
ɡanɡee,ɡaneɡe,ɡaneɡ,ɡanɡe,NL
ɡanɡee,ɡaneɡe,ɡaneɡ,ɡanɡe,NL
ɡanɡee,ɡaneɡe,ɡaneɡ,ɡanɡe,NL
ɡanɡee,ɡaneɡe,ɡaneɡ,ɡanɡe,NL
ɡanɡee,ɡaneɡe,ɡaneɡ,ɡanɡe,NL
ɡanɡee,ɡaneɡe,ɡaneɡ,ɡanɡe,NL
ɡanɡee,ɡaneɡe,ɡaneɡ,ɡanɡe,NL
ɡanɡee,ɡaneɡe,ɡaneɡ,ɡanɡe,NL
ɡanɡee,ɡaneɡe,ɡaneɡ,ɡanɡe,NL
ɡanɡee,ɡaneɡe,ɡaneɡ,ɡanɡe,NL
ɡanɡee,ɡaneɡe,ɡaneɡ,ɡanɡe,NL
ɡanɡee,ɡaneɡe,ɡaneɡ,ɡanɡe,NL
ɡanɡee,ɡaneɡe,ɡaneɡ,ɡanɡe,NL
ɡanɡee,ɡaneɡe,ɡaneɡ,ɡanɡe,NL
ɡanɡee,ɡanɡee,ɡanɡe,ɡanɡe,NL
ɡanɡee,ɡaneɡe,ɡaneɡ,ɡanɡe,NL
ɡanɡee,ɡaneɡe,ɡaneɡ,ɡanɡe,NL
ɡanɡee,ɡaneɡe,ɡaneɡ,ɡanɡe,NL
ɡanɡee,ɡaneɡe,ɡaneɡ,ɡanɡe,NL
ɡanɡee,ɡaneɡe,ɡaneɡ,ɡanɡe,NL
ɡanɡee,ɡaneɡe,ɡaneɡ,ɡanɡe,NL
ɡanɡee,ɡaneɡe,ɡaneɡ,ɡanɡe,NL
ɡanɡee,ɡaneɡe,ɡaneɡ,ɡanɡe,NL
ɡanɡee,ɡanɡee,ɡanɡe,ɡanɡe,NL
ɡanɡee,ɡanɡee,ɡanɡe,ɡanɡe,NL
ɡanɡee,ɡanɡee,ɡanɡe,ɡanɡe,NL
ɡanɡee,ɡanɡee,ɡanɡe,ɡanɡe,NL
ɡanɡee,ɡaneɡe,ɡaneɡ,ɡanɡe,NL
ɡanɡee,ɡaneɡe,ɡaneɡ,ɡanɡe,NL
ɡanɡee,ɡanɡee,ɡanɡe,ɡanɡe,NL
ɡanɡee,ɡanɡee,ɡanɡe,ɡanɡe,NL
ɡanɡee,ɡanɡee,ɡanɡe,ɡanɡe,NL
ɡanɡee,ɡaneɡe,ɡaneɡ,ɡanɡe,NL
ɡanɡee,ɡaneɡe,ɡaneɡ,ɡanɡe,NL
ɡanɡee,ɡaneɡe,ɡaneɡ,ɡanɡe,NL
ɡanɡee,ɡaneɡe,ɡaneɡ,ɡanɡe,NL
ɡanɡee,ɡaneɡe,ɡaneɡ,ɡanɡe,NL
ɡanɡee,ɡaneɡe,ɡaneɡ,ɡanɡe,NL
ɡanɡee,ɡaneɡe,ɡaneɡ,ɡanɡe,NL
ɡanɡee,ɡanɡee,ɡanɡe,ɡanɡe,NL
ɡanɡee,ɡanɡee,ɡanɡe,ɡanɡe,NL
ɡanɡee,ɡanɡee,ɡanɡe,ɡanɡe,NL
ɡanɡeo,ɡaneɡo,ɡaneɡ,ɡanɡe,NL
ɡanɡeo,ɡaneɡo,ɡaneɡ,ɡanɡe,NL
ɡanɡeo,ɡaneɡo,ɡaneɡ,ɡanɡe,NL
ɡanɡeo,ɡaneɡo,ɡaneɡ,ɡanɡe,NL
ɡanɡeo,ɡaneɡo,ɡaneɡ,ɡanɡe,NL
ɡanɡeo,ɡaneɡo,ɡaneɡ,ɡanɡe,NL
ɡanɡeo,ɡaneɡo,ɡaneɡ,ɡanɡe,NL
ɡanɡeo,ɡaneɡo,ɡaneɡ,ɡanɡe,NL
ɡanɡeo,ɡaneɡo,ɡaneɡ,ɡanɡe,NL
ɡanɡeo,ɡaneɡo,ɡaneɡ,ɡanɡe,NL
ɡanɡeo,ɡaneɡo,ɡaneɡ,ɡanɡe,NL
ɡanɡeo,ɡaneɡo,ɡaneɡ,ɡanɡe,NL
ɡanɡeo,ɡaneɡo,ɡaneɡ,ɡanɡe,NL
ɡanɡeo,ɡaneɡo,ɡaneɡ,ɡanɡe,NL
ɡanɡeo,ɡaneɡo,ɡaneɡ,ɡanɡe,NL
ɡanɡeo,ɡaneɡo,ɡaneɡ,ɡanɡe,NL
ɡanɡeo,ɡaneɡo,ɡaneɡ,ɡanɡe,NL
ɡanɡeo,ɡaneɡo,ɡaneɡ,ɡanɡe,NL
ɡanɡeo,ɡaneɡo,ɡaneɡ,ɡanɡe,NL
ɡanɡeo,ɡaneɡo,ɡaneɡ,ɡanɡe,NL
ɡanɡeo,ɡaneɡo,ɡaneɡ,ɡanɡe,NL
ɡanɡeo,ɡaneɡo,ɡaneɡ,ɡanɡe,NL
ɡanɡeo,ɡaneɡo,ɡaneɡ,ɡanɡe,NL
ɡanɡeo,ɡaneɡo,ɡaneɡ,ɡanɡe,NL
ɡanɡeo,ɡaneɡo,ɡaneɡ,ɡanɡe,NL
ɡanɡeo,ɡaneɡo,ɡaneɡ,ɡanɡe,NL
ɡanɡeo,ɡaneɡo,ɡaneɡ,ɡanɡe,NL
ɡanɡeo,ɡaneɡo,ɡaneɡ,ɡanɡe,NL
ɡanɡeo,ɡaneɡo,ɡaneɡ,ɡanɡe,NL
ɡanɡeo,ɡaneɡo,ɡaneɡ,ɡanɡe,NL
ɡanɡeo,ɡaneɡo,ɡaneɡ,ɡanɡe,NL
ɡanɡeo,ɡaneɡo,ɡaneɡ,ɡanɡe,NL
ɡanɡeo,ɡaneɡo,ɡaneɡ,ɡanɡe,NL
ɡanɡeo,ɡaneɡo,ɡaneɡ,ɡanɡe,NL
ɡanɡeo,ɡaneɡo,ɡaneɡ,ɡanɡe,NL
ɡanɡeo,ɡaneɡo,ɡaneɡ,ɡanɡe,NL
ɡanɡeo,ɡanɡeo,ɡanɡe,ɡanɡe,NL
ɡanɡeo,ɡanɡeo,ɡanɡe,ɡanɡe,NL
ɡanɡeo,ɡanɡeo,ɡanɡe,ɡanɡe,NL
ɡanɡeo,ɡanɡeo,ɡanɡe,ɡanɡe,NL
ɡanɡeo,ɡaneɡo,ɡaneɡ,ɡanɡe,NL
ɡanɡeo,ɡaneɡo,ɡaneɡ,ɡanɡe,NL
ɡanɡeo,ɡaneɡo,ɡaneɡ,ɡanɡe,NL
ɡanɡeo,ɡanɡeo,ɡanɡe,ɡanɡe,NL
ɡanɡeo,ɡanɡeo,ɡanɡe,ɡanɡe,NL
ɡanɡeo,ɡaneɡo,ɡaneɡ,ɡanɡe,NL
ɡanɡeo,ɡaneɡo,ɡaneɡ,ɡanɡe,NL
ɡanɡeo,ɡaneɡo,ɡaneɡ,ɡanɡe,NL
ɡanɡeo,ɡaneɡo,ɡaneɡ,ɡanɡe,NL
ɡanɡeo,ɡaneɡo,ɡaneɡ,ɡanɡe,NL
ɡanɡeo,ɡaneɡo,ɡaneɡ,ɡanɡe,NL
ɡanɡeo,ɡaneɡo,ɡaneɡ,ɡanɡe,NL
ɡanɡeo,ɡanɡeo,ɡanɡe,ɡanɡe,NL
ɡanɡeo,ɡanɡeo,ɡanɡe,ɡanɡe,NL
ɡanɡeo,ɡanɡeo,ɡanɡe,ɡanɡe,NL
desklabajs,desklabajs,desklab,desklab,NL
desklabajs,desklabajs,desklab,desklab,NL
desklabajs,desklabajs,desklab,desklab,NL
desklabajs,desklabajs,desklab,desklab,NL
desklabajs,desklabajs,desklab,desklab,NL
desklabajs,desklabajs,desklab,desklab,NL
desklabajs,desklabajs,desklab,desklab,NL
desklabajs,desklabajs,desklab,desklab,NL
desklabajs,desklabajs,desklab,desklab,NL
desklabajs,deskulbajs,deskulb,desklab,NL
desklabajs,desklabajs,desklab,desklab,NL
desklabajs,desklabajs,desklab,desklab,NL
desklabajs,desklabajs,desklab,desklab,NL
desklabajs,desklabajs,desklab,desklab,NL
desklabajs,desklabajs,desklab,desklab,NL
desklabajs,desklabajs,desklab,desklab,NL
desklabajs,desklabajs,desklab,desklab,NL
desklabajs,desklabajs,desklab,desklab,NL
desklabajs,desklabajs,desklab,desklab,NL
desklabajs,desklabajs,desklab,desklab,NL
desklabajs,desklabajs,desklab,desklab,NL
desklabajs,desklabajs,desklab,desklab,NL
desklabajs,desklabajs,desklab,desklab,NL
desklabajs,desklabajs,desklab,desklab,NL
desklabajs,desklabajs,desklab,desklab,NL
desklabajs,desklabajs,desklab,desklab,NL
desklabajs,desklabajs,desklab,desklab,NL
desklabajs,desklabajs,desklab,desklab,NL
desklabajs,desklabajs,desklab,desklab,NL
desklabajs,desklabajs,desklab,desklab,NL
desklabajs,desklabajs,desklab,desklab,NL
desklabajs,desklabajs,desklab,desklab,NL
desklabajs,desklabajs,desklab,desklab,NL
desklabajs,desklabajs,desklab,desklab,NL
desklabajs,desklabajs,desklab,desklab,NL
desklabajs,desklabajs,desklab,desklab,NL
desklabajs,desklabajs,desklab,desklab,NL
desklabajs,desklabajs,desklab,desklab,NL
desklabajs,desklabajs,desklab,desklab,NL
desklabajs,deskulbajs,deskulb,desklab,NL
desklabajs,desklabajs,desklab,desklab,NL
desklabajs,desklabajs,desklab,desklab,NL
desklabajs,desklabajs,desklab,desklab,NL
desklabajs,desklabajs,desklab,desklab,NL
desklabajs,desklabajs,desklab,desklab,NL
desklabajs,desklabajs,desklab,desklab,NL
desklabajs,desklabajs,desklab,desklab,NL
desklabajs,desklabajs,desklab,desklab,NL
desklabajs,desklabajs,desklab,desklab,NL
desklabajs,desklabajs,desklab,desklab,NL
desklabajs,desklabajs,desklab,desklab,NL
desklabajs,desklabajs,desklab,desklab,NL
desklabajs,desklabajs,desklab,desklab,NL
desklabajs,desklabajs,desklab,desklab,NL
desklabajs,desklabajs,desklab,desklab,NL
desklabamos,desklabamos,desklab,desklab,NL
desklabamos,desklabamos,desklab,desklab,NL
desklabamos,desklabamos,desklab,desklab,NL
desklabamos,desklabamos,desklab,desklab,NL
desklabamos,desklabamos,desklab,desklab,NL
desklabamos,desklabamos,desklab,desklab,NL
desklabamos,desklabamos,desklab,desklab,NL
desklabamos,desklabamos,desklab,desklab,NL
desklabamos,desklabamos,desklab,desklab,NL
desklabamos,desklabamos,desklab,desklab,NL
desklabamos,desklabamos,desklab,desklab,NL
desklabamos,desklabamos,desklab,desklab,NL
desklabamos,desklabamos,desklab,desklab,NL
desklabamos,desklabamos,desklab,desklab,NL
desklabamos,desklabamos,desklab,desklab,NL
desklabamos,desklabamos,desklab,desklab,NL
desklabamos,desklabamos,desklab,desklab,NL
desklabamos,desklabamos,desklab,desklab,NL
desklabamos,desklabamos,desklab,desklab,NL
desklabamos,desklabamos,desklab,desklab,NL
desklabamos,desklabamos,desklab,desklab,NL
desklabamos,desklabamos,desklab,desklab,NL
desklabamos,desklabamos,desklab,desklab,NL
desklabamos,desklabamos,desklab,desklab,NL
desklabamos,desklabamos,desklab,desklab,NL
desklabamos,desklabamos,desklab,desklab,NL
desklabamos,desklabamos,desklab,desklab,NL
desklabamos,desklabamos,desklab,desklab,NL
desklabamos,desklabamos,desklab,desklab,NL
desklabamos,desklabamos,desklab,desklab,NL
desklabamos,desklabamos,desklab,desklab,NL
desklabamos,desklabamos,desklab,desklab,NL
desklabamos,desklabamos,desklab,desklab,NL
desklabamos,desklabamos,desklab,desklab,NL
desklabamos,desklabamos,desklab,desklab,NL
desklabamos,desklabamos,desklab,desklab,NL
desklabamos,desklabamos,desklab,desklab,NL
desklabamos,desklabamos,desklab,desklab,NL
desklabamos,desklabamos,desklab,desklab,NL
desklabamos,desklabamos,desklab,desklab,NL
desklabamos,desklabamos,desklab,desklab,NL
desklabamos,desklabamos,desklab,desklab,NL
desklabamos,desklabamos,desklab,desklab,NL
desklabamos,desklabamos,desklab,desklab,NL
desklabamos,desklabamos,desklab,desklab,NL
desklabamos,desklabamos,desklab,desklab,NL
desklabamos,desklabamos,desklab,desklab,NL
desklabamos,desklabamos,desklab,desklab,NL
desklabamos,deskulbamos,deskulb,desklab,NL
desklabamos,desklabamos,desklab,desklab,NL
desklabamos,desklabamos,desklab,desklab,NL
desklabamos,desklabamos,desklab,desklab,NL
desklabamos,desklabamos,desklab,desklab,NL
desklabamos,deskulbamos,deskulb,desklab,NL
desklabamos,desklabamos,desklab,desklab,NL
desklaban,deskalban,deskalb,desklab,NL
desklaban,deskalban,deskalb,desklab,NL
desklaban,deskalban,deskalb,desklab,NL
desklaban,deskalban,deskalb,desklab,NL
desklaban,deskalban,deskalb,desklab,NL
desklaban,deskalban,deskalb,desklab,NL
desklaban,deskalban,deskalb,desklab,NL
desklaban,deskalban,deskalb,desklab,NL
desklaban,deskalban,deskalb,desklab,NL
desklaban,deskalban,deskalb,desklab,NL
desklaban,deskalban,deskalb,desklab,NL
desklaban,deskalban,deskalb,desklab,NL
desklaban,deskalban,deskalb,desklab,NL
desklaban,deskalban,deskalb,desklab,NL
desklaban,deskalban,deskalb,desklab,NL
desklaban,deskalban,deskalb,desklab,NL
desklaban,deskalban,deskalb,desklab,NL
desklaban,deskalban,deskalb,desklab,NL
desklaban,deskalban,deskalb,desklab,NL
desklaban,desklaban,desklab,desklab,NL
desklaban,desklaban,desklab,desklab,NL
desklaban,desklaban,desklab,desklab,NL
desklaban,desklaban,desklab,desklab,NL
desklaban,desklaban,desklab,desklab,NL
desklaban,desklaban,desklab,desklab,NL
desklaban,desklaban,desklab,desklab,NL
desklaban,desklaban,desklab,desklab,NL
desklaban,desklaban,desklab,desklab,NL
desklaban,desklaban,desklab,desklab,NL
desklaban,desklaban,desklab,desklab,NL
desklaban,desklaban,desklab,desklab,NL
desklaban,desklaban,desklab,desklab,NL
desklaban,desklaban,desklab,desklab,NL
desklaban,desklaban,desklab,desklab,NL
desklaban,deskalban,deskalb,desklab,NL
desklaban,deskalban,deskalb,desklab,NL
desklaban,deskalban,deskalb,desklab,NL
desklaban,deskalban,deskalb,desklab,NL
desklaban,deskalban,deskalb,desklab,NL
desklaban,deskalban,deskalb,desklab,NL
desklaban,deskalban,deskalb,desklab,NL
desklaban,deskalban,deskalb,desklab,NL
desklaban,deskalban,deskalb,desklab,NL
desklaban,deskalban,deskalb,desklab,NL
desklaban,deskalban,deskalb,desklab,NL
desklaban,deskalban,deskalb,desklab,NL
desklaban,deskalban,deskalb,desklab,NL
desklaban,deskalban,deskalb,desklab,NL
desklaban,deskalban,deskalb,desklab,NL
desklaban,desklaban,desklab,desklab,NL
desklaban,desklaban,desklab,desklab,NL
desklaban,desklaban,desklab,desklab,NL
desklaban,desklaban,desklab,desklab,NL
desklaban,deskalban,deskalb,desklab,NL
desklaban,desklaban,desklab,desklab,NL
desklabas,deskalbas,deskalb,desklab,NL
desklabas,deskalbas,deskalb,desklab,NL
desklabas,deskalbas,deskalb,desklab,NL
desklabas,deskalbas,deskalb,desklab,NL
desklabas,deskalbas,deskalb,desklab,NL
desklabas,deskalbas,deskalb,desklab,NL
desklabas,deskalbas,deskalb,desklab,NL
desklabas,deskalbas,deskalb,desklab,NL
desklabas,desklabas,desklab,desklab,NL
desklabas,deskalbas,deskalb,desklab,NL
desklabas,deskalbas,deskalb,desklab,NL
desklabas,deskalbas,deskalb,desklab,NL
desklabas,deskalbas,deskalb,desklab,NL
desklabas,deskalbas,deskalb,desklab,NL
desklabas,deskalbas,deskalb,desklab,NL
desklabas,deskalbas,deskalb,desklab,NL
desklabas,deskalbas,deskalb,desklab,NL
desklabas,deskalbas,deskalb,desklab,NL
desklabas,deskalbas,deskalb,desklab,NL
desklabas,desklabas,desklab,desklab,NL
desklabas,desklabas,desklab,desklab,NL
desklabas,desklabas,desklab,desklab,NL
desklabas,desklabas,desklab,desklab,NL
desklabas,desklabas,desklab,desklab,NL
desklabas,desklabas,desklab,desklab,NL
desklabas,desklabas,desklab,desklab,NL
desklabas,desklabas,desklab,desklab,NL
desklabas,desklabas,desklab,desklab,NL
desklabas,desklabas,desklab,desklab,NL
desklabas,deskalbas,deskalb,desklab,NL
desklabas,desklabas,desklab,desklab,NL
desklabas,desklabas,desklab,desklab,NL
desklabas,desklabas,desklab,desklab,NL
desklabas,desklabas,desklab,desklab,NL
desklabas,deskalbas,deskalb,desklab,NL
desklabas,deskalbas,deskalb,desklab,NL
desklabas,deskalbas,deskalb,desklab,NL
desklabas,deskalbas,deskalb,desklab,NL
desklabas,deskalbas,deskalb,desklab,NL
desklabas,deskalbas,deskalb,desklab,NL
desklabas,deskalbas,deskalb,desklab,NL
desklabas,deskalbas,deskalb,desklab,NL
desklabas,deskalbas,deskalb,desklab,NL
desklabas,deskalbas,deskalb,desklab,NL
desklabas,deskalbas,deskalb,desklab,NL
desklabas,deskalbas,deskalb,desklab,NL
desklabas,deskalbas,deskalb,desklab,NL
desklabas,desklabas,desklab,desklab,NL
desklabas,deskalbas,deskalb,desklab,NL
desklabas,desklabas,desklab,desklab,NL
desklabas,desklabas,desklab,desklab,NL
desklabas,desklabas,desklab,desklab,NL
desklabas,desklabas,desklab,desklab,NL
desklabas,deskalbas,deskalb,desklab,NL
desklabas,desklabas,desklab,desklab,NL
desklaba,deskalba,deskalb,desklab,NL
desklaba,deskalba,deskalb,desklab,NL
desklaba,desklaba,desklab,desklab,NL
desklaba,deskalba,deskalb,desklab,NL
desklaba,deskalba,deskalb,desklab,NL
desklaba,desklaba,desklab,desklab,NL
desklaba,desklaba,desklab,desklab,NL
desklaba,desklaba,desklab,desklab,NL
desklaba,desklaba,desklab,desklab,NL
desklaba,desklaba,desklab,desklab,NL
desklaba,deskalba,deskalb,desklab,NL
desklaba,deskalba,deskalb,desklab,NL
desklaba,deskalba,deskalb,desklab,NL
desklaba,desklaba,desklab,desklab,NL
desklaba,deskalba,deskalb,desklab,NL
desklaba,deskalba,deskalb,desklab,NL
desklaba,deskalba,deskalb,desklab,NL
desklaba,deskalba,deskalb,desklab,NL
desklaba,deskalba,deskalb,desklab,NL
desklaba,desklaba,desklab,desklab,NL
desklaba,desklaba,desklab,desklab,NL
desklaba,desklaba,desklab,desklab,NL
desklaba,desklaba,desklab,desklab,NL
desklaba,desklaba,desklab,desklab,NL
desklaba,desklaba,desklab,desklab,NL
desklaba,desklaba,desklab,desklab,NL
desklaba,desklaba,desklab,desklab,NL
desklaba,desklaba,desklab,desklab,NL
desklaba,desklaba,desklab,desklab,NL
desklaba,desklaba,desklab,desklab,NL
desklaba,desklaba,desklab,desklab,NL
desklaba,desklaba,desklab,desklab,NL
desklaba,desklaba,desklab,desklab,NL
desklaba,desklaba,desklab,desklab,NL
desklaba,deskalba,deskalb,desklab,NL
desklaba,desklaba,desklab,desklab,NL
desklaba,desklaba,desklab,desklab,NL
desklaba,desklaba,desklab,desklab,NL
desklaba,desklaba,desklab,desklab,NL
desklaba,deskalba,deskalb,desklab,NL
desklaba,desklaba,desklab,desklab,NL
desklaba,desklaba,desklab,desklab,NL
desklaba,deskalba,deskalb,desklab,NL
desklaba,desklaba,desklab,desklab,NL
desklaba,deskalba,deskalb,desklab,NL
desklaba,desklaba,desklab,desklab,NL
desklaba,desklaba,desklab,desklab,NL
desklaba,desklaba,desklab,desklab,NL
desklaba,deskalba,deskalb,desklab,NL
desklaba,desklaba,desklab,desklab,NL
desklaba,desklaba,desklab,desklab,NL
desklaba,desklaba,desklab,desklab,NL
desklaba,desklaba,desklab,desklab,NL
desklaba,desklaba,desklab,desklab,NL
desklaba,desklaba,desklab,desklab,NL
desklabejs,desklabejs,desklab,desklab,NL
desklabejs,desklabejs,desklab,desklab,NL
desklabejs,desklabejs,desklab,desklab,NL
desklabejs,desklabejs,desklab,desklab,NL
desklabejs,desklabejs,desklab,desklab,NL
desklabejs,desklabejs,desklab,desklab,NL
desklabejs,desklabejs,desklab,desklab,NL
desklabejs,desklabejs,desklab,desklab,NL
desklabejs,desklabejs,desklab,desklab,NL
desklabejs,desklabejs,desklab,desklab,NL
desklabejs,desklabejs,desklab,desklab,NL
desklabejs,desklabejs,desklab,desklab,NL
desklabejs,desklabejs,desklab,desklab,NL
desklabejs,desklabejs,desklab,desklab,NL
desklabejs,desklabejs,desklab,desklab,NL
desklabejs,desklabejs,desklab,desklab,NL
desklabejs,desklabejs,desklab,desklab,NL
desklabejs,desklabejs,desklab,desklab,NL
desklabejs,desklabejs,desklab,desklab,NL
desklabejs,desklabejs,desklab,desklab,NL
desklabejs,desklabejs,desklab,desklab,NL
desklabejs,desklabejs,desklab,desklab,NL
desklabejs,desklabejs,desklab,desklab,NL
desklabejs,desklabejs,desklab,desklab,NL
desklabejs,desklabejs,desklab,desklab,NL
desklabejs,desklabejs,desklab,desklab,NL
desklabejs,desklabejs,desklab,desklab,NL
desklabejs,desklabejs,desklab,desklab,NL
desklabejs,desklabejs,desklab,desklab,NL
desklabejs,desklabejs,desklab,desklab,NL
desklabejs,desklabejs,desklab,desklab,NL
desklabejs,desklabejs,desklab,desklab,NL
desklabejs,desklabejs,desklab,desklab,NL
desklabejs,desklabejs,desklab,desklab,NL
desklabejs,desklabejs,desklab,desklab,NL
desklabejs,desklabejs,desklab,desklab,NL
desklabejs,desklabejs,desklab,desklab,NL
desklabejs,desklabejs,desklab,desklab,NL
desklabejs,desklabejs,desklab,desklab,NL
desklabejs,desklabejs,desklab,desklab,NL
desklabejs,desklabejs,desklab,desklab,NL
desklabejs,desklabejs,desklab,desklab,NL
desklabejs,desklabejs,desklab,desklab,NL
desklabejs,desklabejs,desklab,desklab,NL
desklabejs,desklabejs,desklab,desklab,NL
desklabejs,desklabejs,desklab,desklab,NL
desklabejs,desklabejs,desklab,desklab,NL
desklabejs,desklabejs,desklab,desklab,NL
desklabejs,desklabejs,desklab,desklab,NL
desklabejs,desklabejs,desklab,desklab,NL
desklabejs,desklabejs,desklab,desklab,NL
desklabejs,desklabejs,desklab,desklab,NL
desklabejs,desklabejs,desklab,desklab,NL
desklabejs,desklabejs,desklab,desklab,NL
desklabejs,desklabejs,desklab,desklab,NL
desklabemos,desklabemos,desklab,desklab,NL
desklabemos,desklabemos,desklab,desklab,NL
desklabemos,desklabemos,desklab,desklab,NL
desklabemos,desklabemos,desklab,desklab,NL
desklabemos,desklabemos,desklab,desklab,NL
desklabemos,desklabemos,desklab,desklab,NL
desklabemos,desklabemos,desklab,desklab,NL
desklabemos,desklabemos,desklab,desklab,NL
desklabemos,desklabemos,desklab,desklab,NL
desklabemos,desklabemos,desklab,desklab,NL
desklabemos,desklabemos,desklab,desklab,NL
desklabemos,desklabemos,desklab,desklab,NL
desklabemos,desklabemos,desklab,desklab,NL
desklabemos,desklabemos,desklab,desklab,NL
desklabemos,desklabemos,desklab,desklab,NL
desklabemos,desklabemos,desklab,desklab,NL
desklabemos,desklabemos,desklab,desklab,NL
desklabemos,desklabemos,desklab,desklab,NL
desklabemos,desklabemos,desklab,desklab,NL
desklabemos,desklabemos,desklab,desklab,NL
desklabemos,desklabemos,desklab,desklab,NL
desklabemos,desklabemos,desklab,desklab,NL
desklabemos,desklabemos,desklab,desklab,NL
desklabemos,desklabemos,desklab,desklab,NL
desklabemos,desklabemos,desklab,desklab,NL
desklabemos,desklabemos,desklab,desklab,NL
desklabemos,desklabemos,desklab,desklab,NL
desklabemos,desklabemos,desklab,desklab,NL
desklabemos,desklabemos,desklab,desklab,NL
desklabemos,desklabemos,desklab,desklab,NL
desklabemos,desklabemos,desklab,desklab,NL
desklabemos,desklabemos,desklab,desklab,NL
desklabemos,desklabemos,desklab,desklab,NL
desklabemos,desklabemos,desklab,desklab,NL
desklabemos,desklabemos,desklab,desklab,NL
desklabemos,desklabemos,desklab,desklab,NL
desklabemos,desklabemos,desklab,desklab,NL
desklabemos,desklabemos,desklab,desklab,NL
desklabemos,desklabemos,desklab,desklab,NL
desklabemos,desklabemos,desklab,desklab,NL
desklabemos,desklabemos,desklab,desklab,NL
desklabemos,desklabemos,desklab,desklab,NL
desklabemos,desklabemos,desklab,desklab,NL
desklabemos,desklabemos,desklab,desklab,NL
desklabemos,desklabemos,desklab,desklab,NL
desklabemos,desklabemos,desklab,desklab,NL
desklabemos,desklabemos,desklab,desklab,NL
desklabemos,desklabemos,desklab,desklab,NL
desklabemos,desklabemos,desklab,desklab,NL
desklabemos,desklabemos,desklab,desklab,NL
desklabemos,desklabemos,desklab,desklab,NL
desklabemos,desklabemos,desklab,desklab,NL
desklabemos,desklabemos,desklab,desklab,NL
desklabemos,desklabemos,desklab,desklab,NL
desklabemos,desklabemos,desklab,desklab,NL
desklaben,deskalben,deskalb,desklab,NL
desklaben,deskalben,deskalb,desklab,NL
desklaben,deskalben,deskalb,desklab,NL
desklaben,deskalben,deskalb,desklab,NL
desklaben,deskalben,deskalb,desklab,NL
desklaben,deskalben,deskalb,desklab,NL
desklaben,deskalben,deskalb,desklab,NL
desklaben,deskalben,deskalb,desklab,NL
desklaben,deskalben,deskalb,desklab,NL
desklaben,deskalben,deskalb,desklab,NL
desklaben,deskalben,deskalb,desklab,NL
desklaben,deskalben,deskalb,desklab,NL
desklaben,deskalben,deskalb,desklab,NL
desklaben,deskalben,deskalb,desklab,NL
desklaben,deskalben,deskalb,desklab,NL
desklaben,deskalben,deskalb,desklab,NL
desklaben,deskalben,deskalb,desklab,NL
desklaben,deskalben,deskalb,desklab,NL
desklaben,deskalben,deskalb,desklab,NL
desklaben,deskalben,deskalb,desklab,NL
desklaben,desklaben,desklab,desklab,NL
desklaben,desklaben,desklab,desklab,NL
desklaben,desklaben,desklab,desklab,NL
desklaben,desklaben,desklab,desklab,NL
desklaben,desklaben,desklab,desklab,NL
desklaben,desklaben,desklab,desklab,NL
desklaben,desklaben,desklab,desklab,NL
desklaben,desklaben,desklab,desklab,NL
desklaben,desklaben,desklab,desklab,NL
desklaben,desklaben,desklab,desklab,NL
desklaben,desklaben,desklab,desklab,NL
desklaben,desklaben,desklab,desklab,NL
desklaben,desklaben,desklab,desklab,NL
desklaben,desklaben,desklab,desklab,NL
desklaben,desklaben,desklab,desklab,NL
desklaben,deskalben,deskalb,desklab,NL
desklaben,desklaben,desklab,desklab,NL
desklaben,desklaben,desklab,desklab,NL
desklaben,desklaben,desklab,desklab,NL
desklaben,deskalben,deskalb,desklab,NL
desklaben,deskalben,deskalb,desklab,NL
desklaben,deskalben,deskalb,desklab,NL
desklaben,deskalben,deskalb,desklab,NL
desklaben,deskalben,deskalb,desklab,NL
desklaben,deskalben,deskalb,desklab,NL
desklaben,deskalben,deskalb,desklab,NL
desklaben,deskalben,deskalb,desklab,NL
desklaben,deskalben,deskalb,desklab,NL
desklaben,deskalben,deskalb,desklab,NL
desklaben,desklaben,desklab,desklab,NL
desklaben,desklabben,desklabb,desklab,NL
desklaben,desklaben,desklab,desklab,NL
desklaben,deskalben,deskalb,desklab,NL
desklaben,deskalben,deskalb,desklab,NL
desklaben,deskalben,deskalb,desklab,NL
desklabes,deskalbes,deskalb,desklab,NL
desklabes,deskalbes,deskalb,desklab,NL
desklabes,deskalbes,deskalb,desklab,NL
desklabes,deskalbes,deskalb,desklab,NL
desklabes,deskalbes,deskalb,desklab,NL
desklabes,deskalbes,deskalb,desklab,NL
desklabes,deskalbes,deskalb,desklab,NL
desklabes,deskalbes,deskalb,desklab,NL
desklabes,deskalbes,deskalb,desklab,NL
desklabes,deskalbes,deskalb,desklab,NL
desklabes,deskalbes,deskalb,desklab,NL
desklabes,deskalbes,deskalb,desklab,NL
desklabes,deskalbes,deskalb,desklab,NL
desklabes,deskalbes,deskalb,desklab,NL
desklabes,deskalbes,deskalb,desklab,NL
desklabes,deskalbes,deskalb,desklab,NL
desklabes,deskalbes,deskalb,desklab,NL
desklabes,deskalbes,deskalb,desklab,NL
desklabes,deskalbes,deskalb,desklab,NL
desklabes,desklabes,desklab,desklab,NL
desklabes,desklabes,desklab,desklab,NL
desklabes,desklabes,desklab,desklab,NL
desklabes,desklabes,desklab,desklab,NL
desklabes,desklabes,desklab,desklab,NL
desklabes,desklabes,desklab,desklab,NL
desklabes,desklabes,desklab,desklab,NL
desklabes,desklabes,desklab,desklab,NL
desklabes,desklabes,desklab,desklab,NL
desklabes,desklabes,desklab,desklab,NL
desklabes,desklabes,desklab,desklab,NL
desklabes,desklabes,desklab,desklab,NL
desklabes,desklabes,desklab,desklab,NL
desklabes,desklabes,desklab,desklab,NL
desklabes,desklabes,desklab,desklab,NL
desklabes,desklabes,desklab,desklab,NL
desklabes,deskalbes,deskalb,desklab,NL
desklabes,desklabes,desklab,desklab,NL
desklabes,desklabes,desklab,desklab,NL
desklabes,desklabes,desklab,desklab,NL
desklabes,deskalbes,deskalb,desklab,NL
desklabes,deskalbes,deskalb,desklab,NL
desklabes,deskalbes,deskalb,desklab,NL
desklabes,deskalbes,deskalb,desklab,NL
desklabes,deskalbes,deskalb,desklab,NL
desklabes,deskalbes,deskalb,desklab,NL
desklabes,deskalbes,deskalb,desklab,NL
desklabes,deskalbes,deskalb,desklab,NL
desklabes,deskalbes,deskalb,desklab,NL
desklabes,deskalbes,deskalb,desklab,NL
desklabes,deskalbes,deskalb,desklab,NL
desklabes,deskalbes,deskalb,desklab,NL
desklabes,deskalbes,deskalb,desklab,NL
desklabes,deskalbes,deskalb,desklab,NL
desklabes,deskalbes,deskalb,desklab,NL
desklabes,deskalbes,deskalb,desklab,NL
desklabe,deskalbe,deskalb,desklab,NL
desklabe,deskalbe,deskalb,desklab,NL
desklabe,deskalbe,deskalb,desklab,NL
desklabe,deskalbe,deskalb,desklab,NL
desklabe,deskalbe,deskalb,desklab,NL
desklabe,deskalbe,deskalb,desklab,NL
desklabe,deskalbe,deskalb,desklab,NL
desklabe,deskalbe,deskalb,desklab,NL
desklabe,deskalbe,deskalb,desklab,NL
desklabe,deskalbe,deskalb,desklab,NL
desklabe,deskalbe,deskalb,desklab,NL
desklabe,deskalbe,deskalb,desklab,NL
desklabe,deskalbe,deskalb,desklab,NL
desklabe,deskalbe,deskalb,desklab,NL
desklabe,deskalbe,deskalb,desklab,NL
desklabe,deskalbe,deskalb,desklab,NL
desklabe,deskalbe,deskalb,desklab,NL
desklabe,deskalbe,deskalb,desklab,NL
desklabe,deskalbe,deskalb,desklab,NL
desklabe,desklabe,desklab,desklab,NL
desklabe,desklabe,desklab,desklab,NL
desklabe,desklabe,desklab,desklab,NL
desklabe,desklabe,desklab,desklab,NL
desklabe,desklabe,desklab,desklab,NL
desklabe,desklabe,desklab,desklab,NL
desklabe,desklabe,desklab,desklab,NL
desklabe,desklabe,desklab,desklab,NL
desklabe,desklabe,desklab,desklab,NL
desklabe,desklabe,desklab,desklab,NL
desklabe,desklabe,desklab,desklab,NL
desklabe,desklabe,desklab,desklab,NL
desklabe,desklabe,desklab,desklab,NL
desklabe,desklabe,desklab,desklab,NL
desklabe,desklabe,desklab,desklab,NL
desklabe,desklabe,desklab,desklab,NL
desklabe,desklabe,desklab,desklab,NL
desklabe,desklabe,desklab,desklab,NL
desklabe,desklabe,desklab,desklab,NL
desklabe,desklabe,desklab,desklab,NL
desklabe,desklabe,desklab,desklab,NL
desklabe,deskalbe,deskalb,desklab,NL
desklabe,deskalbe,deskalb,desklab,NL
desklabe,deskalbe,deskalb,desklab,NL
desklabe,deskalbe,deskalb,desklab,NL
desklabe,deskalbe,deskalb,desklab,NL
desklabe,deskalbe,deskalb,desklab,NL
desklabe,deskalbe,deskalb,desklab,NL
desklabe,deskalbe,deskalb,desklab,NL
desklabe,deskalbe,deskalb,desklab,NL
desklabe,deskalbe,deskalb,desklab,NL
desklabe,deskalbe,deskalb,desklab,NL
desklabe,deskalbe,deskalb,desklab,NL
desklabe,desklabe,desklab,desklab,NL
desklabe,desklabe,desklab,desklab,NL
desklabe,desklabe,desklab,desklab,NL
desklabe,deskalbe,deskalb,desklab,NL
desklabe,deskalbe,deskalb,desklab,NL
desklabe,deskalbe,deskalb,desklab,NL
desklabe,deskalbe,deskalb,desklab,NL
desklabe,deskalbe,deskalb,desklab,NL
desklabe,deskalbe,deskalb,desklab,NL
desklabe,deskalbe,deskalb,desklab,NL
desklabe,deskalbe,deskalb,desklab,NL
desklabe,deskalbe,deskalb,desklab,NL
desklabe,deskalbe,deskalb,desklab,NL
desklabe,deskalbe,deskalb,desklab,NL
desklabe,deskalbe,deskalb,desklab,NL
desklabe,deskalbe,deskalb,desklab,NL
desklabe,deskalbe,deskalb,desklab,NL
desklabe,deskalbe,deskalb,desklab,NL
desklabe,deskalbe,deskalb,desklab,NL
desklabe,deskalbe,deskalb,desklab,NL
desklabe,deskalbe,deskalb,desklab,NL
desklabe,deskalbe,deskalb,desklab,NL
desklabe,desklabe,desklab,desklab,NL
desklabe,desklabe,desklab,desklab,NL
desklabe,desklabe,desklab,desklab,NL
desklabe,desklabe,desklab,desklab,NL
desklabe,desklabe,desklab,desklab,NL
desklabe,desklabe,desklab,desklab,NL
desklabe,desklabe,desklab,desklab,NL
desklabe,desklabe,desklab,desklab,NL
desklabe,desklabe,desklab,desklab,NL
desklabe,desklabe,desklab,desklab,NL
desklabe,desklabe,desklab,desklab,NL
desklabe,desklabe,desklab,desklab,NL
desklabe,desklabe,desklab,desklab,NL
desklabe,desklabe,desklab,desklab,NL
desklabe,desklabe,desklab,desklab,NL
desklabe,desklabe,desklab,desklab,NL
desklabe,desklabe,desklab,desklab,NL
desklabe,desklabe,desklab,desklab,NL
desklabe,desklabe,desklab,desklab,NL
desklabe,desklabe,desklab,desklab,NL
desklabe,desklabe,desklab,desklab,NL
desklabe,deskalbe,deskalb,desklab,NL
desklabe,deskalbe,deskalb,desklab,NL
desklabe,deskalbe,deskalb,desklab,NL
desklabe,deskalbe,deskalb,desklab,NL
desklabe,deskalbe,deskalb,desklab,NL
desklabe,deskalbe,deskalb,desklab,NL
desklabe,deskalbe,deskalb,desklab,NL
desklabe,deskalbe,deskalb,desklab,NL
desklabe,deskalbe,deskalb,desklab,NL
desklabe,deskalbe,deskalb,desklab,NL
desklabe,deskalbe,deskalb,desklab,NL
desklabe,deskalbe,deskalb,desklab,NL
desklabe,desklabe,desklab,desklab,NL
desklabe,desklabe,desklab,desklab,NL
desklabe,deskalbe,deskalb,desklab,NL
desklabo,deskalbo,deskalb,desklab,NL
desklabo,deskalbo,deskalb,desklab,NL
desklabo,deskalbo,deskalb,desklab,NL
desklabo,deskalbo,deskalb,desklab,NL
desklabo,deskalbo,deskalb,desklab,NL
desklabo,deskalbo,deskalb,desklab,NL
desklabo,deskalbo,deskalb,desklab,NL
desklabo,deskalbo,deskalb,desklab,NL
desklabo,deskalbo,deskalb,desklab,NL
desklabo,deskalbo,deskalb,desklab,NL
desklabo,deskalbo,deskalb,desklab,NL
desklabo,deskalbo,deskalb,desklab,NL
desklabo,deskalbo,deskalb,desklab,NL
desklabo,deskalbo,deskalb,desklab,NL
desklabo,deskalbo,deskalb,desklab,NL
desklabo,deskalbo,deskalb,desklab,NL
desklabo,deskalbo,deskalb,desklab,NL
desklabo,deskalbo,deskalb,desklab,NL
desklabo,deskalbo,deskalb,desklab,NL
desklabo,desklabo,desklab,desklab,NL
desklabo,desklabo,desklab,desklab,NL
desklabo,desklabo,desklab,desklab,NL
desklabo,desklabo,desklab,desklab,NL
desklabo,desklabo,desklab,desklab,NL
desklabo,desklabo,desklab,desklab,NL
desklabo,desklabo,desklab,desklab,NL
desklabo,desklabo,desklab,desklab,NL
desklabo,desklabo,desklab,desklab,NL
desklabo,desklabo,desklab,desklab,NL
desklabo,desklabo,desklab,desklab,NL
desklabo,desklabo,desklab,desklab,NL
desklabo,desklabo,desklab,desklab,NL
desklabo,desklabo,desklab,desklab,NL
desklabo,desklabo,desklab,desklab,NL
desklabo,desklabo,desklab,desklab,NL
desklabo,deskalbo,deskalb,desklab,NL
desklabo,desklabo,desklab,desklab,NL
desklabo,desklabo,desklab,desklab,NL
desklabo,desklabo,desklab,desklab,NL
desklabo,desklabo,desklab,desklab,NL
desklabo,deskalbo,deskalb,desklab,NL
desklabo,deskalbo,deskalb,desklab,NL
desklabo,deskalbo,deskalb,desklab,NL
desklabo,deskalbo,deskalb,desklab,NL
desklabo,deskalbo,deskalb,desklab,NL
desklabo,deskalbo,deskalb,desklab,NL
desklabo,deskalbo,deskalb,desklab,NL
desklabo,deskalbo,deskalb,desklab,NL
desklabo,deskalbo,deskalb,desklab,NL
desklabo,deskalbo,deskalb,desklab,NL
desklabo,deskalbo,deskalb,desklab,NL
desklabo,deskalbo,deskalb,desklab,NL
desklabo,desklabo,desklab,desklab,NL
desklabo,desklabo,desklab,desklab,NL
desklabo,desklabo,desklab,desklab,NL
likenisejs,likenisejs,likenis,likenis,NL
likenisejs,likenisejs,likenis,likenis,NL
likenisejs,likenisejs,likenis,likenis,NL
likenisejs,likenisejs,likenis,likenis,NL
likenisejs,likenisejs,likenis,likenis,NL
likenisejs,likenisejs,likenis,likenis,NL
likenisejs,likenisejs,likenis,likenis,NL
likenisejs,likenisejs,likenis,likenis,NL
likenisejs,likenisejs,likenis,likenis,NL
likenisejs,likenisejs,likenis,likenis,NL
likenisejs,likenisejs,likenis,likenis,NL
likenisejs,likenisejs,likenis,likenis,NL
likenisejs,likenisejs,likenis,likenis,NL
likenisejs,likenisejs,likenis,likenis,NL
likenisejs,likenisejs,likenis,likenis,NL
likenisejs,likenisejs,likenis,likenis,NL
likenisejs,likenisejs,likenis,likenis,NL
likenisejs,likenisejs,likenis,likenis,NL
likenisejs,likenisejs,likenis,likenis,NL
likenisejs,likenisejs,likenis,likenis,NL
likenisejs,likenisejs,likenis,likenis,NL
likenisejs,likenisejs,likenis,likenis,NL
likenisejs,likenisejs,likenis,likenis,NL
likenisejs,likenisejs,likenis,likenis,NL
likenisejs,likenisejs,likenis,likenis,NL
likenisejs,likenisejs,likenis,likenis,NL
likenisejs,likenisejs,likenis,likenis,NL
likenisejs,likenisejs,likenis,likenis,NL
likenisejs,likenisejs,likenis,likenis,NL
likenisejs,likenisejs,likenis,likenis,NL
likenisejs,likenisejs,likenis,likenis,NL
likenisejs,likenisejs,likenis,likenis,NL
likenisejs,likenisejs,likenis,likenis,NL
likenisejs,likenisejs,likenis,likenis,NL
likenisejs,likenisejs,likenis,likenis,NL
likenisejs,likenisejs,likenis,likenis,NL
likenisejs,likenisejs,likenis,likenis,NL
likenisejs,likenisejs,likenis,likenis,NL
likenisejs,likenisejs,likenis,likenis,NL
likenisejs,likenisejs,likenis,likenis,NL
likenisejs,likenisejs,likenis,likenis,NL
likenisejs,likenisejs,likenis,likenis,NL
likenisejs,likenisejs,likenis,likenis,NL
likenisejs,likenisejs,likenis,likenis,NL
likenisejs,likenisejs,likenis,likenis,NL
likenisejs,likenisejs,likenis,likenis,NL
likenisejs,likenisejs,likenis,likenis,NL
likenisejs,likenisejs,likenis,likenis,NL
likenisejs,likenisejs,likenis,likenis,NL
likenisejs,likenisejs,likenis,likenis,NL
likenisejs,likenisejs,likenis,likenis,NL
likenisejs,likenisejs,likenis,likenis,NL
likenisejs,likenisejs,likenis,likenis,NL
likenisejs,likenisejs,likenis,likenis,NL
likenisejs,likenisejs,likenis,likenis,NL
likenisemos,likenisemos,likenis,likenis,NL
likenisemos,likenisemos,likenis,likenis,NL
likenisemos,likenisemos,likenis,likenis,NL
likenisemos,likenisemos,likenis,likenis,NL
likenisemos,likenisemos,likenis,likenis,NL
likenisemos,likenisemos,likenis,likenis,NL
likenisemos,likenisemos,likenis,likenis,NL
likenisemos,likenisemos,likenis,likenis,NL
likenisemos,likenisemos,likenis,likenis,NL
likenisemos,likenisemos,likenis,likenis,NL
likenisemos,likenisemos,likenis,likenis,NL
likenisemos,likenisemos,likenis,likenis,NL
likenisemos,likenisemos,likenis,likenis,NL
likenisemos,likenisemos,likenis,likenis,NL
likenisemos,likenisemos,likenis,likenis,NL
likenisemos,likenisemos,likenis,likenis,NL
likenisemos,likenisemos,likenis,likenis,NL
likenisemos,likenisemos,likenis,likenis,NL
likenisemos,likenisemos,likenis,likenis,NL
likenisemos,likenisemos,likenis,likenis,NL
likenisemos,likenisemos,likenis,likenis,NL
likenisemos,likenisemos,likenis,likenis,NL
likenisemos,likenisemos,likenis,likenis,NL
likenisemos,likenisemos,likenis,likenis,NL
likenisemos,likenisemos,likenis,likenis,NL
likenisemos,likenisemos,likenis,likenis,NL
likenisemos,likenisemos,likenis,likenis,NL
likenisemos,likenisemos,likenis,likenis,NL
likenisemos,likenisemos,likenis,likenis,NL
likenisemos,likenisemos,likenis,likenis,NL
likenisemos,likenisemos,likenis,likenis,NL
likenisemos,likenisemos,likenis,likenis,NL
likenisemos,likenisemos,likenis,likenis,NL
likenisemos,likenisemos,likenis,likenis,NL
likenisemos,likenisemos,likenis,likenis,NL
likenisemos,likenisemos,likenis,likenis,NL
likenisemos,likenisemos,likenis,likenis,NL
likenisemos,likenisemos,likenis,likenis,NL
likenisemos,likenisemos,likenis,likenis,NL
likenisemos,likenisemos,likenis,likenis,NL
likenisemos,likenisemos,likenis,likenis,NL
likenisemos,likenisemos,likenis,likenis,NL
likenisemos,likenisemos,likenis,likenis,NL
likenisemos,likenisemos,likenis,likenis,NL
likenisemos,likenisemos,likenis,likenis,NL
likenisemos,likenisemos,likenis,likenis,NL
likenisemos,likenisemos,likenis,likenis,NL
likenisemos,likenisemos,likenis,likenis,NL
likenisemos,likenisemos,likenis,likenis,NL
likenisemos,likenisemos,likenis,likenis,NL
likenisemos,likenisemos,likenis,likenis,NL
likenisemos,likenisemos,likenis,likenis,NL
likenisemos,likenisemos,likenis,likenis,NL
likenisemos,likenisemos,likenis,likenis,NL
likenisemos,likenisemos,likenis,likenis,NL
likenisen,likenisen,likenis,likenis,NL
likenisen,likenisen,likenis,likenis,NL
likenisen,likenisen,likenis,likenis,NL
likenisen,likenisen,likenis,likenis,NL
likenisen,likenisen,likenis,likenis,NL
likenisen,likenisen,likenis,likenis,NL
likenisen,likenisen,likenis,likenis,NL
likenisen,likenisen,likenis,likenis,NL
likenisen,likenisen,likenis,likenis,NL
likenisen,likenisen,likenis,likenis,NL
likenisen,likenisen,likenis,likenis,NL
likenisen,likenisen,likenis,likenis,NL
likenisen,likenisen,likenis,likenis,NL
likenisen,likenisen,likenis,likenis,NL
likenisen,likenisen,likenis,likenis,NL
likenisen,likenisen,likenis,likenis,NL
likenisen,likenisen,likenis,likenis,NL
likenisen,likenisen,likenis,likenis,NL
likenisen,likenisen,likenis,likenis,NL
likenisen,likenisen,likenis,likenis,NL
likenisen,likenisen,likenis,likenis,NL
likenisen,likenisen,likenis,likenis,NL
likenisen,likenisen,likenis,likenis,NL
likenisen,likenisen,likenis,likenis,NL
likenisen,likenisen,likenis,likenis,NL
likenisen,likenisen,likenis,likenis,NL
likenisen,likenisen,likenis,likenis,NL
likenisen,likenisen,likenis,likenis,NL
likenisen,likenisen,likenis,likenis,NL
likenisen,likenisen,likenis,likenis,NL
likenisen,likenisen,likenis,likenis,NL
likenisen,likenisen,likenis,likenis,NL
likenisen,likenisen,likenis,likenis,NL
likenisen,likenisen,likenis,likenis,NL
likenisen,likenisen,likenis,likenis,NL
likenisen,likenisen,likenis,likenis,NL
likenisen,likenisen,likenis,likenis,NL
likenisen,likenisen,likenis,likenis,NL
likenisen,likenisen,likenis,likenis,NL
likenisen,likenisen,likenis,likenis,NL
likenisen,likenisen,likenis,likenis,NL
likenisen,likenisen,likenis,likenis,NL
likenisen,likenisen,likenis,likenis,NL
likenisen,likenisen,likenis,likenis,NL
likenisen,likenisen,likenis,likenis,NL
likenisen,likenisen,likenis,likenis,NL
likenisen,likenisen,likenis,likenis,NL
likenisen,likenisen,likenis,likenis,NL
likenisen,likenisen,likenis,likenis,NL
likenisen,likenisen,likenis,likenis,NL
likenisen,likenisen,likenis,likenis,NL
likenisen,likenisen,likenis,likenis,NL
likenisen,likenisen,likenis,likenis,NL
likenisen,likenisen,likenis,likenis,NL
likenisen,likenisen,likenis,likenis,NL
likenises,likenises,likenis,likenis,NL
likenises,likenises,likenis,likenis,NL
likenises,likenises,likenis,likenis,NL
likenises,likenises,likenis,likenis,NL
likenises,likenises,likenis,likenis,NL
likenises,likenises,likenis,likenis,NL
likenises,likenises,likenis,likenis,NL
likenises,likenises,likenis,likenis,NL
likenises,likenises,likenis,likenis,NL
likenises,likenises,likenis,likenis,NL
likenises,likenises,likenis,likenis,NL
likenises,likenises,likenis,likenis,NL
likenises,likenises,likenis,likenis,NL
likenises,likenises,likenis,likenis,NL
likenises,likenises,likenis,likenis,NL
likenises,likenises,likenis,likenis,NL
likenises,likenises,likenis,likenis,NL
likenises,likenises,likenis,likenis,NL
likenises,likenises,likenis,likenis,NL
likenises,likenises,likenis,likenis,NL
likenises,likenises,likenis,likenis,NL
likenises,likenises,likenis,likenis,NL
likenises,likenises,likenis,likenis,NL
likenises,likenises,likenis,likenis,NL
likenises,likenises,likenis,likenis,NL
likenises,likenises,likenis,likenis,NL
likenises,likenises,likenis,likenis,NL
likenises,likenises,likenis,likenis,NL
likenises,likenises,likenis,likenis,NL
likenises,likenises,likenis,likenis,NL
likenises,likenises,likenis,likenis,NL
likenises,likenises,likenis,likenis,NL
likenises,likenises,likenis,likenis,NL
likenises,likenises,likenis,likenis,NL
likenises,likenises,likenis,likenis,NL
likenises,likenises,likenis,likenis,NL
likenises,likenises,likenis,likenis,NL
likenises,likenises,likenis,likenis,NL
likenises,likenises,likenis,likenis,NL
likenises,likenises,likenis,likenis,NL
likenises,likenises,likenis,likenis,NL
likenises,likenises,likenis,likenis,NL
likenises,likenises,likenis,likenis,NL
likenises,likenises,likenis,likenis,NL
likenises,likenises,likenis,likenis,NL
likenises,likenises,likenis,likenis,NL
likenises,likenises,likenis,likenis,NL
likenises,likenises,likenis,likenis,NL
likenises,likenises,likenis,likenis,NL
likenises,likenises,likenis,likenis,NL
likenises,likenises,likenis,likenis,NL
likenises,likenises,likenis,likenis,NL
likenises,likenises,likenis,likenis,NL
likenises,likenises,likenis,likenis,NL
likenises,likenises,likenis,likenis,NL
likenise,likenise,likenis,likenis,NL
likenise,likenise,likenis,likenis,NL
likenise,likenise,likenis,likenis,NL
likenise,likenise,likenis,likenis,NL
likenise,likenise,likenis,likenis,NL
likenise,likenise,likenis,likenis,NL
likenise,likenise,likenis,likenis,NL
likenise,likenise,likenis,likenis,NL
likenise,likenise,likenis,likenis,NL
likenise,likenise,likenis,likenis,NL
likenise,likenise,likenis,likenis,NL
likenise,likenise,likenis,likenis,NL
likenise,likenise,likenis,likenis,NL
likenise,likenise,likenis,likenis,NL
likenise,likenise,likenis,likenis,NL
likenise,likenise,likenis,likenis,NL
likenise,likenise,likenis,likenis,NL
likenise,likenise,likenis,likenis,NL
likenise,likenise,likenis,likenis,NL
likenise,likenise,likenis,likenis,NL
likenise,likenise,likenis,likenis,NL
likenise,likenise,likenis,likenis,NL
likenise,likenise,likenis,likenis,NL
likenise,likenise,likenis,likenis,NL
likenise,likenise,likenis,likenis,NL
likenise,likenise,likenis,likenis,NL
likenise,likenise,likenis,likenis,NL
likenise,likenise,likenis,likenis,NL
likenise,likenise,likenis,likenis,NL
likenise,likenise,likenis,likenis,NL
likenise,likenise,likenis,likenis,NL
likenise,likenise,likenis,likenis,NL
likenise,likenise,likenis,likenis,NL
likenise,likenise,likenis,likenis,NL
likenise,likenise,likenis,likenis,NL
likenise,likenise,likenis,likenis,NL
likenise,likenise,likenis,likenis,NL
likenise,likenise,likenis,likenis,NL
likenise,likenise,likenis,likenis,NL
likenise,likenise,likenis,likenis,NL
likenise,likenise,likenis,likenis,NL
likenise,likenise,likenis,likenis,NL
likenise,likenise,likenis,likenis,NL
likenise,likenise,likenis,likenis,NL
likenise,likenise,likenis,likenis,NL
likenise,likenise,likenis,likenis,NL
likenise,likenise,likenis,likenis,NL
likenise,likenise,likenis,likenis,NL
likenise,likenise,likenis,likenis,NL
likenise,likenise,likenis,likenis,NL
likenise,likenise,likenis,likenis,NL
likenise,likenise,likenis,likenis,NL
likenise,likenise,likenis,likenis,NL
likenise,likenise,likenis,likenis,NL
likenise,likenise,likenis,likenis,NL
likenise,likenise,likenis,likenis,NL
likenise,likenise,likenis,likenis,NL
likenise,likenise,likenis,likenis,NL
likenise,likenise,likenis,likenis,NL
likenise,likenise,likenis,likenis,NL
likenise,likenise,likenis,likenis,NL
likenise,likenise,likenis,likenis,NL
likenise,likenise,likenis,likenis,NL
likenise,likenise,likenis,likenis,NL
likenise,likenise,likenis,likenis,NL
likenise,likenise,likenis,likenis,NL
likenise,likenise,likenis,likenis,NL
likenise,likenise,likenis,likenis,NL
likenise,likenise,likenis,likenis,NL
likenise,likenise,likenis,likenis,NL
likenise,likenise,likenis,likenis,NL
likenise,likenise,likenis,likenis,NL
likenise,likenise,likenis,likenis,NL
likenise,likenise,likenis,likenis,NL
likenise,likenise,likenis,likenis,NL
likenise,likenise,likenis,likenis,NL
likenise,likenise,likenis,likenis,NL
likenise,likenise,likenis,likenis,NL
likenise,likenise,likenis,likenis,NL
likenise,likenise,likenis,likenis,NL
likenise,likenise,likenis,likenis,NL
likenise,likenise,likenis,likenis,NL
likenise,likenise,likenis,likenis,NL
likenise,likeneska,likenesk,likenis,NL
likenise,likenise,likenis,likenis,NL
likenise,likenise,likenis,likenis,NL
likenise,likenise,likenis,likenis,NL
likenise,likenise,likenis,likenis,NL
likenise,likenise,likenis,likenis,NL
likenise,likenise,likenis,likenis,NL
likenise,likenise,likenis,likenis,NL
likenise,likenise,likenis,likenis,NL
likenise,likenise,likenis,likenis,NL
likenise,likenise,likenis,likenis,NL
likenise,likenise,likenis,likenis,NL
likenise,likenise,likenis,likenis,NL
likenise,likenise,likenis,likenis,NL
likenise,likenise,likenis,likenis,NL
likenise,likenise,likenis,likenis,NL
likenise,likenise,likenis,likenis,NL
likenise,likenise,likenis,likenis,NL
likenise,likenise,likenis,likenis,NL
likenise,likenise,likenis,likenis,NL
likenise,likenise,likenis,likenis,NL
likenise,likenise,likenis,likenis,NL
likenise,likenise,likenis,likenis,NL
likenise,likenise,likenis,likenis,NL
likenise,likeneska,likenesk,likenis,NL
likenise,likenise,likenis,likenis,NL
likenise,likenise,likenis,likenis,NL
likenisajs,likenisajs,likenis,likenis,NL
likenisajs,likenisajs,likenis,likenis,NL
likenisajs,likenisajs,likenis,likenis,NL
likenisajs,likenisajs,likenis,likenis,NL
likenisajs,likenisajs,likenis,likenis,NL
likenisajs,likenisajs,likenis,likenis,NL
likenisajs,likenisajs,likenis,likenis,NL
likenisajs,likenisajs,likenis,likenis,NL
likenisajs,likenisajs,likenis,likenis,NL
likenisajs,likenisajs,likenis,likenis,NL
likenisajs,likenisajs,likenis,likenis,NL
likenisajs,likenisajs,likenis,likenis,NL
likenisajs,likenisajs,likenis,likenis,NL
likenisajs,likenisajs,likenis,likenis,NL
likenisajs,likenisajs,likenis,likenis,NL
likenisajs,likenisajs,likenis,likenis,NL
likenisajs,likenisajs,likenis,likenis,NL
likenisajs,likenisajs,likenis,likenis,NL
likenisajs,likenisajs,likenis,likenis,NL
likenisajs,likenisajs,likenis,likenis,NL
likenisajs,likenisajs,likenis,likenis,NL
likenisajs,likenisajs,likenis,likenis,NL
likenisajs,likenesis,likenes,likenis,NL
likenisajs,likenisajs,likenis,likenis,NL
likenisajs,likenisajs,likenis,likenis,NL
likenisajs,likenisajs,likenis,likenis,NL
likenisajs,likenisajs,likenis,likenis,NL
likenisajs,likenesis,likenes,likenis,NL
likenisajs,likenesis,likenes,likenis,NL
likenisajs,likenesis,likenes,likenis,NL
likenisajs,likenisajs,likenis,likenis,NL
likenisajs,likenisajs,likenis,likenis,NL
likenisajs,likenesis,likenes,likenis,NL
likenisajs,likenisajs,likenis,likenis,NL
likenisajs,likenisajs,likenis,likenis,NL
likenisajs,likenisajs,likenis,likenis,NL
likenisajs,likenisajs,likenis,likenis,NL
likenisajs,likenisajs,likenis,likenis,NL
likenisajs,likenisajs,likenis,likenis,NL
likenisajs,likenisajs,likenis,likenis,NL
likenisajs,likenisajs,likenis,likenis,NL
likenisajs,likenisajs,likenis,likenis,NL
likenisajs,likenisajs,likenis,likenis,NL
likenisajs,likenisajs,likenis,likenis,NL
likenisajs,likenisajs,likenis,likenis,NL
likenisajs,likenisajs,likenis,likenis,NL
likenisajs,likenisajs,likenis,likenis,NL
likenisajs,likenisajs,likenis,likenis,NL
likenisajs,likenisajs,likenis,likenis,NL
likenisajs,likenesis,likenes,likenis,NL
likenisajs,likenesis,likenes,likenis,NL
likenisajs,likenisajs,likenis,likenis,NL
likenisajs,likenesis,likenes,likenis,NL
likenisajs,likenesis,likenes,likenis,NL
likenisajs,likenesis,likenes,likenis,NL
likenisamos,likenisamos,likenis,likenis,NL
likenisamos,likenisamos,likenis,likenis,NL
likenisamos,likenisamos,likenis,likenis,NL
likenisamos,likenisamos,likenis,likenis,NL
likenisamos,likenisamos,likenis,likenis,NL
likenisamos,likenisamos,likenis,likenis,NL
likenisamos,likenisamos,likenis,likenis,NL
likenisamos,likenisamos,likenis,likenis,NL
likenisamos,likenisamos,likenis,likenis,NL
likenisamos,likenisamos,likenis,likenis,NL
likenisamos,likenisamos,likenis,likenis,NL
likenisamos,likenisamos,likenis,likenis,NL
likenisamos,likenisamos,likenis,likenis,NL
likenisamos,likenisamos,likenis,likenis,NL
likenisamos,likenisamos,likenis,likenis,NL
likenisamos,likenisamos,likenis,likenis,NL
likenisamos,likenisamos,likenis,likenis,NL
likenisamos,likenisamos,likenis,likenis,NL
likenisamos,likenisamos,likenis,likenis,NL
likenisamos,likenesimos,likenes,likenis,NL
likenisamos,likenesimos,likenes,likenis,NL
likenisamos,likenesimos,likenes,likenis,NL
likenisamos,likenesimos,likenes,likenis,NL
likenisamos,likenisamos,likenis,likenis,NL
likenisamos,likenisamos,likenis,likenis,NL
likenisamos,likenisamos,likenis,likenis,NL
likenisamos,likenisamos,likenis,likenis,NL
likenisamos,likenesimos,likenes,likenis,NL
likenisamos,likenesimos,likenes,likenis,NL
likenisamos,likenesimos,likenes,likenis,NL
likenisamos,likenesimos,likenes,likenis,NL
likenisamos,likenisamos,likenis,likenis,NL
likenisamos,likenesimos,likenes,likenis,NL
likenisamos,likenisamos,likenis,likenis,NL
likenisamos,likenesimos,likenes,likenis,NL
likenisamos,likenisamos,likenis,likenis,NL
likenisamos,likenisamos,likenis,likenis,NL
likenisamos,likenisamos,likenis,likenis,NL
likenisamos,likenisamos,likenis,likenis,NL
likenisamos,likenesimos,likenes,likenis,NL
likenisamos,likenisamos,likenis,likenis,NL
likenisamos,likenisamos,likenis,likenis,NL
likenisamos,likenisamos,likenis,likenis,NL
likenisamos,likenesimos,likenes,likenis,NL
likenisamos,likenesimos,likenes,likenis,NL
likenisamos,likenisamos,likenis,likenis,NL
likenisamos,likenisamos,likenis,likenis,NL
likenisamos,likenisamos,likenis,likenis,NL
likenisamos,likenisamos,likenis,likenis,NL
likenisamos,likenesimos,likenes,likenis,NL
likenisamos,likenesimos,likenes,likenis,NL
likenisamos,likenesimos,likenes,likenis,NL
likenisamos,likenesimos,likenes,likenis,NL
likenisamos,likenesimos,likenes,likenis,NL
likenisamos,likenesimos,likenes,likenis,NL
likenisan,likenisan,likenis,likenis,NL
likenisan,likenisan,likenis,likenis,NL
likenisan,likenisan,likenis,likenis,NL
likenisan,likenisan,likenis,likenis,NL
likenisan,likenisan,likenis,likenis,NL
likenisan,likenisan,likenis,likenis,NL
likenisan,likenisan,likenis,likenis,NL
likenisan,likenisan,likenis,likenis,NL
likenisan,likenisan,likenis,likenis,NL
likenisan,likenisan,likenis,likenis,NL
likenisan,likenisan,likenis,likenis,NL
likenisan,likenisan,likenis,likenis,NL
likenisan,likenisan,likenis,likenis,NL
likenisan,likenisan,likenis,likenis,NL
likenisan,likenisan,likenis,likenis,NL
likenisan,likenisan,likenis,likenis,NL
likenisan,likenisan,likenis,likenis,NL
likenisan,likenisan,likenis,likenis,NL
likenisan,likenisan,likenis,likenis,NL
likenisan,likenisan,likenis,likenis,NL
likenisan,likenisan,likenis,likenis,NL
likenisan,likenisan,likenis,likenis,NL
likenisan,likenesen,likenes,likenis,NL
likenisan,likenisan,likenis,likenis,NL
likenisan,likenisan,likenis,likenis,NL
likenisan,likenisan,likenis,likenis,NL
likenisan,likenisan,likenis,likenis,NL
likenisan,likenesen,likenes,likenis,NL
likenisan,likenesen,likenes,likenis,NL
likenisan,likenesen,likenes,likenis,NL
likenisan,likenisan,likenis,likenis,NL
likenisan,likenesen,likenes,likenis,NL
likenisan,likenesen,likenes,likenis,NL
likenisan,likenisan,likenis,likenis,NL
likenisan,likenisan,likenis,likenis,NL
likenisan,likenisan,likenis,likenis,NL
likenisan,likenisan,likenis,likenis,NL
likenisan,likenisan,likenis,likenis,NL
likenisan,likenisan,likenis,likenis,NL
likenisan,likenisan,likenis,likenis,NL
likenisan,likenisan,likenis,likenis,NL
likenisan,likenisan,likenis,likenis,NL
likenisan,likenisan,likenis,likenis,NL
likenisan,likenisan,likenis,likenis,NL
likenisan,likenisan,likenis,likenis,NL
likenisan,likenisan,likenis,likenis,NL
likenisan,likenisan,likenis,likenis,NL
likenisan,likenisan,likenis,likenis,NL
likenisan,likenisan,likenis,likenis,NL
likenisan,likenisan,likenis,likenis,NL
likenisan,likenisan,likenis,likenis,NL
likenisan,likenisan,likenis,likenis,NL
likenisan,likenesen,likenes,likenis,NL
likenisan,likenesen,likenes,likenis,NL
likenisan,likenisan,likenis,likenis,NL
likenisas,likenisas,likenis,likenis,NL
likenisas,likenisas,likenis,likenis,NL
likenisas,likenisas,likenis,likenis,NL
likenisas,likenisas,likenis,likenis,NL
likenisas,likenisas,likenis,likenis,NL
likenisas,likenisas,likenis,likenis,NL
likenisas,likenisas,likenis,likenis,NL
likenisas,likenisas,likenis,likenis,NL
likenisas,likenisas,likenis,likenis,NL
likenisas,likenisas,likenis,likenis,NL
likenisas,likenisas,likenis,likenis,NL
likenisas,likenisas,likenis,likenis,NL
likenisas,likenisas,likenis,likenis,NL
likenisas,likenisas,likenis,likenis,NL
likenisas,likenisas,likenis,likenis,NL
likenisas,likenisas,likenis,likenis,NL
likenisas,likenisas,likenis,likenis,NL
likenisas,likenisas,likenis,likenis,NL
likenisas,likenisas,likenis,likenis,NL
likenisas,likenisas,likenis,likenis,NL
likenisas,likenisas,likenis,likenis,NL
likenisas,likeneses,likenes,likenis,NL
likenisas,likeneses,likenes,likenis,NL
likenisas,likenisas,likenis,likenis,NL
likenisas,likenisas,likenis,likenis,NL
likenisas,likeneses,likenes,likenis,NL
likenisas,likenisas,likenis,likenis,NL
likenisas,likeneses,likenes,likenis,NL
likenisas,likeneses,likenes,likenis,NL
likenisas,likeneses,likenes,likenis,NL
likenisas,likenisas,likenis,likenis,NL
likenisas,likeneses,likenes,likenis,NL
likenisas,likeneses,likenes,likenis,NL
likenisas,likeneses,likenes,likenis,NL
likenisas,likenisas,likenis,likenis,NL
likenisas,likenisas,likenis,likenis,NL
likenisas,likenisas,likenis,likenis,NL
likenisas,likenisas,likenis,likenis,NL
likenisas,likenisas,likenis,likenis,NL
likenisas,likenisas,likenis,likenis,NL
likenisas,likenisas,likenis,likenis,NL
likenisas,likenisas,likenis,likenis,NL
likenisas,likenisas,likenis,likenis,NL
likenisas,likeneses,likenes,likenis,NL
likenisas,likenisas,likenis,likenis,NL
likenisas,likenisas,likenis,likenis,NL
likenisas,likenisas,likenis,likenis,NL
likenisas,likenisas,likenis,likenis,NL
likenisas,likenisas,likenis,likenis,NL
likenisas,likenisas,likenis,likenis,NL
likenisas,likenisas,likenis,likenis,NL
likenisas,likenisas,likenis,likenis,NL
likenisas,likeneses,likenes,likenis,NL
likenisas,likenisas,likenis,likenis,NL
likenisas,likenisas,likenis,likenis,NL
likenisa,likenisa,likenis,likenis,NL
likenisa,likenisa,likenis,likenis,NL
likenisa,likenisa,likenis,likenis,NL
likenisa,likenisa,likenis,likenis,NL
likenisa,likenisa,likenis,likenis,NL
likenisa,likenisa,likenis,likenis,NL
likenisa,likenisa,likenis,likenis,NL
likenisa,likenisa,likenis,likenis,NL
likenisa,likenisa,likenis,likenis,NL
likenisa,likenisa,likenis,likenis,NL
likenisa,likenisa,likenis,likenis,NL
likenisa,likenisa,likenis,likenis,NL
likenisa,likenisa,likenis,likenis,NL
likenisa,likenisa,likenis,likenis,NL
likenisa,likenisa,likenis,likenis,NL
likenisa,likenisa,likenis,likenis,NL
likenisa,likenisa,likenis,likenis,NL
likenisa,likenisa,likenis,likenis,NL
likenisa,likenisa,likenis,likenis,NL
likenisa,likenisa,likenis,likenis,NL
likenisa,likenisa,likenis,likenis,NL
likenisa,likenisa,likenis,likenis,NL
likenisa,likenese,likenes,likenis,NL
likenisa,likenisa,likenis,likenis,NL
likenisa,likenisa,likenis,likenis,NL
likenisa,likenisa,likenis,likenis,NL
likenisa,likenisa,likenis,likenis,NL
likenisa,likenese,likenes,likenis,NL
likenisa,likenese,likenes,likenis,NL
likenisa,likenese,likenes,likenis,NL
likenisa,likenisa,likenis,likenis,NL
likenisa,likenese,likenes,likenis,NL
likenisa,likenese,likenes,likenis,NL
likenisa,likenese,likenes,likenis,NL
likenisa,likenisa,likenis,likenis,NL
likenisa,likenisa,likenis,likenis,NL
likenisa,likenisa,likenis,likenis,NL
likenisa,likenisa,likenis,likenis,NL
likenisa,likenisa,likenis,likenis,NL
likenisa,likenisa,likenis,likenis,NL
likenisa,likenisa,likenis,likenis,NL
likenisa,likenisa,likenis,likenis,NL
likenisa,likenisa,likenis,likenis,NL
likenisa,likenese,likenes,likenis,NL
likenisa,likenisa,likenis,likenis,NL
likenisa,likenisa,likenis,likenis,NL
likenisa,likenisa,likenis,likenis,NL
likenisa,likenisa,likenis,likenis,NL
likenisa,likenisa,likenis,likenis,NL
likenisa,likenisa,likenis,likenis,NL
likenisa,likenisa,likenis,likenis,NL
likenisa,likenisa,likenis,likenis,NL
likenisa,likenese,likenes,likenis,NL
likenisa,likenisa,likenis,likenis,NL
likenisa,likenese,likenes,likenis,NL
likeniso,likeniso,likenis,likenis,NL
likeniso,likeniso,likenis,likenis,NL
likeniso,likeniso,likenis,likenis,NL
likeniso,likeniso,likenis,likenis,NL
likeniso,likeniso,likenis,likenis,NL
likeniso,likeniso,likenis,likenis,NL
likeniso,likeniso,likenis,likenis,NL
likeniso,likeniso,likenis,likenis,NL
likeniso,likeniso,likenis,likenis,NL
likeniso,likeniso,likenis,likenis,NL
likeniso,likeniso,likenis,likenis,NL
likeniso,likeniso,likenis,likenis,NL
likeniso,likeniso,likenis,likenis,NL
likeniso,likeniso,likenis,likenis,NL
likeniso,likeniso,likenis,likenis,NL
likeniso,likeniso,likenis,likenis,NL
likeniso,likeniso,likenis,likenis,NL
likeniso,likeniso,likenis,likenis,NL
likeniso,likeniso,likenis,likenis,NL
likeniso,likeniso,likenis,likenis,NL
likeniso,likeniso,likenis,likenis,NL
likeniso,likeniso,likenis,likenis,NL
likeniso,likeniso,likenis,likenis,NL
likeniso,likeniso,likenis,likenis,NL
likeniso,likeniso,likenis,likenis,NL
likeniso,likeniso,likenis,likenis,NL
likeniso,likeniso,likenis,likenis,NL
likeniso,likeniso,likenis,likenis,NL
likeniso,likeniso,likenis,likenis,NL
likeniso,likeniso,likenis,likenis,NL
likeniso,likeniso,likenis,likenis,NL
likeniso,likeniso,likenis,likenis,NL
likeniso,likeniso,likenis,likenis,NL
likeniso,likeniso,likenis,likenis,NL
likeniso,likeniso,likenis,likenis,NL
likeniso,likeniso,likenis,likenis,NL
likeniso,likeniso,likenis,likenis,NL
likeniso,likeniso,likenis,likenis,NL
likeniso,likeniso,likenis,likenis,NL
likeniso,likeniso,likenis,likenis,NL
likeniso,likeniso,likenis,likenis,NL
likeniso,likeniso,likenis,likenis,NL
likeniso,likeniso,likenis,likenis,NL
likeniso,likeniso,likenis,likenis,NL
likeniso,likeniso,likenis,likenis,NL
likeniso,likeniso,likenis,likenis,NL
likeniso,likeniso,likenis,likenis,NL
likeniso,likeniso,likenis,likenis,NL
likeniso,likeniso,likenis,likenis,NL
likeniso,likeniso,likenis,likenis,NL
likeniso,likeniso,likenis,likenis,NL
likeniso,likeniso,likenis,likenis,NL
likeniso,likeniso,likenis,likenis,NL
likeniso,likeniso,likenis,likenis,NL
likeniso,likeniso,likenis,likenis,NL
suboɾdinajs,suboɾdinajs,suboɾdin,suboɾdin,NL
suboɾdinajs,suboɾdinajs,suboɾdin,suboɾdin,NL
suboɾdinajs,suboɾdinajs,suboɾdin,suboɾdin,NL
suboɾdinajs,suboɾdinajs,suboɾdin,suboɾdin,NL
suboɾdinajs,suboɾdinajs,suboɾdin,suboɾdin,NL
suboɾdinajs,suboɾdinajs,suboɾdin,suboɾdin,NL
suboɾdinajs,suboɾdinajs,suboɾdin,suboɾdin,NL
suboɾdinajs,suboɾdinajs,suboɾdin,suboɾdin,NL
suboɾdinajs,suboɾdinajs,suboɾdin,suboɾdin,NL
suboɾdinajs,suboɾdinajs,suboɾdin,suboɾdin,NL
suboɾdinajs,suboɾdinajs,suboɾdin,suboɾdin,NL
suboɾdinajs,suboɾdinajs,suboɾdin,suboɾdin,NL
suboɾdinajs,suboɾdinajs,suboɾdin,suboɾdin,NL
suboɾdinajs,suboɾdinajs,suboɾdin,suboɾdin,NL
suboɾdinajs,suboɾdinajs,suboɾdin,suboɾdin,NL
suboɾdinajs,suboɾdinajs,suboɾdin,suboɾdin,NL
suboɾdinajs,suboɾdinajs,suboɾdin,suboɾdin,NL
suboɾdinajs,suboɾdinajs,suboɾdin,suboɾdin,NL
suboɾdinajs,suboɾdinajs,suboɾdin,suboɾdin,NL
suboɾdinajs,suboɾdinajs,suboɾdin,suboɾdin,NL
suboɾdinajs,suboɾdinajs,suboɾdin,suboɾdin,NL
suboɾdinajs,suboɾdinajs,suboɾdin,suboɾdin,NL
suboɾdinajs,suboɾdinajs,suboɾdin,suboɾdin,NL
suboɾdinajs,suboɾdinajs,suboɾdin,suboɾdin,NL
suboɾdinajs,suboɾdinajs,suboɾdin,suboɾdin,NL
suboɾdinajs,suboɾdinajs,suboɾdin,suboɾdin,NL
suboɾdinajs,suboɾdinajs,suboɾdin,suboɾdin,NL
suboɾdinajs,suboɾdinajs,suboɾdin,suboɾdin,NL
suboɾdinajs,suboɾdinajs,suboɾdin,suboɾdin,NL
suboɾdinajs,suboɾdinajs,suboɾdin,suboɾdin,NL
suboɾdinajs,suboɾdinajs,suboɾdin,suboɾdin,NL
suboɾdinajs,suboɾdinajs,suboɾdin,suboɾdin,NL
suboɾdinajs,suboɾdinajs,suboɾdin,suboɾdin,NL
suboɾdinajs,suboɾdinajs,suboɾdin,suboɾdin,NL
suboɾdinajs,suboɾdinajs,suboɾdin,suboɾdin,NL
suboɾdinajs,suboɾdinajs,suboɾdin,suboɾdin,NL
suboɾdinajs,suboɾdinajs,suboɾdin,suboɾdin,NL
suboɾdinajs,suboɾdinajs,suboɾdin,suboɾdin,NL
suboɾdinajs,suboɾdinajs,suboɾdin,suboɾdin,NL
suboɾdinajs,suboɾdinajs,suboɾdin,suboɾdin,NL
suboɾdinajs,suboɾdinajs,suboɾdin,suboɾdin,NL
suboɾdinajs,suboɾdinajs,suboɾdin,suboɾdin,NL
suboɾdinajs,suboɾdinajs,suboɾdin,suboɾdin,NL
suboɾdinajs,suboɾdinajs,suboɾdin,suboɾdin,NL
suboɾdinajs,suboɾdinajs,suboɾdin,suboɾdin,NL
suboɾdinajs,suboɾdinajs,suboɾdin,suboɾdin,NL
suboɾdinajs,suboɾdinajs,suboɾdin,suboɾdin,NL
suboɾdinajs,suboɾdinajs,suboɾdin,suboɾdin,NL
suboɾdinajs,suboɾdinajs,suboɾdin,suboɾdin,NL
suboɾdinajs,suboɾdinajs,suboɾdin,suboɾdin,NL
suboɾdinajs,suboɾdinajs,suboɾdin,suboɾdin,NL
suboɾdinajs,suboɾdinajs,suboɾdin,suboɾdin,NL
suboɾdinajs,suboɾdinajs,suboɾdin,suboɾdin,NL
suboɾdinajs,suboɾdinajs,suboɾdin,suboɾdin,NL
suboɾdinajs,suboɾdinajs,suboɾdin,suboɾdin,NL
suboɾdinamos,suboɾdinamos,suboɾdin,suboɾdin,NL
suboɾdinamos,suboɾdinamos,suboɾdin,suboɾdin,NL
suboɾdinamos,suboɾdinamos,suboɾdin,suboɾdin,NL
suboɾdinamos,suboɾdinamos,suboɾdin,suboɾdin,NL
suboɾdinamos,suboɾdinamos,suboɾdin,suboɾdin,NL
suboɾdinamos,suboɾdinamos,suboɾdin,suboɾdin,NL
suboɾdinamos,suboɾdinamos,suboɾdin,suboɾdin,NL
suboɾdinamos,suboɾdinamos,suboɾdin,suboɾdin,NL
suboɾdinamos,suboɾdinamos,suboɾdin,suboɾdin,NL
suboɾdinamos,suboɾdinamos,suboɾdin,suboɾdin,NL
suboɾdinamos,suboɾdinamos,suboɾdin,suboɾdin,NL
suboɾdinamos,suboɾdinamos,suboɾdin,suboɾdin,NL
suboɾdinamos,suboɾdinamos,suboɾdin,suboɾdin,NL
suboɾdinamos,suboɾdinamos,suboɾdin,suboɾdin,NL
suboɾdinamos,suboɾdinamos,suboɾdin,suboɾdin,NL
suboɾdinamos,suboɾdinamos,suboɾdin,suboɾdin,NL
suboɾdinamos,suboɾdinamos,suboɾdin,suboɾdin,NL
suboɾdinamos,suboɾdinamos,suboɾdin,suboɾdin,NL
suboɾdinamos,suboɾdinamos,suboɾdin,suboɾdin,NL
suboɾdinamos,suboɾdinamos,suboɾdin,suboɾdin,NL
suboɾdinamos,suboɾdinamos,suboɾdin,suboɾdin,NL
suboɾdinamos,suboɾdinamos,suboɾdin,suboɾdin,NL
suboɾdinamos,suboɾdinamos,suboɾdin,suboɾdin,NL
suboɾdinamos,suboɾdinamos,suboɾdin,suboɾdin,NL
suboɾdinamos,suboɾdinamos,suboɾdin,suboɾdin,NL
suboɾdinamos,suboɾdinamos,suboɾdin,suboɾdin,NL
suboɾdinamos,suboɾdinamos,suboɾdin,suboɾdin,NL
suboɾdinamos,suboɾdinamos,suboɾdin,suboɾdin,NL
suboɾdinamos,suboɾdinamos,suboɾdin,suboɾdin,NL
suboɾdinamos,suboɾdinamos,suboɾdin,suboɾdin,NL
suboɾdinamos,suboɾdinamos,suboɾdin,suboɾdin,NL
suboɾdinamos,suboɾdinamos,suboɾdin,suboɾdin,NL
suboɾdinamos,suboɾdinamos,suboɾdin,suboɾdin,NL
suboɾdinamos,suboɾdinamos,suboɾdin,suboɾdin,NL
suboɾdinamos,suboɾdinamos,suboɾdin,suboɾdin,NL
suboɾdinamos,suboɾdinamos,suboɾdin,suboɾdin,NL
suboɾdinamos,suboɾdinamos,suboɾdin,suboɾdin,NL
suboɾdinamos,suboɾdinamos,suboɾdin,suboɾdin,NL
suboɾdinamos,suboɾdinamos,suboɾdin,suboɾdin,NL
suboɾdinamos,suboɾdinamos,suboɾdin,suboɾdin,NL
suboɾdinamos,suboɾdinamos,suboɾdin,suboɾdin,NL
suboɾdinamos,suboɾdinamos,suboɾdin,suboɾdin,NL
suboɾdinamos,suboɾdinamos,suboɾdin,suboɾdin,NL
suboɾdinamos,suboɾdinamos,suboɾdin,suboɾdin,NL
suboɾdinamos,suboɾdinamos,suboɾdin,suboɾdin,NL
suboɾdinamos,suboɾdinamos,suboɾdin,suboɾdin,NL
suboɾdinamos,suboɾdinamos,suboɾdin,suboɾdin,NL
suboɾdinamos,suboɾdinamos,suboɾdin,suboɾdin,NL
suboɾdinamos,suboɾdinamos,suboɾdin,suboɾdin,NL
suboɾdinamos,suboɾdinamos,suboɾdin,suboɾdin,NL
suboɾdinamos,suboɾdinamos,suboɾdin,suboɾdin,NL
suboɾdinamos,suboɾdinamos,suboɾdin,suboɾdin,NL
suboɾdinamos,suboɾdinamos,suboɾdin,suboɾdin,NL
suboɾdinamos,suboɾdinamos,suboɾdin,suboɾdin,NL
suboɾdinamos,suboɾdinamos,suboɾdin,suboɾdin,NL
suboɾdinan,suboɾdinan,suboɾdin,suboɾdin,NL
suboɾdinan,suboɾdinan,suboɾdin,suboɾdin,NL
suboɾdinan,suboɾdinan,suboɾdin,suboɾdin,NL
suboɾdinan,suboɾdinan,suboɾdin,suboɾdin,NL
suboɾdinan,suboɾdinan,suboɾdin,suboɾdin,NL
suboɾdinan,suboɾdinan,suboɾdin,suboɾdin,NL
suboɾdinan,suboɾdinan,suboɾdin,suboɾdin,NL
suboɾdinan,suboɾdinan,suboɾdin,suboɾdin,NL
suboɾdinan,suboɾdinan,suboɾdin,suboɾdin,NL
suboɾdinan,suboɾdinan,suboɾdin,suboɾdin,NL
suboɾdinan,suboɾdinan,suboɾdin,suboɾdin,NL
suboɾdinan,suboɾdinan,suboɾdin,suboɾdin,NL
suboɾdinan,suboɾdinan,suboɾdin,suboɾdin,NL
suboɾdinan,suboɾdinan,suboɾdin,suboɾdin,NL
suboɾdinan,suboɾdinan,suboɾdin,suboɾdin,NL
suboɾdinan,suboɾdinan,suboɾdin,suboɾdin,NL
suboɾdinan,suboɾdinan,suboɾdin,suboɾdin,NL
suboɾdinan,suboɾdinan,suboɾdin,suboɾdin,NL
suboɾdinan,suboɾdinan,suboɾdin,suboɾdin,NL
suboɾdinan,suboɾdinan,suboɾdin,suboɾdin,NL
suboɾdinan,suboɾdinan,suboɾdin,suboɾdin,NL
suboɾdinan,suboɾdinan,suboɾdin,suboɾdin,NL
suboɾdinan,suboɾdinan,suboɾdin,suboɾdin,NL
suboɾdinan,suboɾdinan,suboɾdin,suboɾdin,NL
suboɾdinan,suboɾdinan,suboɾdin,suboɾdin,NL
suboɾdinan,suboɾdinan,suboɾdin,suboɾdin,NL
suboɾdinan,suboɾdinan,suboɾdin,suboɾdin,NL
suboɾdinan,suboɾdinan,suboɾdin,suboɾdin,NL
suboɾdinan,suboɾdinan,suboɾdin,suboɾdin,NL
suboɾdinan,suboɾdinan,suboɾdin,suboɾdin,NL
suboɾdinan,suboɾdinan,suboɾdin,suboɾdin,NL
suboɾdinan,suboɾdinan,suboɾdin,suboɾdin,NL
suboɾdinan,suboɾdinan,suboɾdin,suboɾdin,NL
suboɾdinan,suboɾdinan,suboɾdin,suboɾdin,NL
suboɾdinan,suboɾdinan,suboɾdin,suboɾdin,NL
suboɾdinan,suboɾdinan,suboɾdin,suboɾdin,NL
suboɾdinan,suboɾdinan,suboɾdin,suboɾdin,NL
suboɾdinan,suboɾdinan,suboɾdin,suboɾdin,NL
suboɾdinan,suboɾdinan,suboɾdin,suboɾdin,NL
suboɾdinan,suboɾdinan,suboɾdin,suboɾdin,NL
suboɾdinan,suboɾdinan,suboɾdin,suboɾdin,NL
suboɾdinan,suboɾdinan,suboɾdin,suboɾdin,NL
suboɾdinan,suboɾdinan,suboɾdin,suboɾdin,NL
suboɾdinan,suboɾdinan,suboɾdin,suboɾdin,NL
suboɾdinan,suboɾdinan,suboɾdin,suboɾdin,NL
suboɾdinan,suboɾdinan,suboɾdin,suboɾdin,NL
suboɾdinan,suboɾdinan,suboɾdin,suboɾdin,NL
suboɾdinan,suboɾdinan,suboɾdin,suboɾdin,NL
suboɾdinan,suboɾdinan,suboɾdin,suboɾdin,NL
suboɾdinan,suboɾdinan,suboɾdin,suboɾdin,NL
suboɾdinan,suboɾdinan,suboɾdin,suboɾdin,NL
suboɾdinan,suboɾdinan,suboɾdin,suboɾdin,NL
suboɾdinan,suboɾdinan,suboɾdin,suboɾdin,NL
suboɾdinan,suboɾdinan,suboɾdin,suboɾdin,NL
suboɾdinan,suboɾdinan,suboɾdin,suboɾdin,NL
suboɾdinas,suboɾdinas,suboɾdin,suboɾdin,NL
suboɾdinas,suboɾdinas,suboɾdin,suboɾdin,NL
suboɾdinas,suboɾdinas,suboɾdin,suboɾdin,NL
suboɾdinas,suboɾdinas,suboɾdin,suboɾdin,NL
suboɾdinas,suboɾdinas,suboɾdin,suboɾdin,NL
suboɾdinas,suboɾdinas,suboɾdin,suboɾdin,NL
suboɾdinas,suboɾdinas,suboɾdin,suboɾdin,NL
suboɾdinas,suboɾdinas,suboɾdin,suboɾdin,NL
suboɾdinas,suboɾdinas,suboɾdin,suboɾdin,NL
suboɾdinas,suboɾdinas,suboɾdin,suboɾdin,NL
suboɾdinas,suboɾdinas,suboɾdin,suboɾdin,NL
suboɾdinas,suboɾdinas,suboɾdin,suboɾdin,NL
suboɾdinas,suboɾdinas,suboɾdin,suboɾdin,NL
suboɾdinas,suboɾdinas,suboɾdin,suboɾdin,NL
suboɾdinas,suboɾdinas,suboɾdin,suboɾdin,NL
suboɾdinas,suboɾdinas,suboɾdin,suboɾdin,NL
suboɾdinas,suboɾdinas,suboɾdin,suboɾdin,NL
suboɾdinas,suboɾdinas,suboɾdin,suboɾdin,NL
suboɾdinas,suboɾdinas,suboɾdin,suboɾdin,NL
suboɾdinas,suboɾdinas,suboɾdin,suboɾdin,NL
suboɾdinas,suboɾdinas,suboɾdin,suboɾdin,NL
suboɾdinas,suboɾdinas,suboɾdin,suboɾdin,NL
suboɾdinas,suboɾdinas,suboɾdin,suboɾdin,NL
suboɾdinas,suboɾdinas,suboɾdin,suboɾdin,NL
suboɾdinas,suboɾdinas,suboɾdin,suboɾdin,NL
suboɾdinas,suboɾdinas,suboɾdin,suboɾdin,NL
suboɾdinas,suboɾdinas,suboɾdin,suboɾdin,NL
suboɾdinas,suboɾdinas,suboɾdin,suboɾdin,NL
suboɾdinas,suboɾdinas,suboɾdin,suboɾdin,NL
suboɾdinas,suboɾdinas,suboɾdin,suboɾdin,NL
suboɾdinas,suboɾdinas,suboɾdin,suboɾdin,NL
suboɾdinas,suboɾdinas,suboɾdin,suboɾdin,NL
suboɾdinas,suboɾdinas,suboɾdin,suboɾdin,NL
suboɾdinas,suboɾdinas,suboɾdin,suboɾdin,NL
suboɾdinas,suboɾdinas,suboɾdin,suboɾdin,NL
suboɾdinas,suboɾdinas,suboɾdin,suboɾdin,NL
suboɾdinas,suboɾdinas,suboɾdin,suboɾdin,NL
suboɾdinas,suboɾdinas,suboɾdin,suboɾdin,NL
suboɾdinas,suboɾdinas,suboɾdin,suboɾdin,NL
suboɾdinas,suboɾdinas,suboɾdin,suboɾdin,NL
suboɾdinas,suboɾdinas,suboɾdin,suboɾdin,NL
suboɾdinas,suboɾdinas,suboɾdin,suboɾdin,NL
suboɾdinas,suboɾdinas,suboɾdin,suboɾdin,NL
suboɾdinas,suboɾdinas,suboɾdin,suboɾdin,NL
suboɾdinas,suboɾdinas,suboɾdin,suboɾdin,NL
suboɾdinas,suboɾdinas,suboɾdin,suboɾdin,NL
suboɾdinas,suboɾdinas,suboɾdin,suboɾdin,NL
suboɾdinas,suboɾdinas,suboɾdin,suboɾdin,NL
suboɾdinas,suboɾdinas,suboɾdin,suboɾdin,NL
suboɾdinas,suboɾdinas,suboɾdin,suboɾdin,NL
suboɾdinas,suboɾdinas,suboɾdin,suboɾdin,NL
suboɾdinas,suboɾdinas,suboɾdin,suboɾdin,NL
suboɾdinas,suboɾdinas,suboɾdin,suboɾdin,NL
suboɾdinas,suboɾdinas,suboɾdin,suboɾdin,NL
suboɾdinas,suboɾdinas,suboɾdin,suboɾdin,NL
suboɾdina,suboɾdina,suboɾdin,suboɾdin,NL
suboɾdina,suboɾdina,suboɾdin,suboɾdin,NL
suboɾdina,suboɾdina,suboɾdin,suboɾdin,NL
suboɾdina,suboɾdina,suboɾdin,suboɾdin,NL
suboɾdina,suboɾdina,suboɾdin,suboɾdin,NL
suboɾdina,suboɾdina,suboɾdin,suboɾdin,NL
suboɾdina,suboɾdina,suboɾdin,suboɾdin,NL
suboɾdina,suboɾdina,suboɾdin,suboɾdin,NL
suboɾdina,suboɾdina,suboɾdin,suboɾdin,NL
suboɾdina,suboɾdina,suboɾdin,suboɾdin,NL
suboɾdina,suboɾdina,suboɾdin,suboɾdin,NL
suboɾdina,suboɾdina,suboɾdin,suboɾdin,NL
suboɾdina,suboɾdina,suboɾdin,suboɾdin,NL
suboɾdina,suboɾdina,suboɾdin,suboɾdin,NL
suboɾdina,suboɾdina,suboɾdin,suboɾdin,NL
suboɾdina,suboɾdina,suboɾdin,suboɾdin,NL
suboɾdina,suboɾdina,suboɾdin,suboɾdin,NL
suboɾdina,suboɾdina,suboɾdin,suboɾdin,NL
suboɾdina,suboɾdina,suboɾdin,suboɾdin,NL
suboɾdina,suboɾdina,suboɾdin,suboɾdin,NL
suboɾdina,suboɾdina,suboɾdin,suboɾdin,NL
suboɾdina,suboɾdina,suboɾdin,suboɾdin,NL
suboɾdina,suboɾdina,suboɾdin,suboɾdin,NL
suboɾdina,suboɾdina,suboɾdin,suboɾdin,NL
suboɾdina,suboɾdina,suboɾdin,suboɾdin,NL
suboɾdina,suboɾdina,suboɾdin,suboɾdin,NL
suboɾdina,suboɾdina,suboɾdin,suboɾdin,NL
suboɾdina,suboɾdina,suboɾdin,suboɾdin,NL
suboɾdina,suboɾdina,suboɾdin,suboɾdin,NL
suboɾdina,suboɾdina,suboɾdin,suboɾdin,NL
suboɾdina,suboɾdina,suboɾdin,suboɾdin,NL
suboɾdina,suboɾdina,suboɾdin,suboɾdin,NL
suboɾdina,suboɾdina,suboɾdin,suboɾdin,NL
suboɾdina,suboɾdina,suboɾdin,suboɾdin,NL
suboɾdina,suboɾdina,suboɾdin,suboɾdin,NL
suboɾdina,suboɾdina,suboɾdin,suboɾdin,NL
suboɾdina,suboɾdina,suboɾdin,suboɾdin,NL
suboɾdina,suboɾdina,suboɾdin,suboɾdin,NL
suboɾdina,suboɾdina,suboɾdin,suboɾdin,NL
suboɾdina,suboɾdina,suboɾdin,suboɾdin,NL
suboɾdina,suboɾdina,suboɾdin,suboɾdin,NL
suboɾdina,suboɾdina,suboɾdin,suboɾdin,NL
suboɾdina,suboɾdina,suboɾdin,suboɾdin,NL
suboɾdina,suboɾdina,suboɾdin,suboɾdin,NL
suboɾdina,suboɾdina,suboɾdin,suboɾdin,NL
suboɾdina,suboɾdina,suboɾdin,suboɾdin,NL
suboɾdina,suboɾdina,suboɾdin,suboɾdin,NL
suboɾdina,suboɾdina,suboɾdin,suboɾdin,NL
suboɾdina,suboɾdina,suboɾdin,suboɾdin,NL
suboɾdina,suboɾdina,suboɾdin,suboɾdin,NL
suboɾdina,suboɾdina,suboɾdin,suboɾdin,NL
suboɾdina,suboɾdina,suboɾdin,suboɾdin,NL
suboɾdina,suboɾdina,suboɾdin,suboɾdin,NL
suboɾdina,suboɾdina,suboɾdin,suboɾdin,NL
suboɾdina,suboɾdina,suboɾdin,suboɾdin,NL
suboɾdinejs,suboɾdinejs,suboɾdin,suboɾdin,NL
suboɾdinejs,suboɾdinejs,suboɾdin,suboɾdin,NL
suboɾdinejs,suboɾdinejs,suboɾdin,suboɾdin,NL
suboɾdinejs,suboɾdinejs,suboɾdin,suboɾdin,NL
suboɾdinejs,suboɾdinejs,suboɾdin,suboɾdin,NL
suboɾdinejs,suboɾdinejs,suboɾdin,suboɾdin,NL
suboɾdinejs,suboɾdinejs,suboɾdin,suboɾdin,NL
suboɾdinejs,suboɾdinejs,suboɾdin,suboɾdin,NL
suboɾdinejs,suboɾdinejs,suboɾdin,suboɾdin,NL
suboɾdinejs,suboɾdinejs,suboɾdin,suboɾdin,NL
suboɾdinejs,suboɾdinejs,suboɾdin,suboɾdin,NL
suboɾdinejs,suboɾdinejs,suboɾdin,suboɾdin,NL
suboɾdinejs,suboɾdinejs,suboɾdin,suboɾdin,NL
suboɾdinejs,suboɾdinejs,suboɾdin,suboɾdin,NL
suboɾdinejs,suboɾdinejs,suboɾdin,suboɾdin,NL
suboɾdinejs,suboɾdinejs,suboɾdin,suboɾdin,NL
suboɾdinejs,suboɾdinejs,suboɾdin,suboɾdin,NL
suboɾdinejs,suboɾdinejs,suboɾdin,suboɾdin,NL
suboɾdinejs,suboɾdinejs,suboɾdin,suboɾdin,NL
suboɾdinejs,suboɾdinejs,suboɾdin,suboɾdin,NL
suboɾdinejs,suboɾdinejs,suboɾdin,suboɾdin,NL
suboɾdinejs,suboɾdinejs,suboɾdin,suboɾdin,NL
suboɾdinejs,suboɾdinejs,suboɾdin,suboɾdin,NL
suboɾdinejs,suboɾdinejs,suboɾdin,suboɾdin,NL
suboɾdinejs,suboɾdinejs,suboɾdin,suboɾdin,NL
suboɾdinejs,suboɾdinejs,suboɾdin,suboɾdin,NL
suboɾdinejs,suboɾdinejs,suboɾdin,suboɾdin,NL
suboɾdinejs,suboɾdinejs,suboɾdin,suboɾdin,NL
suboɾdinejs,suboɾdinejs,suboɾdin,suboɾdin,NL
suboɾdinejs,suboɾdinejs,suboɾdin,suboɾdin,NL
suboɾdinejs,suboɾdinejs,suboɾdin,suboɾdin,NL
suboɾdinejs,suboɾdinejs,suboɾdin,suboɾdin,NL
suboɾdinejs,suboɾdinejs,suboɾdin,suboɾdin,NL
suboɾdinejs,suboɾdinejs,suboɾdin,suboɾdin,NL
suboɾdinejs,suboɾdinejs,suboɾdin,suboɾdin,NL
suboɾdinejs,suboɾdinejs,suboɾdin,suboɾdin,NL
suboɾdinejs,suboɾdinejs,suboɾdin,suboɾdin,NL
suboɾdinejs,suboɾdinejs,suboɾdin,suboɾdin,NL
suboɾdinejs,suboɾdinejs,suboɾdin,suboɾdin,NL
suboɾdinejs,suboɾdinejs,suboɾdin,suboɾdin,NL
suboɾdinejs,suboɾdinejs,suboɾdin,suboɾdin,NL
suboɾdinejs,suboɾdinejs,suboɾdin,suboɾdin,NL
suboɾdinejs,suboɾdinejs,suboɾdin,suboɾdin,NL
suboɾdinejs,suboɾdinejs,suboɾdin,suboɾdin,NL
suboɾdinejs,suboɾdinejs,suboɾdin,suboɾdin,NL
suboɾdinejs,suboɾdinejs,suboɾdin,suboɾdin,NL
suboɾdinejs,suboɾdinejs,suboɾdin,suboɾdin,NL
suboɾdinejs,suboɾdinejs,suboɾdin,suboɾdin,NL
suboɾdinejs,suboɾdinejs,suboɾdin,suboɾdin,NL
suboɾdinejs,suboɾdinejs,suboɾdin,suboɾdin,NL
suboɾdinejs,suboɾdinejs,suboɾdin,suboɾdin,NL
suboɾdinejs,suboɾdinejs,suboɾdin,suboɾdin,NL
suboɾdinejs,suboɾdinejs,suboɾdin,suboɾdin,NL
suboɾdinejs,suboɾdinejs,suboɾdin,suboɾdin,NL
suboɾdinejs,suboɾdinejs,suboɾdin,suboɾdin,NL
suboɾdinemos,suboɾdinemos,suboɾdin,suboɾdin,NL
suboɾdinemos,suboɾdinemos,suboɾdin,suboɾdin,NL
suboɾdinemos,suboɾdinemos,suboɾdin,suboɾdin,NL
suboɾdinemos,suboɾdinemos,suboɾdin,suboɾdin,NL
suboɾdinemos,suboɾdinemos,suboɾdin,suboɾdin,NL
suboɾdinemos,suboɾdinemos,suboɾdin,suboɾdin,NL
suboɾdinemos,suboɾdinemos,suboɾdin,suboɾdin,NL
suboɾdinemos,suboɾdinemos,suboɾdin,suboɾdin,NL
suboɾdinemos,suboɾdinemos,suboɾdin,suboɾdin,NL
suboɾdinemos,suboɾdinemos,suboɾdin,suboɾdin,NL
suboɾdinemos,suboɾdinemos,suboɾdin,suboɾdin,NL
suboɾdinemos,suboɾdinemos,suboɾdin,suboɾdin,NL
suboɾdinemos,suboɾdinemos,suboɾdin,suboɾdin,NL
suboɾdinemos,suboɾdinemos,suboɾdin,suboɾdin,NL
suboɾdinemos,suboɾdinemos,suboɾdin,suboɾdin,NL
suboɾdinemos,suboɾdinemos,suboɾdin,suboɾdin,NL
suboɾdinemos,suboɾdinemos,suboɾdin,suboɾdin,NL
suboɾdinemos,suboɾdinemos,suboɾdin,suboɾdin,NL
suboɾdinemos,suboɾdinemos,suboɾdin,suboɾdin,NL
suboɾdinemos,suboɾdinemos,suboɾdin,suboɾdin,NL
suboɾdinemos,suboɾdinemos,suboɾdin,suboɾdin,NL
suboɾdinemos,suboɾdinemos,suboɾdin,suboɾdin,NL
suboɾdinemos,suboɾdinemos,suboɾdin,suboɾdin,NL
suboɾdinemos,suboɾdinemos,suboɾdin,suboɾdin,NL
suboɾdinemos,suboɾdinemos,suboɾdin,suboɾdin,NL
suboɾdinemos,suboɾdinemos,suboɾdin,suboɾdin,NL
suboɾdinemos,suboɾdinemos,suboɾdin,suboɾdin,NL
suboɾdinemos,suboɾdinemos,suboɾdin,suboɾdin,NL
suboɾdinemos,suboɾdinemos,suboɾdin,suboɾdin,NL
suboɾdinemos,suboɾdinemos,suboɾdin,suboɾdin,NL
suboɾdinemos,suboɾdinemos,suboɾdin,suboɾdin,NL
suboɾdinemos,suboɾdinemos,suboɾdin,suboɾdin,NL
suboɾdinemos,suboɾdinemos,suboɾdin,suboɾdin,NL
suboɾdinemos,suboɾdinemos,suboɾdin,suboɾdin,NL
suboɾdinemos,suboɾdinemos,suboɾdin,suboɾdin,NL
suboɾdinemos,suboɾdinemos,suboɾdin,suboɾdin,NL
suboɾdinemos,suboɾdinemos,suboɾdin,suboɾdin,NL
suboɾdinemos,suboɾdinemos,suboɾdin,suboɾdin,NL
suboɾdinemos,suboɾdinemos,suboɾdin,suboɾdin,NL
suboɾdinemos,suboɾdinemos,suboɾdin,suboɾdin,NL
suboɾdinemos,suboɾdinemos,suboɾdin,suboɾdin,NL
suboɾdinemos,suboɾdinemos,suboɾdin,suboɾdin,NL
suboɾdinemos,suboɾdinemos,suboɾdin,suboɾdin,NL
suboɾdinemos,suboɾdinemos,suboɾdin,suboɾdin,NL
suboɾdinemos,suboɾdinemos,suboɾdin,suboɾdin,NL
suboɾdinemos,suboɾdinemos,suboɾdin,suboɾdin,NL
suboɾdinemos,suboɾdinemos,suboɾdin,suboɾdin,NL
suboɾdinemos,suboɾdinemos,suboɾdin,suboɾdin,NL
suboɾdinemos,suboɾdinemos,suboɾdin,suboɾdin,NL
suboɾdinemos,suboɾdinemos,suboɾdin,suboɾdin,NL
suboɾdinemos,suboɾdinemos,suboɾdin,suboɾdin,NL
suboɾdinemos,suboɾdinemos,suboɾdin,suboɾdin,NL
suboɾdinemos,suboɾdinemos,suboɾdin,suboɾdin,NL
suboɾdinemos,suboɾdinemos,suboɾdin,suboɾdin,NL
suboɾdinemos,suboɾdinemos,suboɾdin,suboɾdin,NL
suboɾdinen,suboɾdinen,suboɾdin,suboɾdin,NL
suboɾdinen,suboɾdinen,suboɾdin,suboɾdin,NL
suboɾdinen,suboɾdinen,suboɾdin,suboɾdin,NL
suboɾdinen,suboɾdinen,suboɾdin,suboɾdin,NL
suboɾdinen,suboɾdinen,suboɾdin,suboɾdin,NL
suboɾdinen,suboɾdinen,suboɾdin,suboɾdin,NL
suboɾdinen,suboɾdinen,suboɾdin,suboɾdin,NL
suboɾdinen,suboɾdinen,suboɾdin,suboɾdin,NL
suboɾdinen,suboɾdinen,suboɾdin,suboɾdin,NL
suboɾdinen,suboɾdinen,suboɾdin,suboɾdin,NL
suboɾdinen,suboɾdinen,suboɾdin,suboɾdin,NL
suboɾdinen,suboɾdinen,suboɾdin,suboɾdin,NL
suboɾdinen,suboɾdinen,suboɾdin,suboɾdin,NL
suboɾdinen,suboɾdinen,suboɾdin,suboɾdin,NL
suboɾdinen,suboɾdinen,suboɾdin,suboɾdin,NL
suboɾdinen,suboɾdinen,suboɾdin,suboɾdin,NL
suboɾdinen,suboɾdinen,suboɾdin,suboɾdin,NL
suboɾdinen,suboɾdinen,suboɾdin,suboɾdin,NL
suboɾdinen,suboɾdinen,suboɾdin,suboɾdin,NL
suboɾdinen,suboɾdinen,suboɾdin,suboɾdin,NL
suboɾdinen,suboɾdinen,suboɾdin,suboɾdin,NL
suboɾdinen,suboɾdinen,suboɾdin,suboɾdin,NL
suboɾdinen,suboɾdinen,suboɾdin,suboɾdin,NL
suboɾdinen,suboɾdinen,suboɾdin,suboɾdin,NL
suboɾdinen,suboɾdinen,suboɾdin,suboɾdin,NL
suboɾdinen,suboɾdinen,suboɾdin,suboɾdin,NL
suboɾdinen,suboɾdinen,suboɾdin,suboɾdin,NL
suboɾdinen,suboɾdinen,suboɾdin,suboɾdin,NL
suboɾdinen,suboɾdinen,suboɾdin,suboɾdin,NL
suboɾdinen,suboɾdinen,suboɾdin,suboɾdin,NL
suboɾdinen,suboɾdinen,suboɾdin,suboɾdin,NL
suboɾdinen,suboɾdinen,suboɾdin,suboɾdin,NL
suboɾdinen,suboɾdinen,suboɾdin,suboɾdin,NL
suboɾdinen,suboɾdinen,suboɾdin,suboɾdin,NL
suboɾdinen,suboɾdinen,suboɾdin,suboɾdin,NL
suboɾdinen,suboɾdinen,suboɾdin,suboɾdin,NL
suboɾdinen,suboɾdinen,suboɾdin,suboɾdin,NL
suboɾdinen,suboɾdinen,suboɾdin,suboɾdin,NL
suboɾdinen,suboɾdinen,suboɾdin,suboɾdin,NL
suboɾdinen,suboɾdinen,suboɾdin,suboɾdin,NL
suboɾdinen,suboɾdinen,suboɾdin,suboɾdin,NL
suboɾdinen,suboɾdinen,suboɾdin,suboɾdin,NL
suboɾdinen,suboɾdinen,suboɾdin,suboɾdin,NL
suboɾdinen,suboɾdinen,suboɾdin,suboɾdin,NL
suboɾdinen,suboɾdinen,suboɾdin,suboɾdin,NL
suboɾdinen,suboɾdinen,suboɾdin,suboɾdin,NL
suboɾdinen,suboɾdinen,suboɾdin,suboɾdin,NL
suboɾdinen,suboɾdinen,suboɾdin,suboɾdin,NL
suboɾdinen,suboɾdinen,suboɾdin,suboɾdin,NL
suboɾdinen,suboɾdinen,suboɾdin,suboɾdin,NL
suboɾdinen,suboɾdinen,suboɾdin,suboɾdin,NL
suboɾdinen,suboɾdinen,suboɾdin,suboɾdin,NL
suboɾdinen,suboɾdinen,suboɾdin,suboɾdin,NL
suboɾdinen,suboɾdinen,suboɾdin,suboɾdin,NL
suboɾdinen,suboɾdinen,suboɾdin,suboɾdin,NL
suboɾdines,suboɾdines,suboɾdin,suboɾdin,NL
suboɾdines,suboɾdines,suboɾdin,suboɾdin,NL
suboɾdines,suboɾdines,suboɾdin,suboɾdin,NL
suboɾdines,suboɾdines,suboɾdin,suboɾdin,NL
suboɾdines,suboɾdines,suboɾdin,suboɾdin,NL
suboɾdines,suboɾdines,suboɾdin,suboɾdin,NL
suboɾdines,suboɾdines,suboɾdin,suboɾdin,NL
suboɾdines,suboɾdines,suboɾdin,suboɾdin,NL
suboɾdines,suboɾdines,suboɾdin,suboɾdin,NL
suboɾdines,suboɾdines,suboɾdin,suboɾdin,NL
suboɾdines,suboɾdines,suboɾdin,suboɾdin,NL
suboɾdines,suboɾdines,suboɾdin,suboɾdin,NL
suboɾdines,suboɾdines,suboɾdin,suboɾdin,NL
suboɾdines,suboɾdines,suboɾdin,suboɾdin,NL
suboɾdines,suboɾdines,suboɾdin,suboɾdin,NL
suboɾdines,suboɾdines,suboɾdin,suboɾdin,NL
suboɾdines,suboɾdines,suboɾdin,suboɾdin,NL
suboɾdines,suboɾdines,suboɾdin,suboɾdin,NL
suboɾdines,suboɾdines,suboɾdin,suboɾdin,NL
suboɾdines,suboɾdines,suboɾdin,suboɾdin,NL
suboɾdines,suboɾdines,suboɾdin,suboɾdin,NL
suboɾdines,suboɾdines,suboɾdin,suboɾdin,NL
suboɾdines,suboɾdines,suboɾdin,suboɾdin,NL
suboɾdines,suboɾdines,suboɾdin,suboɾdin,NL
suboɾdines,suboɾdines,suboɾdin,suboɾdin,NL
suboɾdines,suboɾdines,suboɾdin,suboɾdin,NL
suboɾdines,suboɾdines,suboɾdin,suboɾdin,NL
suboɾdines,suboɾdines,suboɾdin,suboɾdin,NL
suboɾdines,suboɾdines,suboɾdin,suboɾdin,NL
suboɾdines,suboɾdines,suboɾdin,suboɾdin,NL
suboɾdines,suboɾdines,suboɾdin,suboɾdin,NL
suboɾdines,suboɾdines,suboɾdin,suboɾdin,NL
suboɾdines,suboɾdines,suboɾdin,suboɾdin,NL
suboɾdines,suboɾdines,suboɾdin,suboɾdin,NL
suboɾdines,suboɾdines,suboɾdin,suboɾdin,NL
suboɾdines,suboɾdines,suboɾdin,suboɾdin,NL
suboɾdines,suboɾdines,suboɾdin,suboɾdin,NL
suboɾdines,suboɾdines,suboɾdin,suboɾdin,NL
suboɾdines,suboɾdines,suboɾdin,suboɾdin,NL
suboɾdines,suboɾdines,suboɾdin,suboɾdin,NL
suboɾdines,suboɾdines,suboɾdin,suboɾdin,NL
suboɾdines,suboɾdines,suboɾdin,suboɾdin,NL
suboɾdines,suboɾdines,suboɾdin,suboɾdin,NL
suboɾdines,suboɾdines,suboɾdin,suboɾdin,NL
suboɾdines,suboɾdines,suboɾdin,suboɾdin,NL
suboɾdines,suboɾdines,suboɾdin,suboɾdin,NL
suboɾdines,suboɾdines,suboɾdin,suboɾdin,NL
suboɾdines,suboɾdines,suboɾdin,suboɾdin,NL
suboɾdines,suboɾdines,suboɾdin,suboɾdin,NL
suboɾdines,suboɾdines,suboɾdin,suboɾdin,NL
suboɾdines,suboɾdines,suboɾdin,suboɾdin,NL
suboɾdines,suboɾdines,suboɾdin,suboɾdin,NL
suboɾdines,suboɾdines,suboɾdin,suboɾdin,NL
suboɾdines,suboɾdines,suboɾdin,suboɾdin,NL
suboɾdines,suboɾdines,suboɾdin,suboɾdin,NL
suboɾdine,suboɾdine,suboɾdin,suboɾdin,NL
suboɾdine,suboɾdine,suboɾdin,suboɾdin,NL
suboɾdine,suboɾdine,suboɾdin,suboɾdin,NL
suboɾdine,suboɾdine,suboɾdin,suboɾdin,NL
suboɾdine,suboɾdine,suboɾdin,suboɾdin,NL
suboɾdine,suboɾdine,suboɾdin,suboɾdin,NL
suboɾdine,suboɾdine,suboɾdin,suboɾdin,NL
suboɾdine,suboɾdine,suboɾdin,suboɾdin,NL
suboɾdine,suboɾdine,suboɾdin,suboɾdin,NL
suboɾdine,suboɾdine,suboɾdin,suboɾdin,NL
suboɾdine,suboɾdine,suboɾdin,suboɾdin,NL
suboɾdine,suboɾdine,suboɾdin,suboɾdin,NL
suboɾdine,suboɾdine,suboɾdin,suboɾdin,NL
suboɾdine,suboɾdine,suboɾdin,suboɾdin,NL
suboɾdine,suboɾdine,suboɾdin,suboɾdin,NL
suboɾdine,suboɾdine,suboɾdin,suboɾdin,NL
suboɾdine,suboɾdine,suboɾdin,suboɾdin,NL
suboɾdine,suboɾdine,suboɾdin,suboɾdin,NL
suboɾdine,suboɾdine,suboɾdin,suboɾdin,NL
suboɾdine,suboɾdine,suboɾdin,suboɾdin,NL
suboɾdine,suboɾdine,suboɾdin,suboɾdin,NL
suboɾdine,suboɾdine,suboɾdin,suboɾdin,NL
suboɾdine,suboɾdine,suboɾdin,suboɾdin,NL
suboɾdine,suboɾdine,suboɾdin,suboɾdin,NL
suboɾdine,suboɾdine,suboɾdin,suboɾdin,NL
suboɾdine,suboɾdine,suboɾdin,suboɾdin,NL
suboɾdine,suboɾdine,suboɾdin,suboɾdin,NL
suboɾdine,suboɾdine,suboɾdin,suboɾdin,NL
suboɾdine,suboɾdine,suboɾdin,suboɾdin,NL
suboɾdine,suboɾdine,suboɾdin,suboɾdin,NL
suboɾdine,suboɾdine,suboɾdin,suboɾdin,NL
suboɾdine,suboɾdine,suboɾdin,suboɾdin,NL
suboɾdine,suboɾdine,suboɾdin,suboɾdin,NL
suboɾdine,suboɾdine,suboɾdin,suboɾdin,NL
suboɾdine,suboɾdine,suboɾdin,suboɾdin,NL
suboɾdine,suboɾdine,suboɾdin,suboɾdin,NL
suboɾdine,suboɾdine,suboɾdin,suboɾdin,NL
suboɾdine,suboɾdine,suboɾdin,suboɾdin,NL
suboɾdine,suboɾdine,suboɾdin,suboɾdin,NL
suboɾdine,suboɾdine,suboɾdin,suboɾdin,NL
suboɾdine,suboɾdine,suboɾdin,suboɾdin,NL
suboɾdine,suboɾdine,suboɾdin,suboɾdin,NL
suboɾdine,suboɾdine,suboɾdin,suboɾdin,NL
suboɾdine,suboɾdine,suboɾdin,suboɾdin,NL
suboɾdine,suboɾdine,suboɾdin,suboɾdin,NL
suboɾdine,suboɾdine,suboɾdin,suboɾdin,NL
suboɾdine,suboɾdine,suboɾdin,suboɾdin,NL
suboɾdine,suboɾdine,suboɾdin,suboɾdin,NL
suboɾdine,suboɾdine,suboɾdin,suboɾdin,NL
suboɾdine,suboɾdine,suboɾdin,suboɾdin,NL
suboɾdine,suboɾdine,suboɾdin,suboɾdin,NL
suboɾdine,suboɾdine,suboɾdin,suboɾdin,NL
suboɾdine,suboɾdine,suboɾdin,suboɾdin,NL
suboɾdine,suboɾdine,suboɾdin,suboɾdin,NL
suboɾdine,suboɾdine,suboɾdin,suboɾdin,NL
suboɾdine,suboɾdine,suboɾdin,suboɾdin,NL
suboɾdine,suboɾdine,suboɾdin,suboɾdin,NL
suboɾdine,suboɾdine,suboɾdin,suboɾdin,NL
suboɾdine,suboɾdine,suboɾdin,suboɾdin,NL
suboɾdine,suboɾdine,suboɾdin,suboɾdin,NL
suboɾdine,suboɾdine,suboɾdin,suboɾdin,NL
suboɾdine,suboɾdine,suboɾdin,suboɾdin,NL
suboɾdine,suboɾdine,suboɾdin,suboɾdin,NL
suboɾdine,suboɾdine,suboɾdin,suboɾdin,NL
suboɾdine,suboɾdine,suboɾdin,suboɾdin,NL
suboɾdine,suboɾdine,suboɾdin,suboɾdin,NL
suboɾdine,suboɾdine,suboɾdin,suboɾdin,NL
suboɾdine,suboɾdine,suboɾdin,suboɾdin,NL
suboɾdine,suboɾdine,suboɾdin,suboɾdin,NL
suboɾdine,suboɾdine,suboɾdin,suboɾdin,NL
suboɾdine,suboɾdine,suboɾdin,suboɾdin,NL
suboɾdine,suboɾdine,suboɾdin,suboɾdin,NL
suboɾdine,suboɾdine,suboɾdin,suboɾdin,NL
suboɾdine,suboɾdine,suboɾdin,suboɾdin,NL
suboɾdine,suboɾdine,suboɾdin,suboɾdin,NL
suboɾdine,suboɾdine,suboɾdin,suboɾdin,NL
suboɾdine,suboɾdine,suboɾdin,suboɾdin,NL
suboɾdine,suboɾdine,suboɾdin,suboɾdin,NL
suboɾdine,suboɾdine,suboɾdin,suboɾdin,NL
suboɾdine,suboɾdine,suboɾdin,suboɾdin,NL
suboɾdine,suboɾdine,suboɾdin,suboɾdin,NL
suboɾdine,suboɾdine,suboɾdin,suboɾdin,NL
suboɾdine,suboɾdine,suboɾdin,suboɾdin,NL
suboɾdine,suboɾdine,suboɾdin,suboɾdin,NL
suboɾdine,suboɾdine,suboɾdin,suboɾdin,NL
suboɾdine,suboɾdine,suboɾdin,suboɾdin,NL
suboɾdine,suboɾdine,suboɾdin,suboɾdin,NL
suboɾdine,suboɾdine,suboɾdin,suboɾdin,NL
suboɾdine,suboɾdine,suboɾdin,suboɾdin,NL
suboɾdine,suboɾdine,suboɾdin,suboɾdin,NL
suboɾdine,suboɾdine,suboɾdin,suboɾdin,NL
suboɾdine,suboɾdine,suboɾdin,suboɾdin,NL
suboɾdine,suboɾdine,suboɾdin,suboɾdin,NL
suboɾdine,suboɾdine,suboɾdin,suboɾdin,NL
suboɾdine,suboɾdine,suboɾdin,suboɾdin,NL
suboɾdine,suboɾdine,suboɾdin,suboɾdin,NL
suboɾdine,suboɾdine,suboɾdin,suboɾdin,NL
suboɾdine,suboɾdine,suboɾdin,suboɾdin,NL
suboɾdine,suboɾdine,suboɾdin,suboɾdin,NL
suboɾdine,suboɾdine,suboɾdin,suboɾdin,NL
suboɾdine,suboɾdine,suboɾdin,suboɾdin,NL
suboɾdine,suboɾdine,suboɾdin,suboɾdin,NL
suboɾdine,suboɾdine,suboɾdin,suboɾdin,NL
suboɾdine,suboɾdine,suboɾdin,suboɾdin,NL
suboɾdine,suboɾdine,suboɾdin,suboɾdin,NL
suboɾdine,suboɾdine,suboɾdin,suboɾdin,NL
suboɾdine,suboɾdine,suboɾdin,suboɾdin,NL
suboɾdine,suboɾdine,suboɾdin,suboɾdin,NL
suboɾdine,suboɾdine,suboɾdin,suboɾdin,NL
suboɾdine,suboɾdine,suboɾdin,suboɾdin,NL
suboɾdino,suboɾdino,suboɾdin,suboɾdin,NL
suboɾdino,suboɾdino,suboɾdin,suboɾdin,NL
suboɾdino,suboɾdino,suboɾdin,suboɾdin,NL
suboɾdino,suboɾdino,suboɾdin,suboɾdin,NL
suboɾdino,suboɾdino,suboɾdin,suboɾdin,NL
suboɾdino,suboɾdino,suboɾdin,suboɾdin,NL
suboɾdino,suboɾdino,suboɾdin,suboɾdin,NL
suboɾdino,suboɾdino,suboɾdin,suboɾdin,NL
suboɾdino,suboɾdino,suboɾdin,suboɾdin,NL
suboɾdino,suboɾdino,suboɾdin,suboɾdin,NL
suboɾdino,suboɾdino,suboɾdin,suboɾdin,NL
suboɾdino,suboɾdino,suboɾdin,suboɾdin,NL
suboɾdino,suboɾdino,suboɾdin,suboɾdin,NL
suboɾdino,suboɾdino,suboɾdin,suboɾdin,NL
suboɾdino,suboɾdino,suboɾdin,suboɾdin,NL
suboɾdino,suboɾdino,suboɾdin,suboɾdin,NL
suboɾdino,suboɾdino,suboɾdin,suboɾdin,NL
suboɾdino,suboɾdino,suboɾdin,suboɾdin,NL
suboɾdino,suboɾdino,suboɾdin,suboɾdin,NL
suboɾdino,suboɾdino,suboɾdin,suboɾdin,NL
suboɾdino,suboɾdino,suboɾdin,suboɾdin,NL
suboɾdino,suboɾdino,suboɾdin,suboɾdin,NL
suboɾdino,suboɾdino,suboɾdin,suboɾdin,NL
suboɾdino,suboɾdino,suboɾdin,suboɾdin,NL
suboɾdino,suboɾdino,suboɾdin,suboɾdin,NL
suboɾdino,suboɾdino,suboɾdin,suboɾdin,NL
suboɾdino,suboɾdino,suboɾdin,suboɾdin,NL
suboɾdino,suboɾdino,suboɾdin,suboɾdin,NL
suboɾdino,suboɾdino,suboɾdin,suboɾdin,NL
suboɾdino,suboɾdino,suboɾdin,suboɾdin,NL
suboɾdino,suboɾdino,suboɾdin,suboɾdin,NL
suboɾdino,suboɾdino,suboɾdin,suboɾdin,NL
suboɾdino,suboɾdino,suboɾdin,suboɾdin,NL
suboɾdino,suboɾdino,suboɾdin,suboɾdin,NL
suboɾdino,suboɾdino,suboɾdin,suboɾdin,NL
suboɾdino,suboɾdino,suboɾdin,suboɾdin,NL
suboɾdino,suboɾdino,suboɾdin,suboɾdin,NL
suboɾdino,suboɾdino,suboɾdin,suboɾdin,NL
suboɾdino,suboɾdino,suboɾdin,suboɾdin,NL
suboɾdino,suboɾdino,suboɾdin,suboɾdin,NL
suboɾdino,suboɾdino,suboɾdin,suboɾdin,NL
suboɾdino,suboɾdino,suboɾdin,suboɾdin,NL
suboɾdino,suboɾdino,suboɾdin,suboɾdin,NL
suboɾdino,suboɾdino,suboɾdin,suboɾdin,NL
suboɾdino,suboɾdino,suboɾdin,suboɾdin,NL
suboɾdino,suboɾdino,suboɾdin,suboɾdin,NL
suboɾdino,suboɾdino,suboɾdin,suboɾdin,NL
suboɾdino,suboɾdino,suboɾdin,suboɾdin,NL
suboɾdino,suboɾdino,suboɾdin,suboɾdin,NL
suboɾdino,suboɾdino,suboɾdin,suboɾdin,NL
suboɾdino,suboɾdino,suboɾdin,suboɾdin,NL
suboɾdino,suboɾdino,suboɾdin,suboɾdin,NL
suboɾdino,suboɾdino,suboɾdin,suboɾdin,NL
suboɾdino,suboɾdino,suboɾdin,suboɾdin,NL
suboɾdino,suboɾdino,suboɾdin,suboɾdin,NL
essenifikajs,esenenifikajs,esenenifik,essenifik,NL
essenifikajs,esenenifikajs,esenenifik,essenifik,NL
essenifikajs,esenenifikajs,esenenifik,essenifik,NL
essenifikajs,esenenifikajs,esenenifik,essenifik,NL
essenifikajs,esenenifikajs,esenenifik,essenifik,NL
essenifikajs,esenenifikajs,esenenifik,essenifik,NL
essenifikajs,esenenifikajs,esenenifik,essenifik,NL
essenifikajs,esenenifikajs,esenenifik,essenifik,NL
essenifikajs,esenenifikajs,esenenifik,essenifik,NL
essenifikajs,esenenifikajs,esenenifik,essenifik,NL
essenifikajs,esenenifikajs,esenenifik,essenifik,NL
essenifikajs,esenenifikajs,esenenifik,essenifik,NL
essenifikajs,esenenifajs,esenenif,essenifik,NL
essenifikajs,esenenifikajs,esenenifik,essenifik,NL
essenifikajs,esenenifikajs,esenenifik,essenifik,NL
essenifikajs,esenenifikajs,esenenifik,essenifik,NL
essenifikajs,esenenifikajs,esenenifik,essenifik,NL
essenifikajs,esenenifikajs,esenenifik,essenifik,NL
essenifikajs,esenenifikajs,esenenifik,essenifik,NL
essenifikajs,esenenifikajs,esenenifik,essenifik,NL
essenifikajs,esenenifikajs,esenenifik,essenifik,NL
essenifikajs,esenenifikajs,esenenifik,essenifik,NL
essenifikajs,esenenifikajs,esenenifik,essenifik,NL
essenifikajs,esenenifikajs,esenenifik,essenifik,NL
essenifikajs,esenenifikajs,esenenifik,essenifik,NL
essenifikajs,esenenifikajs,esenenifik,essenifik,NL
essenifikajs,esenenifikajs,esenenifik,essenifik,NL
essenifikajs,esenenifajs,esenenif,essenifik,NL
essenifikajs,esenenifikajs,esenenifik,essenifik,NL
essenifikajs,esenenifikajs,esenenifik,essenifik,NL
essenifikajs,esenenifajs,esenenif,essenifik,NL
essenifikajs,esenenifikajs,esenenifik,essenifik,NL
essenifikajs,esenenifikajs,esenenifik,essenifik,NL
essenifikajs,esenenifikajs,esenenifik,essenifik,NL
essenifikajs,esenenifikajs,esenenifik,essenifik,NL
essenifikajs,esenenifikajs,esenenifik,essenifik,NL
essenifikajs,esenenifajs,esenenif,essenifik,NL
essenifikajs,esenenifikajs,esenenifik,essenifik,NL
essenifikajs,esenenifikajs,esenenifik,essenifik,NL
essenifikajs,esenenifikajs,esenenifik,essenifik,NL
essenifikajs,esenenifikajs,esenenifik,essenifik,NL
essenifikajs,esenenifikajs,esenenifik,essenifik,NL
essenifikajs,esenenifikajs,esenenifik,essenifik,NL
essenifikajs,esenenifikajs,esenenifik,essenifik,NL
essenifikajs,esenenifikajs,esenenifik,essenifik,NL
essenifikajs,esenenifikajs,esenenifik,essenifik,NL
essenifikajs,esenenifajs,esenenif,essenifik,NL
essenifikajs,esenenifajs,esenenif,essenifik,NL
essenifikajs,esenenifajs,esenenif,essenifik,NL
essenifikajs,esenenifajs,esenenif,essenifik,NL
essenifikajs,esenenifikajs,esenenifik,essenifik,NL
essenifikajs,esenenifajs,esenenif,essenifik,NL
essenifikajs,esenenifikajs,esenenifik,essenifik,NL
essenifikajs,esenenifikajs,esenenifik,essenifik,NL
essenifikajs,esenenifajs,esenenif,essenifik,NL
essenifikamos,esenenifikamos,esenenifik,essenifik,NL
essenifikamos,esenenifikamos,esenenifik,essenifik,NL
essenifikamos,esenenifikamos,esenenifik,essenifik,NL
essenifikamos,esenenifikamos,esenenifik,essenifik,NL
essenifikamos,esenenifikamos,esenenifik,essenifik,NL
essenifikamos,esenenifikamos,esenenifik,essenifik,NL
essenifikamos,esenenifikamos,esenenifik,essenifik,NL
essenifikamos,esenenifikamos,esenenifik,essenifik,NL
essenifikamos,esenenifikamos,esenenifik,essenifik,NL
essenifikamos,esenenifikamos,esenenifik,essenifik,NL
essenifikamos,esenenifikamos,esenenifik,essenifik,NL
essenifikamos,esenenifikamos,esenenifik,essenifik,NL
essenifikamos,esenenifikamos,esenenifik,essenifik,NL
essenifikamos,esenenifikamos,esenenifik,essenifik,NL
essenifikamos,esenenifikamos,esenenifik,essenifik,NL
essenifikamos,esenenifikamos,esenenifik,essenifik,NL
essenifikamos,esenenifikamos,esenenifik,essenifik,NL
essenifikamos,esenenifikamos,esenenifik,essenifik,NL
essenifikamos,esenenifikamos,esenenifik,essenifik,NL
essenifikamos,esenenifikamos,esenenifik,essenifik,NL
essenifikamos,esenenifikamos,esenenifik,essenifik,NL
essenifikamos,esenenifikamos,esenenifik,essenifik,NL
essenifikamos,esenenifikamos,esenenifik,essenifik,NL
essenifikamos,esenenifikamos,esenenifik,essenifik,NL
essenifikamos,esenenifikamos,esenenifik,essenifik,NL
essenifikamos,esenenifikamos,esenenifik,essenifik,NL
essenifikamos,esenenifikamos,esenenifik,essenifik,NL
essenifikamos,esenenifikamos,esenenifik,essenifik,NL
essenifikamos,esenenifikamos,esenenifik,essenifik,NL
essenifikamos,esenenifikamos,esenenifik,essenifik,NL
essenifikamos,esenenifikamos,esenenifik,essenifik,NL
essenifikamos,esenenifikamos,esenenifik,essenifik,NL
essenifikamos,esenenifikamos,esenenifik,essenifik,NL
essenifikamos,esenenifikamos,esenenifik,essenifik,NL
essenifikamos,esenenifikamos,esenenifik,essenifik,NL
essenifikamos,esenenifikamos,esenenifik,essenifik,NL
essenifikamos,esenenifikamos,esenenifik,essenifik,NL
essenifikamos,esenenifikamos,esenenifik,essenifik,NL
essenifikamos,esenenifikamos,esenenifik,essenifik,NL
essenifikamos,esenenifikamos,esenenifik,essenifik,NL
essenifikamos,esenenifikamos,esenenifik,essenifik,NL
essenifikamos,esenenifikamos,esenenifik,essenifik,NL
essenifikamos,esenenifikamos,esenenifik,essenifik,NL
essenifikamos,esenenifikamos,esenenifik,essenifik,NL
essenifikamos,esenenifikamos,esenenifik,essenifik,NL
essenifikamos,esenenifikamos,esenenifik,essenifik,NL
essenifikamos,esenenifikamos,esenenifik,essenifik,NL
essenifikamos,esenenifikamos,esenenifik,essenifik,NL
essenifikamos,esenenifikamos,esenenifik,essenifik,NL
essenifikamos,esenenifikamos,esenenifik,essenifik,NL
essenifikamos,esenenifikamos,esenenifik,essenifik,NL
essenifikamos,esenenifikamos,esenenifik,essenifik,NL
essenifikamos,esenenifikamos,esenenifik,essenifik,NL
essenifikamos,esenenifikamos,esenenifik,essenifik,NL
essenifikamos,esenenifikamos,esenenifik,essenifik,NL
essenifikan,esenenifikan,esenenifik,essenifik,NL
essenifikan,esenenifikan,esenenifik,essenifik,NL
essenifikan,esenenifikan,esenenifik,essenifik,NL
essenifikan,esenenifikan,esenenifik,essenifik,NL
essenifikan,esenenifikan,esenenifik,essenifik,NL
essenifikan,esenenifikan,esenenifik,essenifik,NL
essenifikan,esenenifikan,esenenifik,essenifik,NL
essenifikan,esenenifikan,esenenifik,essenifik,NL
essenifikan,esenenifikan,esenenifik,essenifik,NL
essenifikan,esenenifikan,esenenifik,essenifik,NL
essenifikan,esenenifikan,esenenifik,essenifik,NL
essenifikan,esenenifikan,esenenifik,essenifik,NL
essenifikan,esenenifikan,esenenifik,essenifik,NL
essenifikan,esenenifikan,esenenifik,essenifik,NL
essenifikan,esenenifikan,esenenifik,essenifik,NL
essenifikan,esenenifikan,esenenifik,essenifik,NL
essenifikan,esenenifikan,esenenifik,essenifik,NL
essenifikan,esenenifikan,esenenifik,essenifik,NL
essenifikan,esenenifikan,esenenifik,essenifik,NL
essenifikan,esenenifikan,esenenifik,essenifik,NL
essenifikan,esenenifikan,esenenifik,essenifik,NL
essenifikan,esenenifikan,esenenifik,essenifik,NL
essenifikan,esenenifikan,esenenifik,essenifik,NL
essenifikan,esenenifikan,esenenifik,essenifik,NL
essenifikan,esenenifikan,esenenifik,essenifik,NL
essenifikan,esenenifikan,esenenifik,essenifik,NL
essenifikan,esenenifikan,esenenifik,essenifik,NL
essenifikan,esenenifikan,esenenifik,essenifik,NL
essenifikan,esenenifikan,esenenifik,essenifik,NL
essenifikan,esenenifikan,esenenifik,essenifik,NL
essenifikan,esenenifikan,esenenifik,essenifik,NL
essenifikan,esenenifikan,esenenifik,essenifik,NL
essenifikan,esenenifikan,esenenifik,essenifik,NL
essenifikan,esenenifikan,esenenifik,essenifik,NL
essenifikan,esenenifikan,esenenifik,essenifik,NL
essenifikan,esenenifikan,esenenifik,essenifik,NL
essenifikan,esenenifikan,esenenifik,essenifik,NL
essenifikan,esenenifikan,esenenifik,essenifik,NL
essenifikan,esenenifikan,esenenifik,essenifik,NL
essenifikan,esenenifikan,esenenifik,essenifik,NL
essenifikan,esenenifikan,esenenifik,essenifik,NL
essenifikan,esenenifikan,esenenifik,essenifik,NL
essenifikan,esenenifikan,esenenifik,essenifik,NL
essenifikan,esenenifikan,esenenifik,essenifik,NL
essenifikan,esenenifikan,esenenifik,essenifik,NL
essenifikan,esenenifikan,esenenifik,essenifik,NL
essenifikan,esenenifikan,esenenifik,essenifik,NL
essenifikan,esenenifikan,esenenifik,essenifik,NL
essenifikan,esenenifikan,esenenifik,essenifik,NL
essenifikan,esenenifikan,esenenifik,essenifik,NL
essenifikan,esenenifikan,esenenifik,essenifik,NL
essenifikan,esenenifikan,esenenifik,essenifik,NL
essenifikan,esenenifikan,esenenifik,essenifik,NL
essenifikan,esenenifikan,esenenifik,essenifik,NL
essenifikan,esenenifikan,esenenifik,essenifik,NL
essenifikas,esenenifikas,esenenifik,essenifik,NL
essenifikas,esenenifikas,esenenifik,essenifik,NL
essenifikas,esenenifikas,esenenifik,essenifik,NL
essenifikas,esenenifikas,esenenifik,essenifik,NL
essenifikas,esenenifikas,esenenifik,essenifik,NL
essenifikas,esenenifikas,esenenifik,essenifik,NL
essenifikas,esenenifikas,esenenifik,essenifik,NL
essenifikas,esenenifikas,esenenifik,essenifik,NL
essenifikas,esenenifikas,esenenifik,essenifik,NL
essenifikas,esenenifikas,esenenifik,essenifik,NL
essenifikas,esenenifikas,esenenifik,essenifik,NL
essenifikas,esenenifikas,esenenifik,essenifik,NL
essenifikas,esenenifikas,esenenifik,essenifik,NL
essenifikas,esenenifikas,esenenifik,essenifik,NL
essenifikas,esenenifikas,esenenifik,essenifik,NL
essenifikas,esenenifikas,esenenifik,essenifik,NL
essenifikas,esenenifikas,esenenifik,essenifik,NL
essenifikas,esenenifikas,esenenifik,essenifik,NL
essenifikas,esenenifikas,esenenifik,essenifik,NL
essenifikas,esenenifikas,esenenifik,essenifik,NL
essenifikas,esenenifikas,esenenifik,essenifik,NL
essenifikas,esenenifikas,esenenifik,essenifik,NL
essenifikas,esenenifikas,esenenifik,essenifik,NL
essenifikas,esenenifikas,esenenifik,essenifik,NL
essenifikas,esenenifikas,esenenifik,essenifik,NL
essenifikas,esenenifikas,esenenifik,essenifik,NL
essenifikas,esenenifikas,esenenifik,essenifik,NL
essenifikas,esenenifikas,esenenifik,essenifik,NL
essenifikas,esenenifikas,esenenifik,essenifik,NL
essenifikas,esenenifikas,esenenifik,essenifik,NL
essenifikas,esenenifikas,esenenifik,essenifik,NL
essenifikas,esenenifikas,esenenifik,essenifik,NL
essenifikas,esenenifikas,esenenifik,essenifik,NL
essenifikas,esenenifikas,esenenifik,essenifik,NL
essenifikas,esenenifikas,esenenifik,essenifik,NL
essenifikas,esenenifikas,esenenifik,essenifik,NL
essenifikas,esenenifikas,esenenifik,essenifik,NL
essenifikas,esenenifikas,esenenifik,essenifik,NL
essenifikas,esenenifikas,esenenifik,essenifik,NL
essenifikas,esenenifikas,esenenifik,essenifik,NL
essenifikas,esenenifikas,esenenifik,essenifik,NL
essenifikas,esenenifikas,esenenifik,essenifik,NL
essenifikas,esenenifikas,esenenifik,essenifik,NL
essenifikas,esenenifikas,esenenifik,essenifik,NL
essenifikas,esenenifikas,esenenifik,essenifik,NL
essenifikas,esenenifikas,esenenifik,essenifik,NL
essenifikas,esenenifikas,esenenifik,essenifik,NL
essenifikas,esenenifikas,esenenifik,essenifik,NL
essenifikas,esenenifikas,esenenifik,essenifik,NL
essenifikas,esenenifikas,esenenifik,essenifik,NL
essenifikas,esenenifikas,esenenifik,essenifik,NL
essenifikas,esenenifikas,esenenifik,essenifik,NL
essenifikas,esenenifikas,esenenifik,essenifik,NL
essenifikas,esenenifikas,esenenifik,essenifik,NL
essenifikas,esenenifikas,esenenifik,essenifik,NL
essenifika,esenenifika,esenenifik,essenifik,NL
essenifika,esenenifika,esenenifik,essenifik,NL
essenifika,esenenifika,esenenifik,essenifik,NL
essenifika,esenenifika,esenenifik,essenifik,NL
essenifika,esenenifika,esenenifik,essenifik,NL
essenifika,esenenifika,esenenifik,essenifik,NL
essenifika,esenenifika,esenenifik,essenifik,NL
essenifika,esenenifika,esenenifik,essenifik,NL
essenifika,esenenifika,esenenifik,essenifik,NL
essenifika,esenenifika,esenenifik,essenifik,NL
essenifika,esenenifika,esenenifik,essenifik,NL
essenifika,esenenifika,esenenifik,essenifik,NL
essenifika,esenenifika,esenenifik,essenifik,NL
essenifika,esenenifika,esenenifik,essenifik,NL
essenifika,esenenifika,esenenifik,essenifik,NL
essenifika,esenenifika,esenenifik,essenifik,NL
essenifika,esenenifika,esenenifik,essenifik,NL
essenifika,esenenifika,esenenifik,essenifik,NL
essenifika,esenenifika,esenenifik,essenifik,NL
essenifika,esenenifika,esenenifik,essenifik,NL
essenifika,esenenifika,esenenifik,essenifik,NL
essenifika,esenenifika,esenenifik,essenifik,NL
essenifika,esenenifika,esenenifik,essenifik,NL
essenifika,esenenifika,esenenifik,essenifik,NL
essenifika,esenenifika,esenenifik,essenifik,NL
essenifika,esenenifika,esenenifik,essenifik,NL
essenifika,esenenifika,esenenifik,essenifik,NL
essenifika,esenenifika,esenenifik,essenifik,NL
essenifika,esenenifika,esenenifik,essenifik,NL
essenifika,esenenifika,esenenifik,essenifik,NL
essenifika,esenenifika,esenenifik,essenifik,NL
essenifika,esenenifika,esenenifik,essenifik,NL
essenifika,esenenifika,esenenifik,essenifik,NL
essenifika,esenenifika,esenenifik,essenifik,NL
essenifika,esenenifika,esenenifik,essenifik,NL
essenifika,esenenifika,esenenifik,essenifik,NL
essenifika,esenenifika,esenenifik,essenifik,NL
essenifika,esenenifika,esenenifik,essenifik,NL
essenifika,esenenifika,esenenifik,essenifik,NL
essenifika,esenenifika,esenenifik,essenifik,NL
essenifika,esenenifika,esenenifik,essenifik,NL
essenifika,esenenifika,esenenifik,essenifik,NL
essenifika,esenenifika,esenenifik,essenifik,NL
essenifika,esenenifika,esenenifik,essenifik,NL
essenifika,esenenifika,esenenifik,essenifik,NL
essenifika,esenenifika,esenenifik,essenifik,NL
essenifika,esenenifika,esenenifik,essenifik,NL
essenifika,esenenifika,esenenifik,essenifik,NL
essenifika,esenenifika,esenenifik,essenifik,NL
essenifika,esenenifika,esenenifik,essenifik,NL
essenifika,esenenifika,esenenifik,essenifik,NL
essenifika,esenenifika,esenenifik,essenifik,NL
essenifika,esenenifika,esenenifik,essenifik,NL
essenifika,esenenifika,esenenifik,essenifik,NL
essenifika,esenenifika,esenenifik,essenifik,NL
essenifiko,esenenifiko,esenenifik,essenifik,NL
essenifiko,esenenifiko,esenenifik,essenifik,NL
essenifiko,esenenifiko,esenenifik,essenifik,NL
essenifiko,esenenifiko,esenenifik,essenifik,NL
essenifiko,esenenifiko,esenenifik,essenifik,NL
essenifiko,esenenifiko,esenenifik,essenifik,NL
essenifiko,esenenifiko,esenenifik,essenifik,NL
essenifiko,esenenifiko,esenenifik,essenifik,NL
essenifiko,esenenifiko,esenenifik,essenifik,NL
essenifiko,esenenifiko,esenenifik,essenifik,NL
essenifiko,esenenifiko,esenenifik,essenifik,NL
essenifiko,esenenifiko,esenenifik,essenifik,NL
essenifiko,esenenifiko,esenenifik,essenifik,NL
essenifiko,esenenifiko,esenenifik,essenifik,NL
essenifiko,esenenifiko,esenenifik,essenifik,NL
essenifiko,esenenifiko,esenenifik,essenifik,NL
essenifiko,esenenifiko,esenenifik,essenifik,NL
essenifiko,esenenifiko,esenenifik,essenifik,NL
essenifiko,esenenifiko,esenenifik,essenifik,NL
essenifiko,esenenifiko,esenenifik,essenifik,NL
essenifiko,esenenifiko,esenenifik,essenifik,NL
essenifiko,esenenifiko,esenenifik,essenifik,NL
essenifiko,esenenifiko,esenenifik,essenifik,NL
essenifiko,esenenifiko,esenenifik,essenifik,NL
essenifiko,esenenifiko,esenenifik,essenifik,NL
essenifiko,esenenifiko,esenenifik,essenifik,NL
essenifiko,esenenifiko,esenenifik,essenifik,NL
essenifiko,esenenifiko,esenenifik,essenifik,NL
essenifiko,esenenifiko,esenenifik,essenifik,NL
essenifiko,esenenifiko,esenenifik,essenifik,NL
essenifiko,esenenifiko,esenenifik,essenifik,NL
essenifiko,esenenifiko,esenenifik,essenifik,NL
essenifiko,esenenifiko,esenenifik,essenifik,NL
essenifiko,esenenifiko,esenenifik,essenifik,NL
essenifiko,esenenifiko,esenenifik,essenifik,NL
essenifiko,esenenifiko,esenenifik,essenifik,NL
essenifiko,esenenifiko,esenenifik,essenifik,NL
essenifiko,esenenifiko,esenenifik,essenifik,NL
essenifiko,esenenifiko,esenenifik,essenifik,NL
essenifiko,esenenifiko,esenenifik,essenifik,NL
essenifiko,esenenifiko,esenenifik,essenifik,NL
essenifiko,esenenifiko,esenenifik,essenifik,NL
essenifiko,esenenifiko,esenenifik,essenifik,NL
essenifiko,esenenifiko,esenenifik,essenifik,NL
essenifiko,esenenifiko,esenenifik,essenifik,NL
essenifiko,esenenifiko,esenenifik,essenifik,NL
essenifiko,esenenifiko,esenenifik,essenifik,NL
essenifiko,esenenifiko,esenenifik,essenifik,NL
essenifiko,esenenifiko,esenenifik,essenifik,NL
essenifiko,esenenifiko,esenenifik,essenifik,NL
essenifiko,esenenifiko,esenenifik,essenifik,NL
essenifiko,esenenifiko,esenenifik,essenifik,NL
essenifiko,esenenifiko,esenenifik,essenifik,NL
essenifiko,esenenifiko,esenenifik,essenifik,NL
essenifiko,esenenifiko,esenenifik,essenifik,NL
essenifikeis,esenenifikeis,esenenifike,essenifike,NL
essenifikeis,esenenifikeis,esenenifike,essenifike,NL
essenifikeis,esenenifikeis,esenenifike,essenifike,NL
essenifikeis,esenenifikeis,esenenifike,essenifike,NL
essenifikeis,esenenifikeis,esenenifike,essenifike,NL
essenifikeis,esenenifikeis,esenenifike,essenifike,NL
essenifikeis,esenenifikeis,esenenifike,essenifike,NL
essenifikeis,esenenifikeis,esenenifike,essenifike,NL
essenifikeis,esenenifikeis,esenenifike,essenifike,NL
essenifikeis,esenenifikeis,esenenifike,essenifike,NL
essenifikeis,esenenifikeis,esenenifike,essenifike,NL
essenifikeis,esenenifikeis,esenenifike,essenifike,NL
essenifikeis,esenenifikeis,esenenifike,essenifike,NL
essenifikeis,esenenifikeis,esenenifike,essenifike,NL
essenifikeis,esenenifikeis,esenenifike,essenifike,NL
essenifikeis,esenenifikeis,esenenifike,essenifike,NL
essenifikeis,esenenifikeis,esenenifike,essenifike,NL
essenifikeis,esenenifikeis,esenenifike,essenifike,NL
essenifikeis,esenenifikeis,esenenifike,essenifike,NL
essenifikeis,esenenifikeis,esenenifike,essenifike,NL
essenifikeis,esenenifikeis,esenenifike,essenifike,NL
essenifikeis,esenenifikeis,esenenifike,essenifike,NL
essenifikeis,esenenifikeis,esenenifike,essenifike,NL
essenifikeis,esenenifikeis,esenenifike,essenifike,NL
essenifikeis,esenenifikeis,esenenifike,essenifike,NL
essenifikeis,esenenifikeis,esenenifike,essenifike,NL
essenifikeis,esenenifikeis,esenenifike,essenifike,NL
essenifikeis,esenenifikeis,esenenifike,essenifike,NL
essenifikeis,esenenifikeis,esenenifike,essenifike,NL
essenifikeis,esenenifikeis,esenenifike,essenifike,NL
essenifikeis,esenenifikeis,esenenifike,essenifike,NL
essenifikeis,esenenifikeis,esenenifike,essenifike,NL
essenifikeis,esenenifikeis,esenenifike,essenifike,NL
essenifikeis,esenenifikeis,esenenifike,essenifike,NL
essenifikeis,esenenifikeis,esenenifike,essenifike,NL
essenifikeis,esenenifikeis,esenenifike,essenifike,NL
essenifikeis,esenenifikeis,esenenifike,essenifike,NL
essenifikeis,esenenifikeis,esenenifike,essenifike,NL
essenifikeis,esenenifikeis,esenenifike,essenifike,NL
essenifikeis,esenenifikeis,esenenifike,essenifike,NL
essenifikeis,esenenifikeis,esenenifike,essenifike,NL
essenifikeis,esenenifikeis,esenenifike,essenifike,NL
essenifikeis,esenenifikeis,esenenifike,essenifike,NL
essenifikeis,esenenifikeis,esenenifike,essenifike,NL
essenifikeis,esenenifikeis,esenenifike,essenifike,NL
essenifikeis,esenenifikeis,esenenifike,essenifike,NL
essenifikeis,esenenifikeis,esenenifike,essenifike,NL
essenifikeis,esenenifikeis,esenenifike,essenifike,NL
essenifikeis,esenenifikeis,esenenifike,essenifike,NL
essenifikeis,esenenifikeis,esenenifike,essenifike,NL
essenifikeis,esenenifikeis,esenenifike,essenifike,NL
essenifikeis,esenenifikeis,esenenifike,essenifike,NL
essenifikeis,esenenifikeis,esenenifike,essenifike,NL
essenifikeis,esenenifikeis,esenenifike,essenifike,NL
essenifikeis,esenenifikeis,esenenifike,essenifike,NL
essenifikemos,esenenifikemos,esenenifik,essenifik,NL
essenifikemos,esenenifikemos,esenenifik,essenifik,NL
essenifikemos,esenenifikemos,esenenifik,essenifik,NL
essenifikemos,esenenifikemos,esenenifik,essenifik,NL
essenifikemos,esenenifikemos,esenenifik,essenifik,NL
essenifikemos,esenenifikemos,esenenifik,essenifik,NL
essenifikemos,esenenifikemos,esenenifik,essenifik,NL
essenifikemos,esenenifikemos,esenenifik,essenifik,NL
essenifikemos,esenenifikemos,esenenifik,essenifik,NL
essenifikemos,esenenifikemos,esenenifik,essenifik,NL
essenifikemos,esenenifikemos,esenenifik,essenifik,NL
essenifikemos,esenenifikemos,esenenifik,essenifik,NL
essenifikemos,esenenifikemos,esenenifik,essenifik,NL
essenifikemos,esenenifikemos,esenenifik,essenifik,NL
essenifikemos,esenenifikemos,esenenifik,essenifik,NL
essenifikemos,esenenifikemos,esenenifik,essenifik,NL
essenifikemos,esenenifikemos,esenenifik,essenifik,NL
essenifikemos,esenenifikemos,esenenifik,essenifik,NL
essenifikemos,esenenifikemos,esenenifik,essenifik,NL
essenifikemos,esenenifikemos,esenenifik,essenifik,NL
essenifikemos,esenenifikemos,esenenifik,essenifik,NL
essenifikemos,esenenifikemos,esenenifik,essenifik,NL
essenifikemos,esenenifikemos,esenenifik,essenifik,NL
essenifikemos,esenenifikemos,esenenifik,essenifik,NL
essenifikemos,esenenifikemos,esenenifik,essenifik,NL
essenifikemos,esenenifikemos,esenenifik,essenifik,NL
essenifikemos,esenenifikemos,esenenifik,essenifik,NL
essenifikemos,esenenifikemos,esenenifik,essenifik,NL
essenifikemos,esenenifikemos,esenenifik,essenifik,NL
essenifikemos,esenenifikemos,esenenifik,essenifik,NL
essenifikemos,esenenifikemos,esenenifik,essenifik,NL
essenifikemos,esenenifikemos,esenenifik,essenifik,NL
essenifikemos,esenenifikemos,esenenifik,essenifik,NL
essenifikemos,esenenifikemos,esenenifik,essenifik,NL
essenifikemos,esenenifikemos,esenenifik,essenifik,NL
essenifikemos,esenenifikemos,esenenifik,essenifik,NL
essenifikemos,esenenifikemos,esenenifik,essenifik,NL
essenifikemos,esenenifikemos,esenenifik,essenifik,NL
essenifikemos,esenenifikemos,esenenifik,essenifik,NL
essenifikemos,esenenifikemos,esenenifik,essenifik,NL
essenifikemos,esenenifikemos,esenenifik,essenifik,NL
essenifikemos,esenenifikemos,esenenifik,essenifik,NL
essenifikemos,esenenifikemos,esenenifik,essenifik,NL
essenifikemos,esenenifikemos,esenenifik,essenifik,NL
essenifikemos,esenenifikemos,esenenifik,essenifik,NL
essenifikemos,esenenifikemos,esenenifik,essenifik,NL
essenifikemos,esenenifikemos,esenenifik,essenifik,NL
essenifikemos,esenenifikemos,esenenifik,essenifik,NL
essenifikemos,esenenifikemos,esenenifik,essenifik,NL
essenifikemos,esenenifikemos,esenenifik,essenifik,NL
essenifikemos,esenenifikemos,esenenifik,essenifik,NL
essenifikemos,esenenifikemos,esenenifik,essenifik,NL
essenifikemos,esenenifikemos,esenenifik,essenifik,NL
essenifikemos,esenenifikemos,esenenifik,essenifik,NL
essenifikemos,esenenifikemos,esenenifik,essenifik,NL
essenifiken,esenenifiken,esenenifik,essenifik,NL
essenifiken,esenenifiken,esenenifik,essenifik,NL
essenifiken,esenenifiken,esenenifik,essenifik,NL
essenifiken,esenenifiken,esenenifik,essenifik,NL
essenifiken,esenenifiken,esenenifik,essenifik,NL
essenifiken,esenenifiken,esenenifik,essenifik,NL
essenifiken,esenenifiken,esenenifik,essenifik,NL
essenifiken,esenenifiken,esenenifik,essenifik,NL
essenifiken,esenenifiken,esenenifik,essenifik,NL
essenifiken,esenenifiken,esenenifik,essenifik,NL
essenifiken,esenenifiken,esenenifik,essenifik,NL
essenifiken,esenenifiken,esenenifik,essenifik,NL
essenifiken,esenenifiken,esenenifik,essenifik,NL
essenifiken,esenenifiken,esenenifik,essenifik,NL
essenifiken,esenenifiken,esenenifik,essenifik,NL
essenifiken,esenenifiken,esenenifik,essenifik,NL
essenifiken,esenenifiken,esenenifik,essenifik,NL
essenifiken,esenenifiken,esenenifik,essenifik,NL
essenifiken,esenenifiken,esenenifik,essenifik,NL
essenifiken,esenenifiken,esenenifik,essenifik,NL
essenifiken,esenenifiken,esenenifik,essenifik,NL
essenifiken,esenenifiken,esenenifik,essenifik,NL
essenifiken,esenenifiken,esenenifik,essenifik,NL
essenifiken,esenenifiken,esenenifik,essenifik,NL
essenifiken,esenenifiken,esenenifik,essenifik,NL
essenifiken,esenenifiken,esenenifik,essenifik,NL
essenifiken,esenenifiken,esenenifik,essenifik,NL
essenifiken,esenenifiken,esenenifik,essenifik,NL
essenifiken,esenenifiken,esenenifik,essenifik,NL
essenifiken,esenenifiken,esenenifik,essenifik,NL
essenifiken,esenenifiken,esenenifik,essenifik,NL
essenifiken,esenenifiken,esenenifik,essenifik,NL
essenifiken,esenenifiken,esenenifik,essenifik,NL
essenifiken,esenenifiken,esenenifik,essenifik,NL
essenifiken,esenenifiken,esenenifik,essenifik,NL
essenifiken,esenenifiken,esenenifik,essenifik,NL
essenifiken,esenenifiken,esenenifik,essenifik,NL
essenifiken,esenenifiken,esenenifik,essenifik,NL
essenifiken,esenenifiken,esenenifik,essenifik,NL
essenifiken,esenenifiken,esenenifik,essenifik,NL
essenifiken,esenenifiken,esenenifik,essenifik,NL
essenifiken,esenenifiken,esenenifik,essenifik,NL
essenifiken,esenenifiken,esenenifik,essenifik,NL
essenifiken,esenenifiken,esenenifik,essenifik,NL
essenifiken,esenenifiken,esenenifik,essenifik,NL
essenifiken,esenenifiken,esenenifik,essenifik,NL
essenifiken,esenenifiken,esenenifik,essenifik,NL
essenifiken,esenenifiken,esenenifik,essenifik,NL
essenifiken,esenenifiken,esenenifik,essenifik,NL
essenifiken,esenenifiken,esenenifik,essenifik,NL
essenifiken,esenenifiken,esenenifik,essenifik,NL
essenifiken,esenenifiken,esenenifik,essenifik,NL
essenifiken,esenenifiken,esenenifik,essenifik,NL
essenifiken,esenenifiken,esenenifik,essenifik,NL
essenifiken,esenenifiken,esenenifik,essenifik,NL
essenifikes,esenenifikes,esenenifik,essenifik,NL
essenifikes,esenenifikes,esenenifik,essenifik,NL
essenifikes,esenenifikes,esenenifik,essenifik,NL
essenifikes,esenenifikes,esenenifik,essenifik,NL
essenifikes,esenenifikes,esenenifik,essenifik,NL
essenifikes,esenenifikes,esenenifik,essenifik,NL
essenifikes,esenenifikes,esenenifik,essenifik,NL
essenifikes,esenenifikes,esenenifik,essenifik,NL
essenifikes,esenenifikes,esenenifik,essenifik,NL
essenifikes,esenenifikes,esenenifik,essenifik,NL
essenifikes,esenenifikes,esenenifik,essenifik,NL
essenifikes,esenenifikes,esenenifik,essenifik,NL
essenifikes,esenenifikes,esenenifik,essenifik,NL
essenifikes,esenenifikes,esenenifik,essenifik,NL
essenifikes,esenenifikes,esenenifik,essenifik,NL
essenifikes,esenenifikes,esenenifik,essenifik,NL
essenifikes,esenenifikes,esenenifik,essenifik,NL
essenifikes,esenenifikes,esenenifik,essenifik,NL
essenifikes,esenenifikes,esenenifik,essenifik,NL
essenifikes,esenenifikes,esenenifik,essenifik,NL
essenifikes,esenenifikes,esenenifik,essenifik,NL
essenifikes,esenenifikes,esenenifik,essenifik,NL
essenifikes,esenenifikes,esenenifik,essenifik,NL
essenifikes,esenenifikes,esenenifik,essenifik,NL
essenifikes,esenenifikes,esenenifik,essenifik,NL
essenifikes,esenenifikes,esenenifik,essenifik,NL
essenifikes,esenenifikes,esenenifik,essenifik,NL
essenifikes,esenenifikes,esenenifik,essenifik,NL
essenifikes,esenenifikes,esenenifik,essenifik,NL
essenifikes,esenenifikes,esenenifik,essenifik,NL
essenifikes,esenenifikes,esenenifik,essenifik,NL
essenifikes,esenenifikes,esenenifik,essenifik,NL
essenifikes,esenenifikes,esenenifik,essenifik,NL
essenifikes,esenenifikes,esenenifik,essenifik,NL
essenifikes,esenenifikes,esenenifik,essenifik,NL
essenifikes,esenenifikes,esenenifik,essenifik,NL
essenifikes,esenenifikes,esenenifik,essenifik,NL
essenifikes,esenenifikes,esenenifik,essenifik,NL
essenifikes,esenenifikes,esenenifik,essenifik,NL
essenifikes,esenenifikes,esenenifik,essenifik,NL
essenifikes,esenenifikes,esenenifik,essenifik,NL
essenifikes,esenenifikes,esenenifik,essenifik,NL
essenifikes,esenenifikes,esenenifik,essenifik,NL
essenifikes,esenenifikes,esenenifik,essenifik,NL
essenifikes,esenenifikes,esenenifik,essenifik,NL
essenifikes,esenenifikes,esenenifik,essenifik,NL
essenifikes,esenenifikes,esenenifik,essenifik,NL
essenifikes,esenenifikes,esenenifik,essenifik,NL
essenifikes,esenenifikes,esenenifik,essenifik,NL
essenifikes,esenenifikes,esenenifik,essenifik,NL
essenifikes,esenenifikes,esenenifik,essenifik,NL
essenifikes,esenenifikes,esenenifik,essenifik,NL
essenifikes,esenenifikes,esenenifik,essenifik,NL
essenifikes,esenenifikes,esenenifik,essenifik,NL
essenifikes,esenenifikes,esenenifik,essenifik,NL
essenifike,esenenifike,esenenifik,essenifik,NL
essenifike,esenenifike,esenenifik,essenifik,NL
essenifike,esenenifike,esenenifik,essenifik,NL
essenifike,esenenifike,esenenifik,essenifik,NL
essenifike,esenenifike,esenenifik,essenifik,NL
essenifike,esenenifike,esenenifik,essenifik,NL
essenifike,esenenifike,esenenifik,essenifik,NL
essenifike,esenenifike,esenenifik,essenifik,NL
essenifike,esenenifike,esenenifik,essenifik,NL
essenifike,esenenifike,esenenifik,essenifik,NL
essenifike,esenenifike,esenenifik,essenifik,NL
essenifike,esenenifike,esenenifik,essenifik,NL
essenifike,esenenifike,esenenifik,essenifik,NL
essenifike,esenenifike,esenenifik,essenifik,NL
essenifike,esenenifike,esenenifik,essenifik,NL
essenifike,esenenifike,esenenifik,essenifik,NL
essenifike,esenenifike,esenenifik,essenifik,NL
essenifike,esenenifike,esenenifik,essenifik,NL
essenifike,esenenifike,esenenifik,essenifik,NL
essenifike,esenenifike,esenenifik,essenifik,NL
essenifike,esenenifike,esenenifik,essenifik,NL
essenifike,esenenifike,esenenifik,essenifik,NL
essenifike,esenenifike,esenenifik,essenifik,NL
essenifike,esenenifike,esenenifik,essenifik,NL
essenifike,esenenifike,esenenifik,essenifik,NL
essenifike,esenenifike,esenenifik,essenifik,NL
essenifike,esenenifike,esenenifik,essenifik,NL
essenifike,esenenifike,esenenifik,essenifik,NL
essenifike,esenenifike,esenenifik,essenifik,NL
essenifike,esenenifike,esenenifik,essenifik,NL
essenifike,esenenifike,esenenifik,essenifik,NL
essenifike,esenenifike,esenenifik,essenifik,NL
essenifike,esenenifike,esenenifik,essenifik,NL
essenifike,esenenifike,esenenifik,essenifik,NL
essenifike,esenenifike,esenenifik,essenifik,NL
essenifike,esenenifike,esenenifik,essenifik,NL
essenifike,esenenifike,esenenifik,essenifik,NL
essenifike,esenenifike,esenenifik,essenifik,NL
essenifike,esenenifike,esenenifik,essenifik,NL
essenifike,esenenifike,esenenifik,essenifik,NL
essenifike,esenenifike,esenenifik,essenifik,NL
essenifike,esenenifike,esenenifik,essenifik,NL
essenifike,esenenifike,esenenifik,essenifik,NL
essenifike,esenenifike,esenenifik,essenifik,NL
essenifike,esenenifike,esenenifik,essenifik,NL
essenifike,esenenifike,esenenifik,essenifik,NL
essenifike,esenenifike,esenenifik,essenifik,NL
essenifike,esenenifike,esenenifik,essenifik,NL
essenifike,esenenifike,esenenifik,essenifik,NL
essenifike,esenenifike,esenenifik,essenifik,NL
essenifike,esenenifike,esenenifik,essenifik,NL
essenifike,esenenifike,esenenifik,essenifik,NL
essenifike,esenenifike,esenenifik,essenifik,NL
essenifike,esenenifike,esenenifik,essenifik,NL
essenifike,esenenifike,esenenifik,essenifik,NL
essenifike,esenenifike,esenenifik,essenifik,NL
essenifike,esenenifike,esenenifik,essenifik,NL
essenifike,esenenifike,esenenifik,essenifik,NL
essenifike,esenenifike,esenenifik,essenifik,NL
essenifike,esenenifike,esenenifik,essenifik,NL
essenifike,esenenifike,esenenifik,essenifik,NL
essenifike,esenenifike,esenenifik,essenifik,NL
essenifike,esenenifike,esenenifik,essenifik,NL
essenifike,esenenifike,esenenifik,essenifik,NL
essenifike,esenenifike,esenenifik,essenifik,NL
essenifike,esenenifike,esenenifik,essenifik,NL
essenifike,esenenifike,esenenifik,essenifik,NL
essenifike,esenenifike,esenenifik,essenifik,NL
essenifike,esenenifike,esenenifik,essenifik,NL
essenifike,esenenifike,esenenifik,essenifik,NL
essenifike,esenenifike,esenenifik,essenifik,NL
essenifike,esenenifike,esenenifik,essenifik,NL
essenifike,esenenifike,esenenifik,essenifik,NL
essenifike,esenenifike,esenenifik,essenifik,NL
essenifike,esenenifike,esenenifik,essenifik,NL
essenifike,esenenifike,esenenifik,essenifik,NL
essenifike,esenenifike,esenenifik,essenifik,NL
essenifike,esenenifike,esenenifik,essenifik,NL
essenifike,esenenifike,esenenifik,essenifik,NL
essenifike,esenenifike,esenenifik,essenifik,NL
essenifike,esenenifike,esenenifik,essenifik,NL
essenifike,esenenifike,esenenifik,essenifik,NL
essenifike,esenenifike,esenenifik,essenifik,NL
essenifike,esenenifike,esenenifik,essenifik,NL
essenifike,esenenifike,esenenifik,essenifik,NL
essenifike,esenenifike,esenenifik,essenifik,NL
essenifike,esenenifike,esenenifik,essenifik,NL
essenifike,esenenifike,esenenifik,essenifik,NL
essenifike,esenenifike,esenenifik,essenifik,NL
essenifike,esenenifike,esenenifik,essenifik,NL
essenifike,esenenifike,esenenifik,essenifik,NL
essenifike,esenenifike,esenenifik,essenifik,NL
essenifike,esenenifike,esenenifik,essenifik,NL
essenifike,esenenifike,esenenifik,essenifik,NL
essenifike,esenenifike,esenenifik,essenifik,NL
essenifike,esenenifike,esenenifik,essenifik,NL
essenifike,esenenifike,esenenifik,essenifik,NL
essenifike,esenenifike,esenenifik,essenifik,NL
essenifike,esenenifike,esenenifik,essenifik,NL
essenifike,esenenifike,esenenifik,essenifik,NL
essenifike,esenenifike,esenenifik,essenifik,NL
essenifike,esenenifike,esenenifik,essenifik,NL
essenifike,esenenifike,esenenifik,essenifik,NL
essenifike,esenenifike,esenenifik,essenifik,NL
essenifike,esenenifike,esenenifik,essenifik,NL
essenifike,esenenifike,esenenifik,essenifik,NL
essenifike,esenenifike,esenenifik,essenifik,NL
essenifike,esenenifike,esenenifik,essenifik,NL
essenifike,esenenifike,esenenifik,essenifik,NL
essenifike,esenenifike,esenenifik,essenifik,NL
aɡɾinɡajs,aɡɾinɡajs,aɡɾinɡ,aɡɾinɡ,NL
aɡɾinɡajs,aɡɾinɡajs,aɡɾinɡ,aɡɾinɡ,NL
aɡɾinɡajs,aɡɾinɡajs,aɡɾinɡ,aɡɾinɡ,NL
aɡɾinɡajs,aɡɾinɡajs,aɡɾinɡ,aɡɾinɡ,NL
aɡɾinɡajs,aɡɾinɡajs,aɡɾinɡ,aɡɾinɡ,NL
aɡɾinɡajs,aɡɾinɡajs,aɡɾinɡ,aɡɾinɡ,NL
aɡɾinɡajs,aɡɾinɡajs,aɡɾinɡ,aɡɾinɡ,NL
aɡɾinɡajs,aɡɾinɡajs,aɡɾinɡ,aɡɾinɡ,NL
aɡɾinɡajs,aɡɾinɡajs,aɡɾinɡ,aɡɾinɡ,NL
aɡɾinɡajs,aɡɾinɡajs,aɡɾinɡ,aɡɾinɡ,NL
aɡɾinɡajs,aɡɾinajs,aɡɾin,aɡɾinɡ,NL
aɡɾinɡajs,aɡɾinajs,aɡɾin,aɡɾinɡ,NL
aɡɾinɡajs,aɡɾinajs,aɡɾin,aɡɾinɡ,NL
aɡɾinɡajs,aɡɾinajs,aɡɾin,aɡɾinɡ,NL
aɡɾinɡajs,aɡɾinajs,aɡɾin,aɡɾinɡ,NL
aɡɾinɡajs,aɡɾinajs,aɡɾin,aɡɾinɡ,NL
aɡɾinɡajs,aɡɾinajs,aɡɾin,aɡɾinɡ,NL
aɡɾinɡajs,aɡɾinajs,aɡɾin,aɡɾinɡ,NL
aɡɾinɡajs,aɡɾinajs,aɡɾin,aɡɾinɡ,NL
aɡɾinɡajs,aɡɾinajs,aɡɾin,aɡɾinɡ,NL
aɡɾinɡajs,aɡɾinajs,aɡɾin,aɡɾinɡ,NL
aɡɾinɡajs,aɡɾinɡajs,aɡɾinɡ,aɡɾinɡ,NL
aɡɾinɡajs,aɡɾinajs,aɡɾin,aɡɾinɡ,NL
aɡɾinɡajs,aɡɾinajs,aɡɾin,aɡɾinɡ,NL
aɡɾinɡajs,aɡɾinajs,aɡɾin,aɡɾinɡ,NL
aɡɾinɡajs,aɡɾinajs,aɡɾin,aɡɾinɡ,NL
aɡɾinɡajs,aɡɾinajs,aɡɾin,aɡɾinɡ,NL
aɡɾinɡajs,aɡɾinajs,aɡɾin,aɡɾinɡ,NL
aɡɾinɡajs,aɡɾinɡajs,aɡɾinɡ,aɡɾinɡ,NL
aɡɾinɡajs,aɡɾinajs,aɡɾin,aɡɾinɡ,NL
aɡɾinɡajs,aɡɾinajs,aɡɾin,aɡɾinɡ,NL
aɡɾinɡajs,aɡɾinajs,aɡɾin,aɡɾinɡ,NL
aɡɾinɡajs,aɡɾinajs,aɡɾin,aɡɾinɡ,NL
aɡɾinɡajs,aɡɾinajs,aɡɾin,aɡɾinɡ,NL
aɡɾinɡajs,aɡɾinajs,aɡɾin,aɡɾinɡ,NL
aɡɾinɡajs,aɡɾinajs,aɡɾin,aɡɾinɡ,NL
aɡɾinɡajs,aɡɾinajs,aɡɾin,aɡɾinɡ,NL
aɡɾinɡajs,aɡɾinajs,aɡɾin,aɡɾinɡ,NL
aɡɾinɡajs,aɡɾinajs,aɡɾin,aɡɾinɡ,NL
aɡɾinɡajs,aɡɾinajs,aɡɾin,aɡɾinɡ,NL
aɡɾinɡajs,aɡɾinɡajs,aɡɾinɡ,aɡɾinɡ,NL
aɡɾinɡajs,aɡɾinɡajs,aɡɾinɡ,aɡɾinɡ,NL
aɡɾinɡajs,aɡɾinɡajs,aɡɾinɡ,aɡɾinɡ,NL
aɡɾinɡajs,aɡɾinɡajs,aɡɾinɡ,aɡɾinɡ,NL
aɡɾinɡajs,aɡɾinɡajs,aɡɾinɡ,aɡɾinɡ,NL
aɡɾinɡajs,aɡɾinɡajs,aɡɾinɡ,aɡɾinɡ,NL
aɡɾinɡajs,aɡɾinɡajs,aɡɾinɡ,aɡɾinɡ,NL
aɡɾinɡajs,aɡɾinɡajs,aɡɾinɡ,aɡɾinɡ,NL
aɡɾinɡajs,aɡɾinɡajs,aɡɾinɡ,aɡɾinɡ,NL
aɡɾinɡajs,aɡɾinajs,aɡɾin,aɡɾinɡ,NL
aɡɾinɡajs,aɡɾinajs,aɡɾin,aɡɾinɡ,NL
aɡɾinɡajs,aɡɾinajs,aɡɾin,aɡɾinɡ,NL
aɡɾinɡajs,aɡɾinajs,aɡɾin,aɡɾinɡ,NL
aɡɾinɡajs,aɡɾinajs,aɡɾin,aɡɾinɡ,NL
aɡɾinɡajs,aɡɾinajs,aɡɾin,aɡɾinɡ,NL
aɡɾinɡamos,aɡɾinɡamos,aɡɾinɡ,aɡɾinɡ,NL
aɡɾinɡamos,aɡɾinɡamos,aɡɾinɡ,aɡɾinɡ,NL
aɡɾinɡamos,aɡɾinɡamos,aɡɾinɡ,aɡɾinɡ,NL
aɡɾinɡamos,aɡɾinɡamos,aɡɾinɡ,aɡɾinɡ,NL
aɡɾinɡamos,aɡɾinɡamos,aɡɾinɡ,aɡɾinɡ,NL
aɡɾinɡamos,aɡɾinɡamos,aɡɾinɡ,aɡɾinɡ,NL
aɡɾinɡamos,aɡɾinɡamos,aɡɾinɡ,aɡɾinɡ,NL
aɡɾinɡamos,aɡɾinɡamos,aɡɾinɡ,aɡɾinɡ,NL
aɡɾinɡamos,aɡɾinɡamos,aɡɾinɡ,aɡɾinɡ,NL
aɡɾinɡamos,aɡɾinɡamos,aɡɾinɡ,aɡɾinɡ,NL
aɡɾinɡamos,aɡɾinamos,aɡɾin,aɡɾinɡ,NL
aɡɾinɡamos,aɡɾinamos,aɡɾin,aɡɾinɡ,NL
aɡɾinɡamos,aɡɾinamos,aɡɾin,aɡɾinɡ,NL
aɡɾinɡamos,aɡɾinamos,aɡɾin,aɡɾinɡ,NL
aɡɾinɡamos,aɡɾinamos,aɡɾin,aɡɾinɡ,NL
aɡɾinɡamos,aɡɾinamos,aɡɾin,aɡɾinɡ,NL
aɡɾinɡamos,aɡɾinamos,aɡɾin,aɡɾinɡ,NL
aɡɾinɡamos,aɡɾinamos,aɡɾin,aɡɾinɡ,NL
aɡɾinɡamos,aɡɾinamos,aɡɾin,aɡɾinɡ,NL
aɡɾinɡamos,aɡɾinamos,aɡɾin,aɡɾinɡ,NL
aɡɾinɡamos,aɡɾinamos,aɡɾin,aɡɾinɡ,NL
aɡɾinɡamos,aɡɾinɡamos,aɡɾinɡ,aɡɾinɡ,NL
aɡɾinɡamos,aɡɾinamos,aɡɾin,aɡɾinɡ,NL
aɡɾinɡamos,aɡɾinamos,aɡɾin,aɡɾinɡ,NL
aɡɾinɡamos,aɡɾinamos,aɡɾin,aɡɾinɡ,NL
aɡɾinɡamos,aɡɾinamos,aɡɾin,aɡɾinɡ,NL
aɡɾinɡamos,aɡɾinamos,aɡɾin,aɡɾinɡ,NL
aɡɾinɡamos,aɡɾinamos,aɡɾin,aɡɾinɡ,NL
aɡɾinɡamos,aɡɾinɡamos,aɡɾinɡ,aɡɾinɡ,NL
aɡɾinɡamos,aɡɾinamos,aɡɾin,aɡɾinɡ,NL
aɡɾinɡamos,aɡɾinamos,aɡɾin,aɡɾinɡ,NL
aɡɾinɡamos,aɡɾinamos,aɡɾin,aɡɾinɡ,NL
aɡɾinɡamos,aɡɾinamos,aɡɾin,aɡɾinɡ,NL
aɡɾinɡamos,aɡɾinamos,aɡɾin,aɡɾinɡ,NL
aɡɾinɡamos,aɡɾinamos,aɡɾin,aɡɾinɡ,NL
aɡɾinɡamos,aɡɾinamos,aɡɾin,aɡɾinɡ,NL
aɡɾinɡamos,aɡɾinamos,aɡɾin,aɡɾinɡ,NL
aɡɾinɡamos,aɡɾinamos,aɡɾin,aɡɾinɡ,NL
aɡɾinɡamos,aɡɾinamos,aɡɾin,aɡɾinɡ,NL
aɡɾinɡamos,aɡɾinamos,aɡɾin,aɡɾinɡ,NL
aɡɾinɡamos,aɡɾinɡamos,aɡɾinɡ,aɡɾinɡ,NL
aɡɾinɡamos,aɡɾinɡamos,aɡɾinɡ,aɡɾinɡ,NL
aɡɾinɡamos,aɡɾinɡamos,aɡɾinɡ,aɡɾinɡ,NL
aɡɾinɡamos,aɡɾinɡamos,aɡɾinɡ,aɡɾinɡ,NL
aɡɾinɡamos,aɡɾinɡamos,aɡɾinɡ,aɡɾinɡ,NL
aɡɾinɡamos,aɡɾinɡamos,aɡɾinɡ,aɡɾinɡ,NL
aɡɾinɡamos,aɡɾinɡamos,aɡɾinɡ,aɡɾinɡ,NL
aɡɾinɡamos,aɡɾinɡamos,aɡɾinɡ,aɡɾinɡ,NL
aɡɾinɡamos,aɡɾinɡamos,aɡɾinɡ,aɡɾinɡ,NL
aɡɾinɡamos,aɡɾinamos,aɡɾin,aɡɾinɡ,NL
aɡɾinɡamos,aɡɾinamos,aɡɾin,aɡɾinɡ,NL
aɡɾinɡamos,aɡɾinamos,aɡɾin,aɡɾinɡ,NL
aɡɾinɡamos,aɡɾinamos,aɡɾin,aɡɾinɡ,NL
aɡɾinɡamos,aɡɾinamos,aɡɾin,aɡɾinɡ,NL
aɡɾinɡamos,aɡɾinamos,aɡɾin,aɡɾinɡ,NL
aɡɾinɡan,aɡɾinɡan,aɡɾinɡ,aɡɾinɡ,NL
aɡɾinɡan,aɡɾinɡan,aɡɾinɡ,aɡɾinɡ,NL
aɡɾinɡan,aɡɾinɡan,aɡɾinɡ,aɡɾinɡ,NL
aɡɾinɡan,aɡɾinɡan,aɡɾinɡ,aɡɾinɡ,NL
aɡɾinɡan,aɡɾinɡan,aɡɾinɡ,aɡɾinɡ,NL
aɡɾinɡan,aɡɾinɡan,aɡɾinɡ,aɡɾinɡ,NL
aɡɾinɡan,aɡɾinɡan,aɡɾinɡ,aɡɾinɡ,NL
aɡɾinɡan,aɡɾinɡan,aɡɾinɡ,aɡɾinɡ,NL
aɡɾinɡan,aɡɾinɡan,aɡɾinɡ,aɡɾinɡ,NL
aɡɾinɡan,aɡɾinɡan,aɡɾinɡ,aɡɾinɡ,NL
aɡɾinɡan,aɡɾinɡan,aɡɾinɡ,aɡɾinɡ,NL
aɡɾinɡan,aɡɾinɡan,aɡɾinɡ,aɡɾinɡ,NL
aɡɾinɡan,aɡɾinɡan,aɡɾinɡ,aɡɾinɡ,NL
aɡɾinɡan,aɡɾinɡan,aɡɾinɡ,aɡɾinɡ,NL
aɡɾinɡan,aɡɾinɡan,aɡɾinɡ,aɡɾinɡ,NL
aɡɾinɡan,aɡɾinɡan,aɡɾinɡ,aɡɾinɡ,NL
aɡɾinɡan,aɡɾinɡan,aɡɾinɡ,aɡɾinɡ,NL
aɡɾinɡan,aɡɾinɡan,aɡɾinɡ,aɡɾinɡ,NL
aɡɾinɡan,aɡɾinɡan,aɡɾinɡ,aɡɾinɡ,NL
aɡɾinɡan,aɡɾinɡan,aɡɾinɡ,aɡɾinɡ,NL
aɡɾinɡan,aɡɾinɡan,aɡɾinɡ,aɡɾinɡ,NL
aɡɾinɡan,aɡɾinɡan,aɡɾinɡ,aɡɾinɡ,NL
aɡɾinɡan,aɡɾinɡan,aɡɾinɡ,aɡɾinɡ,NL
aɡɾinɡan,aɡɾinɡan,aɡɾinɡ,aɡɾinɡ,NL
aɡɾinɡan,aɡɾinɡan,aɡɾinɡ,aɡɾinɡ,NL
aɡɾinɡan,aɡɾinɡan,aɡɾinɡ,aɡɾinɡ,NL
aɡɾinɡan,aɡɾinɡan,aɡɾinɡ,aɡɾinɡ,NL
aɡɾinɡan,aɡɾinɡan,aɡɾinɡ,aɡɾinɡ,NL
aɡɾinɡan,aɡɾinɡan,aɡɾinɡ,aɡɾinɡ,NL
aɡɾinɡan,aɡɾinɡan,aɡɾinɡ,aɡɾinɡ,NL
aɡɾinɡan,aɡɾinɡan,aɡɾinɡ,aɡɾinɡ,NL
aɡɾinɡan,aɡɾinɡan,aɡɾinɡ,aɡɾinɡ,NL
aɡɾinɡan,aɡɾinɡan,aɡɾinɡ,aɡɾinɡ,NL
aɡɾinɡan,aɡɾinɡan,aɡɾinɡ,aɡɾinɡ,NL
aɡɾinɡan,aɡɾinɡan,aɡɾinɡ,aɡɾinɡ,NL
aɡɾinɡan,aɡɾinɡan,aɡɾinɡ,aɡɾinɡ,NL
aɡɾinɡan,aɡɾinɡan,aɡɾinɡ,aɡɾinɡ,NL
aɡɾinɡan,aɡɾinɡan,aɡɾinɡ,aɡɾinɡ,NL
aɡɾinɡan,aɡɾinɡan,aɡɾinɡ,aɡɾinɡ,NL
aɡɾinɡan,aɡɾinɡan,aɡɾinɡ,aɡɾinɡ,NL
aɡɾinɡan,aɡɾinɡan,aɡɾinɡ,aɡɾinɡ,NL
aɡɾinɡan,aɡɾinɡan,aɡɾinɡ,aɡɾinɡ,NL
aɡɾinɡan,aɡɾinɡan,aɡɾinɡ,aɡɾinɡ,NL
aɡɾinɡan,aɡɾinɡan,aɡɾinɡ,aɡɾinɡ,NL
aɡɾinɡan,aɡɾinɡan,aɡɾinɡ,aɡɾinɡ,NL
aɡɾinɡan,aɡɾinɡan,aɡɾinɡ,aɡɾinɡ,NL
aɡɾinɡan,aɡɾinɡan,aɡɾinɡ,aɡɾinɡ,NL
aɡɾinɡan,aɡɾinɡan,aɡɾinɡ,aɡɾinɡ,NL
aɡɾinɡan,aɡɾinɡan,aɡɾinɡ,aɡɾinɡ,NL
aɡɾinɡan,aɡɾinɡan,aɡɾinɡ,aɡɾinɡ,NL
aɡɾinɡan,aɡɾinɡan,aɡɾinɡ,aɡɾinɡ,NL
aɡɾinɡan,aɡɾinɡan,aɡɾinɡ,aɡɾinɡ,NL
aɡɾinɡan,aɡɾinɡan,aɡɾinɡ,aɡɾinɡ,NL
aɡɾinɡan,aɡɾinɡan,aɡɾinɡ,aɡɾinɡ,NL
aɡɾinɡan,aɡɾinɡan,aɡɾinɡ,aɡɾinɡ,NL
aɡɾinɡas,aɡɾinɡas,aɡɾinɡ,aɡɾinɡ,NL
aɡɾinɡas,aɡɾinɡas,aɡɾinɡ,aɡɾinɡ,NL
aɡɾinɡas,aɡɾinɡas,aɡɾinɡ,aɡɾinɡ,NL
aɡɾinɡas,aɡɾinɡas,aɡɾinɡ,aɡɾinɡ,NL
aɡɾinɡas,aɡɾinɡas,aɡɾinɡ,aɡɾinɡ,NL
aɡɾinɡas,aɡɾinɡas,aɡɾinɡ,aɡɾinɡ,NL
aɡɾinɡas,aɡɾinɡas,aɡɾinɡ,aɡɾinɡ,NL
aɡɾinɡas,aɡɾinɡas,aɡɾinɡ,aɡɾinɡ,NL
aɡɾinɡas,aɡɾinɡas,aɡɾinɡ,aɡɾinɡ,NL
aɡɾinɡas,aɡɾinɡas,aɡɾinɡ,aɡɾinɡ,NL
aɡɾinɡas,aɡɾinɡas,aɡɾinɡ,aɡɾinɡ,NL
aɡɾinɡas,aɡɾinɡas,aɡɾinɡ,aɡɾinɡ,NL
aɡɾinɡas,aɡɾinɡas,aɡɾinɡ,aɡɾinɡ,NL
aɡɾinɡas,aɡɾinɡas,aɡɾinɡ,aɡɾinɡ,NL
aɡɾinɡas,aɡɾinɡas,aɡɾinɡ,aɡɾinɡ,NL
aɡɾinɡas,aɡɾinɡas,aɡɾinɡ,aɡɾinɡ,NL
aɡɾinɡas,aɡɾinɡas,aɡɾinɡ,aɡɾinɡ,NL
aɡɾinɡas,aɡɾinɡas,aɡɾinɡ,aɡɾinɡ,NL
aɡɾinɡas,aɡɾinɡas,aɡɾinɡ,aɡɾinɡ,NL
aɡɾinɡas,aɡɾinɡas,aɡɾinɡ,aɡɾinɡ,NL
aɡɾinɡas,aɡɾinas,aɡɾin,aɡɾinɡ,NL
aɡɾinɡas,aɡɾinɡas,aɡɾinɡ,aɡɾinɡ,NL
aɡɾinɡas,aɡɾinɡas,aɡɾinɡ,aɡɾinɡ,NL
aɡɾinɡas,aɡɾinɡas,aɡɾinɡ,aɡɾinɡ,NL
aɡɾinɡas,aɡɾinɡas,aɡɾinɡ,aɡɾinɡ,NL
aɡɾinɡas,aɡɾinɡas,aɡɾinɡ,aɡɾinɡ,NL
aɡɾinɡas,aɡɾinɡas,aɡɾinɡ,aɡɾinɡ,NL
aɡɾinɡas,aɡɾinas,aɡɾin,aɡɾinɡ,NL
aɡɾinɡas,aɡɾinɡas,aɡɾinɡ,aɡɾinɡ,NL
aɡɾinɡas,aɡɾinɡas,aɡɾinɡ,aɡɾinɡ,NL
aɡɾinɡas,aɡɾinɡas,aɡɾinɡ,aɡɾinɡ,NL
aɡɾinɡas,aɡɾinɡas,aɡɾinɡ,aɡɾinɡ,NL
aɡɾinɡas,aɡɾinɡas,aɡɾinɡ,aɡɾinɡ,NL
aɡɾinɡas,aɡɾinɡas,aɡɾinɡ,aɡɾinɡ,NL
aɡɾinɡas,aɡɾinɡas,aɡɾinɡ,aɡɾinɡ,NL
aɡɾinɡas,aɡɾinas,aɡɾin,aɡɾinɡ,NL
aɡɾinɡas,aɡɾinas,aɡɾin,aɡɾinɡ,NL
aɡɾinɡas,aɡɾinas,aɡɾin,aɡɾinɡ,NL
aɡɾinɡas,aɡɾinas,aɡɾin,aɡɾinɡ,NL
aɡɾinɡas,aɡɾinas,aɡɾin,aɡɾinɡ,NL
aɡɾinɡas,aɡɾinɡas,aɡɾinɡ,aɡɾinɡ,NL
aɡɾinɡas,aɡɾinɡas,aɡɾinɡ,aɡɾinɡ,NL
aɡɾinɡas,aɡɾinɡas,aɡɾinɡ,aɡɾinɡ,NL
aɡɾinɡas,aɡɾinɡas,aɡɾinɡ,aɡɾinɡ,NL
aɡɾinɡas,aɡɾinɡas,aɡɾinɡ,aɡɾinɡ,NL
aɡɾinɡas,aɡɾinɡas,aɡɾinɡ,aɡɾinɡ,NL
aɡɾinɡas,aɡɾinɡas,aɡɾinɡ,aɡɾinɡ,NL
aɡɾinɡas,aɡɾinɡas,aɡɾinɡ,aɡɾinɡ,NL
aɡɾinɡas,aɡɾinɡas,aɡɾinɡ,aɡɾinɡ,NL
aɡɾinɡas,aɡɾinɡas,aɡɾinɡ,aɡɾinɡ,NL
aɡɾinɡas,aɡɾinɡas,aɡɾinɡ,aɡɾinɡ,NL
aɡɾinɡas,aɡɾinɡas,aɡɾinɡ,aɡɾinɡ,NL
aɡɾinɡas,aɡɾinɡas,aɡɾinɡ,aɡɾinɡ,NL
aɡɾinɡas,aɡɾinɡas,aɡɾinɡ,aɡɾinɡ,NL
aɡɾinɡas,aɡɾinɡas,aɡɾinɡ,aɡɾinɡ,NL
aɡɾinɡa,aɡɾinɡa,aɡɾinɡ,aɡɾinɡ,NL
aɡɾinɡa,aɡɾinɡa,aɡɾinɡ,aɡɾinɡ,NL
aɡɾinɡa,aɡɾinɡa,aɡɾinɡ,aɡɾinɡ,NL
aɡɾinɡa,aɡɾinɡa,aɡɾinɡ,aɡɾinɡ,NL
aɡɾinɡa,aɡɾinɡa,aɡɾinɡ,aɡɾinɡ,NL
aɡɾinɡa,aɡɾinɡa,aɡɾinɡ,aɡɾinɡ,NL
aɡɾinɡa,aɡɾinɡa,aɡɾinɡ,aɡɾinɡ,NL
aɡɾinɡa,aɡɾinɡa,aɡɾinɡ,aɡɾinɡ,NL
aɡɾinɡa,aɡɾinɡa,aɡɾinɡ,aɡɾinɡ,NL
aɡɾinɡa,aɡɾinɡa,aɡɾinɡ,aɡɾinɡ,NL
aɡɾinɡa,aɡɾinɡa,aɡɾinɡ,aɡɾinɡ,NL
aɡɾinɡa,aɡɾinɡa,aɡɾinɡ,aɡɾinɡ,NL
aɡɾinɡa,aɡɾinɡa,aɡɾinɡ,aɡɾinɡ,NL
aɡɾinɡa,aɡɾinɡa,aɡɾinɡ,aɡɾinɡ,NL
aɡɾinɡa,aɡɾinɡa,aɡɾinɡ,aɡɾinɡ,NL
aɡɾinɡa,aɡɾinɡa,aɡɾinɡ,aɡɾinɡ,NL
aɡɾinɡa,aɡɾinɡa,aɡɾinɡ,aɡɾinɡ,NL
aɡɾinɡa,aɡɾinɡa,aɡɾinɡ,aɡɾinɡ,NL
aɡɾinɡa,aɡɾinɡa,aɡɾinɡ,aɡɾinɡ,NL
aɡɾinɡa,aɡɾinɡa,aɡɾinɡ,aɡɾinɡ,NL
aɡɾinɡa,aɡɾinɡa,aɡɾinɡ,aɡɾinɡ,NL
aɡɾinɡa,aɡɾinɡa,aɡɾinɡ,aɡɾinɡ,NL
aɡɾinɡa,aɡɾinɡa,aɡɾinɡ,aɡɾinɡ,NL
aɡɾinɡa,aɡɾinɡa,aɡɾinɡ,aɡɾinɡ,NL
aɡɾinɡa,aɡɾinɡa,aɡɾinɡ,aɡɾinɡ,NL
aɡɾinɡa,aɡɾinɡa,aɡɾinɡ,aɡɾinɡ,NL
aɡɾinɡa,aɡɾinɡa,aɡɾinɡ,aɡɾinɡ,NL
aɡɾinɡa,aɡɾinɡa,aɡɾinɡ,aɡɾinɡ,NL
aɡɾinɡa,aɡɾinɡa,aɡɾinɡ,aɡɾinɡ,NL
aɡɾinɡa,aɡɾinɡa,aɡɾinɡ,aɡɾinɡ,NL
aɡɾinɡa,aɡɾinɡa,aɡɾinɡ,aɡɾinɡ,NL
aɡɾinɡa,aɡɾinɡa,aɡɾinɡ,aɡɾinɡ,NL
aɡɾinɡa,aɡɾinɡa,aɡɾinɡ,aɡɾinɡ,NL
aɡɾinɡa,aɡɾinɡa,aɡɾinɡ,aɡɾinɡ,NL
aɡɾinɡa,aɡɾinɡa,aɡɾinɡ,aɡɾinɡ,NL
aɡɾinɡa,aɡɾinɡa,aɡɾinɡ,aɡɾinɡ,NL
aɡɾinɡa,aɡɾinɡa,aɡɾinɡ,aɡɾinɡ,NL
aɡɾinɡa,aɡɾinɡa,aɡɾinɡ,aɡɾinɡ,NL
aɡɾinɡa,aɡɾina,aɡɾin,aɡɾinɡ,NL
aɡɾinɡa,aɡɾinɡa,aɡɾinɡ,aɡɾinɡ,NL
aɡɾinɡa,aɡɾinɡa,aɡɾinɡ,aɡɾinɡ,NL
aɡɾinɡa,aɡɾinɡa,aɡɾinɡ,aɡɾinɡ,NL
aɡɾinɡa,aɡɾinɡa,aɡɾinɡ,aɡɾinɡ,NL
aɡɾinɡa,aɡɾinɡa,aɡɾinɡ,aɡɾinɡ,NL
aɡɾinɡa,aɡɾinɡa,aɡɾinɡ,aɡɾinɡ,NL
aɡɾinɡa,aɡɾinɡa,aɡɾinɡ,aɡɾinɡ,NL
aɡɾinɡa,aɡɾinɡa,aɡɾinɡ,aɡɾinɡ,NL
aɡɾinɡa,aɡɾinɡa,aɡɾinɡ,aɡɾinɡ,NL
aɡɾinɡa,aɡɾinɡa,aɡɾinɡ,aɡɾinɡ,NL
aɡɾinɡa,aɡɾinɡa,aɡɾinɡ,aɡɾinɡ,NL
aɡɾinɡa,aɡɾinɡa,aɡɾinɡ,aɡɾinɡ,NL
aɡɾinɡa,aɡɾinɡa,aɡɾinɡ,aɡɾinɡ,NL
aɡɾinɡa,aɡɾinɡa,aɡɾinɡ,aɡɾinɡ,NL
aɡɾinɡa,aɡɾinɡa,aɡɾinɡ,aɡɾinɡ,NL
aɡɾinɡa,aɡɾinɡa,aɡɾinɡ,aɡɾinɡ,NL
aɡɾinɡo,aɡɾinɡo,aɡɾinɡ,aɡɾinɡ,NL
aɡɾinɡo,aɡɾinɡo,aɡɾinɡ,aɡɾinɡ,NL
aɡɾinɡo,aɡɾinɡo,aɡɾinɡ,aɡɾinɡ,NL
aɡɾinɡo,aɡɾinɡo,aɡɾinɡ,aɡɾinɡ,NL
aɡɾinɡo,aɡɾinɡo,aɡɾinɡ,aɡɾinɡ,NL
aɡɾinɡo,aɡɾinɡo,aɡɾinɡ,aɡɾinɡ,NL
aɡɾinɡo,aɡɾinɡo,aɡɾinɡ,aɡɾinɡ,NL
aɡɾinɡo,aɡɾinɡo,aɡɾinɡ,aɡɾinɡ,NL
aɡɾinɡo,aɡɾinɡo,aɡɾinɡ,aɡɾinɡ,NL
aɡɾinɡo,aɡɾinɡo,aɡɾinɡ,aɡɾinɡ,NL
aɡɾinɡo,aɡɾinɡo,aɡɾinɡ,aɡɾinɡ,NL
aɡɾinɡo,aɡɾinɡo,aɡɾinɡ,aɡɾinɡ,NL
aɡɾinɡo,aɡɾinɡo,aɡɾinɡ,aɡɾinɡ,NL
aɡɾinɡo,aɡɾinɡo,aɡɾinɡ,aɡɾinɡ,NL
aɡɾinɡo,aɡɾinɡo,aɡɾinɡ,aɡɾinɡ,NL
aɡɾinɡo,aɡɾinɡo,aɡɾinɡ,aɡɾinɡ,NL
aɡɾinɡo,aɡɾinɡo,aɡɾinɡ,aɡɾinɡ,NL
aɡɾinɡo,aɡɾinɡo,aɡɾinɡ,aɡɾinɡ,NL
aɡɾinɡo,aɡɾinɡo,aɡɾinɡ,aɡɾinɡ,NL
aɡɾinɡo,aɡɾinɡo,aɡɾinɡ,aɡɾinɡ,NL
aɡɾinɡo,aɡɾinɡo,aɡɾinɡ,aɡɾinɡ,NL
aɡɾinɡo,aɡɾinɡo,aɡɾinɡ,aɡɾinɡ,NL
aɡɾinɡo,aɡɾinɡo,aɡɾinɡ,aɡɾinɡ,NL
aɡɾinɡo,aɡɾinɡo,aɡɾinɡ,aɡɾinɡ,NL
aɡɾinɡo,aɡɾinɡo,aɡɾinɡ,aɡɾinɡ,NL
aɡɾinɡo,aɡɾinɡo,aɡɾinɡ,aɡɾinɡ,NL
aɡɾinɡo,aɡɾinɡo,aɡɾinɡ,aɡɾinɡ,NL
aɡɾinɡo,aɡɾinɡo,aɡɾinɡ,aɡɾinɡ,NL
aɡɾinɡo,aɡɾinɡo,aɡɾinɡ,aɡɾinɡ,NL
aɡɾinɡo,aɡɾinɡo,aɡɾinɡ,aɡɾinɡ,NL
aɡɾinɡo,aɡɾinɡo,aɡɾinɡ,aɡɾinɡ,NL
aɡɾinɡo,aɡɾinɡo,aɡɾinɡ,aɡɾinɡ,NL
aɡɾinɡo,aɡɾinɡo,aɡɾinɡ,aɡɾinɡ,NL
aɡɾinɡo,aɡɾinɡo,aɡɾinɡ,aɡɾinɡ,NL
aɡɾinɡo,aɡɾinɡo,aɡɾinɡ,aɡɾinɡ,NL
aɡɾinɡo,aɡɾinɡo,aɡɾinɡ,aɡɾinɡ,NL
aɡɾinɡo,aɡɾinɡo,aɡɾinɡ,aɡɾinɡ,NL
aɡɾinɡo,aɡɾinɡo,aɡɾinɡ,aɡɾinɡ,NL
aɡɾinɡo,aɡɾinɡo,aɡɾinɡ,aɡɾinɡ,NL
aɡɾinɡo,aɡɾinɡo,aɡɾinɡ,aɡɾinɡ,NL
aɡɾinɡo,aɡɾinɡo,aɡɾinɡ,aɡɾinɡ,NL
aɡɾinɡo,aɡɾinɡo,aɡɾinɡ,aɡɾinɡ,NL
aɡɾinɡo,aɡɾinɡo,aɡɾinɡ,aɡɾinɡ,NL
aɡɾinɡo,aɡɾinɡo,aɡɾinɡ,aɡɾinɡ,NL
aɡɾinɡo,aɡɾinɡo,aɡɾinɡ,aɡɾinɡ,NL
aɡɾinɡo,aɡɾinɡo,aɡɾinɡ,aɡɾinɡ,NL
aɡɾinɡo,aɡɾinɡo,aɡɾinɡ,aɡɾinɡ,NL
aɡɾinɡo,aɡɾinɡo,aɡɾinɡ,aɡɾinɡ,NL
aɡɾinɡo,aɡɾinɡo,aɡɾinɡ,aɡɾinɡ,NL
aɡɾinɡo,aɡɾinɡo,aɡɾinɡ,aɡɾinɡ,NL
aɡɾinɡo,aɡɾinɡo,aɡɾinɡ,aɡɾinɡ,NL
aɡɾinɡo,aɡɾinɡo,aɡɾinɡ,aɡɾinɡ,NL
aɡɾinɡo,aɡɾinɡo,aɡɾinɡ,aɡɾinɡ,NL
aɡɾinɡo,aɡɾinɡo,aɡɾinɡ,aɡɾinɡ,NL
aɡɾinɡo,aɡɾinɡo,aɡɾinɡ,aɡɾinɡ,NL
aɡɾinɡeis,aɡɾinɡeis,aɡɾinɡe,aɡɾinɡe,NL
aɡɾinɡeis,aɡɾinɡeis,aɡɾinɡe,aɡɾinɡe,NL
aɡɾinɡeis,aɡɾinɡeis,aɡɾinɡe,aɡɾinɡe,NL
aɡɾinɡeis,aɡɾinɡeis,aɡɾinɡe,aɡɾinɡe,NL
aɡɾinɡeis,aɡɾinɡeis,aɡɾinɡe,aɡɾinɡe,NL
aɡɾinɡeis,aɡɾinɡeis,aɡɾinɡe,aɡɾinɡe,NL
aɡɾinɡeis,aɡɾinɡeis,aɡɾinɡe,aɡɾinɡe,NL
aɡɾinɡeis,aɡɾinɡeis,aɡɾinɡe,aɡɾinɡe,NL
aɡɾinɡeis,aɡɾinɡeis,aɡɾinɡe,aɡɾinɡe,NL
aɡɾinɡeis,aɡɾinɡeis,aɡɾinɡe,aɡɾinɡe,NL
aɡɾinɡeis,aɡɾinɡeis,aɡɾinɡe,aɡɾinɡe,NL
aɡɾinɡeis,aɡɾinɡeis,aɡɾinɡe,aɡɾinɡe,NL
aɡɾinɡeis,aɡɾinɡeis,aɡɾinɡe,aɡɾinɡe,NL
aɡɾinɡeis,aɡɾinɡeis,aɡɾinɡe,aɡɾinɡe,NL
aɡɾinɡeis,aɡɾinɡeis,aɡɾinɡe,aɡɾinɡe,NL
aɡɾinɡeis,aɡɾinɡeis,aɡɾinɡe,aɡɾinɡe,NL
aɡɾinɡeis,aɡɾinɡeis,aɡɾinɡe,aɡɾinɡe,NL
aɡɾinɡeis,aɡɾinɡeis,aɡɾinɡe,aɡɾinɡe,NL
aɡɾinɡeis,aɡɾinɡeis,aɡɾinɡe,aɡɾinɡe,NL
aɡɾinɡeis,aɡɾinejs,aɡɾin,aɡɾinɡe,NL
aɡɾinɡeis,aɡɾinejs,aɡɾin,aɡɾinɡe,NL
aɡɾinɡeis,aɡɾinejs,aɡɾin,aɡɾinɡe,NL
aɡɾinɡeis,aɡɾinejs,aɡɾin,aɡɾinɡe,NL
aɡɾinɡeis,aɡɾinejs,aɡɾin,aɡɾinɡe,NL
aɡɾinɡeis,aɡɾinejs,aɡɾin,aɡɾinɡe,NL
aɡɾinɡeis,aɡɾinejs,aɡɾin,aɡɾinɡe,NL
aɡɾinɡeis,aɡɾinejs,aɡɾin,aɡɾinɡe,NL
aɡɾinɡeis,aɡɾinejs,aɡɾin,aɡɾinɡe,NL
aɡɾinɡeis,aɡɾinejs,aɡɾin,aɡɾinɡe,NL
aɡɾinɡeis,aɡɾinɡeis,aɡɾinɡe,aɡɾinɡe,NL
aɡɾinɡeis,aɡɾinejs,aɡɾin,aɡɾinɡe,NL
aɡɾinɡeis,aɡɾinejs,aɡɾin,aɡɾinɡe,NL
aɡɾinɡeis,aɡɾinejs,aɡɾin,aɡɾinɡe,NL
aɡɾinɡeis,aɡɾinejs,aɡɾin,aɡɾinɡe,NL
aɡɾinɡeis,aɡɾinejs,aɡɾin,aɡɾinɡe,NL
aɡɾinɡeis,aɡɾinɡeis,aɡɾinɡe,aɡɾinɡe,NL
aɡɾinɡeis,aɡɾinejs,aɡɾin,aɡɾinɡe,NL
aɡɾinɡeis,aɡɾinejs,aɡɾin,aɡɾinɡe,NL
aɡɾinɡeis,aɡɾinejs,aɡɾin,aɡɾinɡe,NL
aɡɾinɡeis,aɡɾinejs,aɡɾin,aɡɾinɡe,NL
aɡɾinɡeis,aɡɾinejs,aɡɾin,aɡɾinɡe,NL
aɡɾinɡeis,aɡɾinejs,aɡɾin,aɡɾinɡe,NL
aɡɾinɡeis,aɡɾinejs,aɡɾin,aɡɾinɡe,NL
aɡɾinɡeis,aɡɾinejs,aɡɾin,aɡɾinɡe,NL
aɡɾinɡeis,aɡɾinejs,aɡɾin,aɡɾinɡe,NL
aɡɾinɡeis,aɡɾinɡeis,aɡɾinɡe,aɡɾinɡe,NL
aɡɾinɡeis,aɡɾinɡeis,aɡɾinɡe,aɡɾinɡe,NL
aɡɾinɡeis,aɡɾinɡeis,aɡɾinɡe,aɡɾinɡe,NL
aɡɾinɡeis,aɡɾinɡeis,aɡɾinɡe,aɡɾinɡe,NL
aɡɾinɡeis,aɡɾinejs,aɡɾin,aɡɾinɡe,NL
aɡɾinɡeis,aɡɾinejs,aɡɾin,aɡɾinɡe,NL
aɡɾinɡeis,aɡɾinejs,aɡɾin,aɡɾinɡe,NL
aɡɾinɡeis,aɡɾinejs,aɡɾin,aɡɾinɡe,NL
aɡɾinɡeis,aɡɾinejs,aɡɾin,aɡɾinɡe,NL
aɡɾinɡeis,aɡɾinejs,aɡɾin,aɡɾinɡe,NL
aɡɾinɡemos,aɡɾinɡemos,aɡɾinɡ,aɡɾinɡ,NL
aɡɾinɡemos,aɡɾinɡemos,aɡɾinɡ,aɡɾinɡ,NL
aɡɾinɡemos,aɡɾinɡemos,aɡɾinɡ,aɡɾinɡ,NL
aɡɾinɡemos,aɡɾinɡemos,aɡɾinɡ,aɡɾinɡ,NL
aɡɾinɡemos,aɡɾinɡemos,aɡɾinɡ,aɡɾinɡ,NL
aɡɾinɡemos,aɡɾinɡemos,aɡɾinɡ,aɡɾinɡ,NL
aɡɾinɡemos,aɡɾinɡemos,aɡɾinɡ,aɡɾinɡ,NL
aɡɾinɡemos,aɡɾinɡemos,aɡɾinɡ,aɡɾinɡ,NL
aɡɾinɡemos,aɡɾinɡemos,aɡɾinɡ,aɡɾinɡ,NL
aɡɾinɡemos,aɡɾinɡemos,aɡɾinɡ,aɡɾinɡ,NL
aɡɾinɡemos,aɡɾinɡemos,aɡɾinɡ,aɡɾinɡ,NL
aɡɾinɡemos,aɡɾinɡemos,aɡɾinɡ,aɡɾinɡ,NL
aɡɾinɡemos,aɡɾinɡemos,aɡɾinɡ,aɡɾinɡ,NL
aɡɾinɡemos,aɡɾinɡemos,aɡɾinɡ,aɡɾinɡ,NL
aɡɾinɡemos,aɡɾinɡemos,aɡɾinɡ,aɡɾinɡ,NL
aɡɾinɡemos,aɡɾinɡemos,aɡɾinɡ,aɡɾinɡ,NL
aɡɾinɡemos,aɡɾinɡemos,aɡɾinɡ,aɡɾinɡ,NL
aɡɾinɡemos,aɡɾinɡemos,aɡɾinɡ,aɡɾinɡ,NL
aɡɾinɡemos,aɡɾinɡemos,aɡɾinɡ,aɡɾinɡ,NL
aɡɾinɡemos,aɡɾinemos,aɡɾin,aɡɾinɡ,NL
aɡɾinɡemos,aɡɾinemos,aɡɾin,aɡɾinɡ,NL
aɡɾinɡemos,aɡɾinemos,aɡɾin,aɡɾinɡ,NL
aɡɾinɡemos,aɡɾinɡemos,aɡɾinɡ,aɡɾinɡ,NL
aɡɾinɡemos,aɡɾinemos,aɡɾin,aɡɾinɡ,NL
aɡɾinɡemos,aɡɾinemos,aɡɾin,aɡɾinɡ,NL
aɡɾinɡemos,aɡɾinemos,aɡɾin,aɡɾinɡ,NL
aɡɾinɡemos,aɡɾinemos,aɡɾin,aɡɾinɡ,NL
aɡɾinɡemos,aɡɾinemos,aɡɾin,aɡɾinɡ,NL
aɡɾinɡemos,aɡɾinemos,aɡɾin,aɡɾinɡ,NL
aɡɾinɡemos,aɡɾinɡemos,aɡɾinɡ,aɡɾinɡ,NL
aɡɾinɡemos,aɡɾinemos,aɡɾin,aɡɾinɡ,NL
aɡɾinɡemos,aɡɾinemos,aɡɾin,aɡɾinɡ,NL
aɡɾinɡemos,aɡɾinemos,aɡɾin,aɡɾinɡ,NL
aɡɾinɡemos,aɡɾinemos,aɡɾin,aɡɾinɡ,NL
aɡɾinɡemos,aɡɾinemos,aɡɾin,aɡɾinɡ,NL
aɡɾinɡemos,aɡɾinɡemos,aɡɾinɡ,aɡɾinɡ,NL
aɡɾinɡemos,aɡɾinemos,aɡɾin,aɡɾinɡ,NL
aɡɾinɡemos,aɡɾinemos,aɡɾin,aɡɾinɡ,NL
aɡɾinɡemos,aɡɾinemos,aɡɾin,aɡɾinɡ,NL
aɡɾinɡemos,aɡɾinemos,aɡɾin,aɡɾinɡ,NL
aɡɾinɡemos,aɡɾinemos,aɡɾin,aɡɾinɡ,NL
aɡɾinɡemos,aɡɾinemos,aɡɾin,aɡɾinɡ,NL
aɡɾinɡemos,aɡɾinemos,aɡɾin,aɡɾinɡ,NL
aɡɾinɡemos,aɡɾinemos,aɡɾin,aɡɾinɡ,NL
aɡɾinɡemos,aɡɾinemos,aɡɾin,aɡɾinɡ,NL
aɡɾinɡemos,aɡɾinɡemos,aɡɾinɡ,aɡɾinɡ,NL
aɡɾinɡemos,aɡɾinɡemos,aɡɾinɡ,aɡɾinɡ,NL
aɡɾinɡemos,aɡɾinɡemos,aɡɾinɡ,aɡɾinɡ,NL
aɡɾinɡemos,aɡɾinɡemos,aɡɾinɡ,aɡɾinɡ,NL
aɡɾinɡemos,aɡɾinemos,aɡɾin,aɡɾinɡ,NL
aɡɾinɡemos,aɡɾinemos,aɡɾin,aɡɾinɡ,NL
aɡɾinɡemos,aɡɾinemos,aɡɾin,aɡɾinɡ,NL
aɡɾinɡemos,aɡɾinemos,aɡɾin,aɡɾinɡ,NL
aɡɾinɡemos,aɡɾinemos,aɡɾin,aɡɾinɡ,NL
aɡɾinɡemos,aɡɾinemos,aɡɾin,aɡɾinɡ,NL
aɡɾinɡen,aɡɾinɡen,aɡɾinɡ,aɡɾinɡ,NL
aɡɾinɡen,aɡɾinɡen,aɡɾinɡ,aɡɾinɡ,NL
aɡɾinɡen,aɡɾinɡen,aɡɾinɡ,aɡɾinɡ,NL
aɡɾinɡen,aɡɾinɡen,aɡɾinɡ,aɡɾinɡ,NL
aɡɾinɡen,aɡɾinɡen,aɡɾinɡ,aɡɾinɡ,NL
aɡɾinɡen,aɡɾinɡen,aɡɾinɡ,aɡɾinɡ,NL
aɡɾinɡen,aɡɾinɡen,aɡɾinɡ,aɡɾinɡ,NL
aɡɾinɡen,aɡɾinɡen,aɡɾinɡ,aɡɾinɡ,NL
aɡɾinɡen,aɡɾinɡen,aɡɾinɡ,aɡɾinɡ,NL
aɡɾinɡen,aɡɾinɡen,aɡɾinɡ,aɡɾinɡ,NL
aɡɾinɡen,aɡɾinɡen,aɡɾinɡ,aɡɾinɡ,NL
aɡɾinɡen,aɡɾinɡen,aɡɾinɡ,aɡɾinɡ,NL
aɡɾinɡen,aɡɾinɡen,aɡɾinɡ,aɡɾinɡ,NL
aɡɾinɡen,aɡɾinɡen,aɡɾinɡ,aɡɾinɡ,NL
aɡɾinɡen,aɡɾinɡen,aɡɾinɡ,aɡɾinɡ,NL
aɡɾinɡen,aɡɾinɡen,aɡɾinɡ,aɡɾinɡ,NL
aɡɾinɡen,aɡɾinɡen,aɡɾinɡ,aɡɾinɡ,NL
aɡɾinɡen,aɡɾinɡen,aɡɾinɡ,aɡɾinɡ,NL
aɡɾinɡen,aɡɾinɡen,aɡɾinɡ,aɡɾinɡ,NL
aɡɾinɡen,aɡɾinɡan,aɡɾinɡ,aɡɾinɡ,NL
aɡɾinɡen,aɡɾinɡan,aɡɾinɡ,aɡɾinɡ,NL
aɡɾinɡen,aɡɾinɡan,aɡɾinɡ,aɡɾinɡ,NL
aɡɾinɡen,aɡɾinɡan,aɡɾinɡ,aɡɾinɡ,NL
aɡɾinɡen,aɡɾinɡan,aɡɾinɡ,aɡɾinɡ,NL
aɡɾinɡen,aɡɾinɡan,aɡɾinɡ,aɡɾinɡ,NL
aɡɾinɡen,aɡɾinɡan,aɡɾinɡ,aɡɾinɡ,NL
aɡɾinɡen,aɡɾinɡan,aɡɾinɡ,aɡɾinɡ,NL
aɡɾinɡen,aɡɾinɡan,aɡɾinɡ,aɡɾinɡ,NL
aɡɾinɡen,aɡɾinɡan,aɡɾinɡ,aɡɾinɡ,NL
aɡɾinɡen,aɡɾinɡan,aɡɾinɡ,aɡɾinɡ,NL
aɡɾinɡen,aɡɾinɡan,aɡɾinɡ,aɡɾinɡ,NL
aɡɾinɡen,aɡɾinɡan,aɡɾinɡ,aɡɾinɡ,NL
aɡɾinɡen,aɡɾinɡan,aɡɾinɡ,aɡɾinɡ,NL
aɡɾinɡen,aɡɾinɡan,aɡɾinɡ,aɡɾinɡ,NL
aɡɾinɡen,aɡɾinɡan,aɡɾinɡ,aɡɾinɡ,NL
aɡɾinɡen,aɡɾinɡan,aɡɾinɡ,aɡɾinɡ,NL
aɡɾinɡen,aɡɾinɡan,aɡɾinɡ,aɡɾinɡ,NL
aɡɾinɡen,aɡɾinɡan,aɡɾinɡ,aɡɾinɡ,NL
aɡɾinɡen,aɡɾinɡan,aɡɾinɡ,aɡɾinɡ,NL
aɡɾinɡen,aɡɾinɡan,aɡɾinɡ,aɡɾinɡ,NL
aɡɾinɡen,aɡɾinɡan,aɡɾinɡ,aɡɾinɡ,NL
aɡɾinɡen,aɡɾinɡan,aɡɾinɡ,aɡɾinɡ,NL
aɡɾinɡen,aɡɾinɡan,aɡɾinɡ,aɡɾinɡ,NL
aɡɾinɡen,aɡɾinɡan,aɡɾinɡ,aɡɾinɡ,NL
aɡɾinɡen,aɡɾinɡan,aɡɾinɡ,aɡɾinɡ,NL
aɡɾinɡen,aɡɾinɡen,aɡɾinɡ,aɡɾinɡ,NL
aɡɾinɡen,aɡɾinɡen,aɡɾinɡ,aɡɾinɡ,NL
aɡɾinɡen,aɡɾinɡen,aɡɾinɡ,aɡɾinɡ,NL
aɡɾinɡen,aɡɾinɡen,aɡɾinɡ,aɡɾinɡ,NL
aɡɾinɡen,aɡɾinɡen,aɡɾinɡ,aɡɾinɡ,NL
aɡɾinɡen,aɡɾinɡen,aɡɾinɡ,aɡɾinɡ,NL
aɡɾinɡen,aɡɾinɡen,aɡɾinɡ,aɡɾinɡ,NL
aɡɾinɡen,aɡɾinɡan,aɡɾinɡ,aɡɾinɡ,NL
aɡɾinɡen,aɡɾinɡan,aɡɾinɡ,aɡɾinɡ,NL
aɡɾinɡen,aɡɾinɡan,aɡɾinɡ,aɡɾinɡ,NL
aɡɾinɡes,aɡɾinɡes,aɡɾinɡ,aɡɾinɡ,NL
aɡɾinɡes,aɡɾinɡes,aɡɾinɡ,aɡɾinɡ,NL
aɡɾinɡes,aɡɾinɡes,aɡɾinɡ,aɡɾinɡ,NL
aɡɾinɡes,aɡɾinɡes,aɡɾinɡ,aɡɾinɡ,NL
aɡɾinɡes,aɡɾinɡes,aɡɾinɡ,aɡɾinɡ,NL
aɡɾinɡes,aɡɾinɡes,aɡɾinɡ,aɡɾinɡ,NL
aɡɾinɡes,aɡɾinɡes,aɡɾinɡ,aɡɾinɡ,NL
aɡɾinɡes,aɡɾinɡes,aɡɾinɡ,aɡɾinɡ,NL
aɡɾinɡes,aɡɾinɡes,aɡɾinɡ,aɡɾinɡ,NL
aɡɾinɡes,aɡɾinɡes,aɡɾinɡ,aɡɾinɡ,NL
aɡɾinɡes,aɡɾinɡes,aɡɾinɡ,aɡɾinɡ,NL
aɡɾinɡes,aɡɾinɡes,aɡɾinɡ,aɡɾinɡ,NL
aɡɾinɡes,aɡɾinɡes,aɡɾinɡ,aɡɾinɡ,NL
aɡɾinɡes,aɡɾinɡes,aɡɾinɡ,aɡɾinɡ,NL
aɡɾinɡes,aɡɾinɡes,aɡɾinɡ,aɡɾinɡ,NL
aɡɾinɡes,aɡɾinɡes,aɡɾinɡ,aɡɾinɡ,NL
aɡɾinɡes,aɡɾinɡes,aɡɾinɡ,aɡɾinɡ,NL
aɡɾinɡes,aɡɾinɡes,aɡɾinɡ,aɡɾinɡ,NL
aɡɾinɡes,aɡɾinɡes,aɡɾinɡ,aɡɾinɡ,NL
aɡɾinɡes,aɡɾinɡas,aɡɾinɡ,aɡɾinɡ,NL
aɡɾinɡes,aɡɾinɡas,aɡɾinɡ,aɡɾinɡ,NL
aɡɾinɡes,aɡɾinɡas,aɡɾinɡ,aɡɾinɡ,NL
aɡɾinɡes,aɡɾinɡas,aɡɾinɡ,aɡɾinɡ,NL
aɡɾinɡes,aɡɾinɡas,aɡɾinɡ,aɡɾinɡ,NL
aɡɾinɡes,aɡɾinɡas,aɡɾinɡ,aɡɾinɡ,NL
aɡɾinɡes,aɡɾinɡas,aɡɾinɡ,aɡɾinɡ,NL
aɡɾinɡes,aɡɾinɡas,aɡɾinɡ,aɡɾinɡ,NL
aɡɾinɡes,aɡɾinɡas,aɡɾinɡ,aɡɾinɡ,NL
aɡɾinɡes,aɡɾinɡas,aɡɾinɡ,aɡɾinɡ,NL
aɡɾinɡes,aɡɾinɡas,aɡɾinɡ,aɡɾinɡ,NL
aɡɾinɡes,aɡɾinɡas,aɡɾinɡ,aɡɾinɡ,NL
aɡɾinɡes,aɡɾinɡas,aɡɾinɡ,aɡɾinɡ,NL
aɡɾinɡes,aɡɾinɡas,aɡɾinɡ,aɡɾinɡ,NL
aɡɾinɡes,aɡɾinɡas,aɡɾinɡ,aɡɾinɡ,NL
aɡɾinɡes,aɡɾinɡas,aɡɾinɡ,aɡɾinɡ,NL
aɡɾinɡes,aɡɾinɡas,aɡɾinɡ,aɡɾinɡ,NL
aɡɾinɡes,aɡɾinɡas,aɡɾinɡ,aɡɾinɡ,NL
aɡɾinɡes,aɡɾinɡas,aɡɾinɡ,aɡɾinɡ,NL
aɡɾinɡes,aɡɾinɡas,aɡɾinɡ,aɡɾinɡ,NL
aɡɾinɡes,aɡɾinɡas,aɡɾinɡ,aɡɾinɡ,NL
aɡɾinɡes,aɡɾinɡas,aɡɾinɡ,aɡɾinɡ,NL
aɡɾinɡes,aɡɾinɡas,aɡɾinɡ,aɡɾinɡ,NL
aɡɾinɡes,aɡɾinɡas,aɡɾinɡ,aɡɾinɡ,NL
aɡɾinɡes,aɡɾinɡas,aɡɾinɡ,aɡɾinɡ,NL
aɡɾinɡes,aɡɾinɡas,aɡɾinɡ,aɡɾinɡ,NL
aɡɾinɡes,aɡɾinɡes,aɡɾinɡ,aɡɾinɡ,NL
aɡɾinɡes,aɡɾinɡes,aɡɾinɡ,aɡɾinɡ,NL
aɡɾinɡes,aɡɾinɡes,aɡɾinɡ,aɡɾinɡ,NL
aɡɾinɡes,aɡɾinɡes,aɡɾinɡ,aɡɾinɡ,NL
aɡɾinɡes,aɡɾinɡes,aɡɾinɡ,aɡɾinɡ,NL
aɡɾinɡes,aɡɾinɡes,aɡɾinɡ,aɡɾinɡ,NL
aɡɾinɡes,aɡɾinɡes,aɡɾinɡ,aɡɾinɡ,NL
aɡɾinɡes,aɡɾinɡas,aɡɾinɡ,aɡɾinɡ,NL
aɡɾinɡes,aɡɾinɡas,aɡɾinɡ,aɡɾinɡ,NL
aɡɾinɡes,aɡɾinɡas,aɡɾinɡ,aɡɾinɡ,NL
aɡɾinɡe,aɡɾinɡe,aɡɾinɡ,aɡɾinɡ,NL
aɡɾinɡe,aɡɾinɡe,aɡɾinɡ,aɡɾinɡ,NL
aɡɾinɡe,aɡɾinɡe,aɡɾinɡ,aɡɾinɡ,NL
aɡɾinɡe,aɡɾinɡe,aɡɾinɡ,aɡɾinɡ,NL
aɡɾinɡe,aɡɾinɡe,aɡɾinɡ,aɡɾinɡ,NL
aɡɾinɡe,aɡɾinɡe,aɡɾinɡ,aɡɾinɡ,NL
aɡɾinɡe,aɡɾinɡe,aɡɾinɡ,aɡɾinɡ,NL
aɡɾinɡe,aɡɾinɡe,aɡɾinɡ,aɡɾinɡ,NL
aɡɾinɡe,aɡɾinɡe,aɡɾinɡ,aɡɾinɡ,NL
aɡɾinɡe,aɡɾinɡe,aɡɾinɡ,aɡɾinɡ,NL
aɡɾinɡe,aɡɾinɡe,aɡɾinɡ,aɡɾinɡ,NL
aɡɾinɡe,aɡɾinɡe,aɡɾinɡ,aɡɾinɡ,NL
aɡɾinɡe,aɡɾinɡe,aɡɾinɡ,aɡɾinɡ,NL
aɡɾinɡe,aɡɾinɡe,aɡɾinɡ,aɡɾinɡ,NL
aɡɾinɡe,aɡɾinɡe,aɡɾinɡ,aɡɾinɡ,NL
aɡɾinɡe,aɡɾinɡe,aɡɾinɡ,aɡɾinɡ,NL
aɡɾinɡe,aɡɾinɡe,aɡɾinɡ,aɡɾinɡ,NL
aɡɾinɡe,aɡɾinɡe,aɡɾinɡ,aɡɾinɡ,NL
aɡɾinɡe,aɡɾinɡe,aɡɾinɡ,aɡɾinɡ,NL
aɡɾinɡe,aɡɾinɡa,aɡɾinɡ,aɡɾinɡ,NL
aɡɾinɡe,aɡɾinɡa,aɡɾinɡ,aɡɾinɡ,NL
aɡɾinɡe,aɡɾinɡa,aɡɾinɡ,aɡɾinɡ,NL
aɡɾinɡe,aɡɾinɡa,aɡɾinɡ,aɡɾinɡ,NL
aɡɾinɡe,aɡɾinɡa,aɡɾinɡ,aɡɾinɡ,NL
aɡɾinɡe,aɡɾinɡa,aɡɾinɡ,aɡɾinɡ,NL
aɡɾinɡe,aɡɾinɡa,aɡɾinɡ,aɡɾinɡ,NL
aɡɾinɡe,aɡɾinɡa,aɡɾinɡ,aɡɾinɡ,NL
aɡɾinɡe,aɡɾinɡa,aɡɾinɡ,aɡɾinɡ,NL
aɡɾinɡe,aɡɾinɡa,aɡɾinɡ,aɡɾinɡ,NL
aɡɾinɡe,aɡɾinɡa,aɡɾinɡ,aɡɾinɡ,NL
aɡɾinɡe,aɡɾinɡa,aɡɾinɡ,aɡɾinɡ,NL
aɡɾinɡe,aɡɾinɡa,aɡɾinɡ,aɡɾinɡ,NL
aɡɾinɡe,aɡɾinɡa,aɡɾinɡ,aɡɾinɡ,NL
aɡɾinɡe,aɡɾinɡa,aɡɾinɡ,aɡɾinɡ,NL
aɡɾinɡe,aɡɾinɡe,aɡɾinɡ,aɡɾinɡ,NL
aɡɾinɡe,aɡɾinɡa,aɡɾinɡ,aɡɾinɡ,NL
aɡɾinɡe,aɡɾinɡa,aɡɾinɡ,aɡɾinɡ,NL
aɡɾinɡe,aɡɾinɡa,aɡɾinɡ,aɡɾinɡ,NL
aɡɾinɡe,aɡɾinɡa,aɡɾinɡ,aɡɾinɡ,NL
aɡɾinɡe,aɡɾinɡa,aɡɾinɡ,aɡɾinɡ,NL
aɡɾinɡe,aɡɾinɡa,aɡɾinɡ,aɡɾinɡ,NL
aɡɾinɡe,aɡɾinɡa,aɡɾinɡ,aɡɾinɡ,NL
aɡɾinɡe,aɡɾinɡa,aɡɾinɡ,aɡɾinɡ,NL
aɡɾinɡe,aɡɾinɡa,aɡɾinɡ,aɡɾinɡ,NL
aɡɾinɡe,aɡɾinɡe,aɡɾinɡ,aɡɾinɡ,NL
aɡɾinɡe,aɡɾinɡe,aɡɾinɡ,aɡɾinɡ,NL
aɡɾinɡe,aɡɾinɡe,aɡɾinɡ,aɡɾinɡ,NL
aɡɾinɡe,aɡɾinɡe,aɡɾinɡ,aɡɾinɡ,NL
aɡɾinɡe,aɡɾinɡe,aɡɾinɡ,aɡɾinɡ,NL
aɡɾinɡe,aɡɾinɡe,aɡɾinɡ,aɡɾinɡ,NL
aɡɾinɡe,aɡɾinɡe,aɡɾinɡ,aɡɾinɡ,NL
aɡɾinɡe,aɡɾinɡe,aɡɾinɡ,aɡɾinɡ,NL
aɡɾinɡe,aɡɾinɡa,aɡɾinɡ,aɡɾinɡ,NL
aɡɾinɡe,aɡɾinɡa,aɡɾinɡ,aɡɾinɡ,NL
aɡɾinɡe,aɡɾinɡa,aɡɾinɡ,aɡɾinɡ,NL
aɡɾinɡe,aɡɾinɡe,aɡɾinɡ,aɡɾinɡ,NL
aɡɾinɡe,aɡɾinɡe,aɡɾinɡ,aɡɾinɡ,NL
aɡɾinɡe,aɡɾinɡe,aɡɾinɡ,aɡɾinɡ,NL
aɡɾinɡe,aɡɾinɡe,aɡɾinɡ,aɡɾinɡ,NL
aɡɾinɡe,aɡɾinɡe,aɡɾinɡ,aɡɾinɡ,NL
aɡɾinɡe,aɡɾinɡe,aɡɾinɡ,aɡɾinɡ,NL
aɡɾinɡe,aɡɾinɡe,aɡɾinɡ,aɡɾinɡ,NL
aɡɾinɡe,aɡɾinɡe,aɡɾinɡ,aɡɾinɡ,NL
aɡɾinɡe,aɡɾinɡe,aɡɾinɡ,aɡɾinɡ,NL
aɡɾinɡe,aɡɾinɡe,aɡɾinɡ,aɡɾinɡ,NL
aɡɾinɡe,aɡɾinɡe,aɡɾinɡ,aɡɾinɡ,NL
aɡɾinɡe,aɡɾinɡe,aɡɾinɡ,aɡɾinɡ,NL
aɡɾinɡe,aɡɾinɡe,aɡɾinɡ,aɡɾinɡ,NL
aɡɾinɡe,aɡɾinɡe,aɡɾinɡ,aɡɾinɡ,NL
aɡɾinɡe,aɡɾinɡe,aɡɾinɡ,aɡɾinɡ,NL
aɡɾinɡe,aɡɾinɡe,aɡɾinɡ,aɡɾinɡ,NL
aɡɾinɡe,aɡɾinɡe,aɡɾinɡ,aɡɾinɡ,NL
aɡɾinɡe,aɡɾinɡe,aɡɾinɡ,aɡɾinɡ,NL
aɡɾinɡe,aɡɾinɡe,aɡɾinɡ,aɡɾinɡ,NL
aɡɾinɡe,aɡɾinɡe,aɡɾinɡ,aɡɾinɡ,NL
aɡɾinɡe,aɡɾinɡe,aɡɾinɡ,aɡɾinɡ,NL
aɡɾinɡe,aɡɾinɡe,aɡɾinɡ,aɡɾinɡ,NL
aɡɾinɡe,aɡɾinɡe,aɡɾinɡ,aɡɾinɡ,NL
aɡɾinɡe,aɡɾinɡe,aɡɾinɡ,aɡɾinɡ,NL
aɡɾinɡe,aɡɾinɡe,aɡɾinɡ,aɡɾinɡ,NL
aɡɾinɡe,aɡɾinɡe,aɡɾinɡ,aɡɾinɡ,NL
aɡɾinɡe,aɡɾinɡe,aɡɾinɡ,aɡɾinɡ,NL
aɡɾinɡe,aɡɾinɡa,aɡɾinɡ,aɡɾinɡ,NL
aɡɾinɡe,aɡɾinɡa,aɡɾinɡ,aɡɾinɡ,NL
aɡɾinɡe,aɡɾinɡa,aɡɾinɡ,aɡɾinɡ,NL
aɡɾinɡe,aɡɾinɡe,aɡɾinɡ,aɡɾinɡ,NL
aɡɾinɡe,aɡɾinɡa,aɡɾinɡ,aɡɾinɡ,NL
aɡɾinɡe,aɡɾinɡa,aɡɾinɡ,aɡɾinɡ,NL
aɡɾinɡe,aɡɾinɡe,aɡɾinɡ,aɡɾinɡ,NL
aɡɾinɡe,aɡɾinɡe,aɡɾinɡ,aɡɾinɡ,NL
aɡɾinɡe,aɡɾinɡe,aɡɾinɡ,aɡɾinɡ,NL
aɡɾinɡe,aɡɾinɡe,aɡɾinɡ,aɡɾinɡ,NL
aɡɾinɡe,aɡɾinɡe,aɡɾinɡ,aɡɾinɡ,NL
aɡɾinɡe,aɡɾinɡe,aɡɾinɡ,aɡɾinɡ,NL
aɡɾinɡe,aɡɾinɡe,aɡɾinɡ,aɡɾinɡ,NL
aɡɾinɡe,aɡɾinɡa,aɡɾinɡ,aɡɾinɡ,NL
aɡɾinɡe,aɡɾinɡa,aɡɾinɡ,aɡɾinɡ,NL
aɡɾinɡe,aɡɾinɡa,aɡɾinɡ,aɡɾinɡ,NL
aɡɾinɡe,aɡɾinɡa,aɡɾinɡ,aɡɾinɡ,NL
aɡɾinɡe,aɡɾinɡe,aɡɾinɡ,aɡɾinɡ,NL
aɡɾinɡe,aɡɾinɡe,aɡɾinɡ,aɡɾinɡ,NL
aɡɾinɡe,aɡɾinɡe,aɡɾinɡ,aɡɾinɡ,NL
aɡɾinɡe,aɡɾinɡe,aɡɾinɡ,aɡɾinɡ,NL
aɡɾinɡe,aɡɾinɡe,aɡɾinɡ,aɡɾinɡ,NL
aɡɾinɡe,aɡɾinɡe,aɡɾinɡ,aɡɾinɡ,NL
aɡɾinɡe,aɡɾinɡe,aɡɾinɡ,aɡɾinɡ,NL
aɡɾinɡe,aɡɾinɡe,aɡɾinɡ,aɡɾinɡ,NL
aɡɾinɡe,aɡɾinɡa,aɡɾinɡ,aɡɾinɡ,NL
aɡɾinɡe,aɡɾinɡa,aɡɾinɡ,aɡɾinɡ,NL
aɡɾinɡe,aɡɾinɡa,aɡɾinɡ,aɡɾinɡ,NL
enkaɾamajs,enkaɾamajs,enkaɾam,enkaɾam,NL
enkaɾamajs,enkaɾamajs,enkaɾam,enkaɾam,NL
enkaɾamajs,enkaɾamajs,enkaɾam,enkaɾam,NL
enkaɾamajs,enkaɾamajs,enkaɾam,enkaɾam,NL
enkaɾamajs,enkaɾamajs,enkaɾam,enkaɾam,NL
enkaɾamajs,enkaɾamajs,enkaɾam,enkaɾam,NL
enkaɾamajs,enkaɾamajs,enkaɾam,enkaɾam,NL
enkaɾamajs,enkaɾamajs,enkaɾam,enkaɾam,NL
enkaɾamajs,enkaɾamajs,enkaɾam,enkaɾam,NL
enkaɾamajs,enkaɾamajs,enkaɾam,enkaɾam,NL
enkaɾamajs,enkaɾamajs,enkaɾam,enkaɾam,NL
enkaɾamajs,enkaɾamajs,enkaɾam,enkaɾam,NL
enkaɾamajs,enkaɾamajs,enkaɾam,enkaɾam,NL
enkaɾamajs,enkaɾamajs,enkaɾam,enkaɾam,NL
enkaɾamajs,enkaɾamajs,enkaɾam,enkaɾam,NL
enkaɾamajs,enkaɾamajs,enkaɾam,enkaɾam,NL
enkaɾamajs,enkaɾamajs,enkaɾam,enkaɾam,NL
enkaɾamajs,enkaɾamajs,enkaɾam,enkaɾam,NL
enkaɾamajs,enkaɾamajs,enkaɾam,enkaɾam,NL
enkaɾamajs,enkaɾamajs,enkaɾam,enkaɾam,NL
enkaɾamajs,enkaɾamajs,enkaɾam,enkaɾam,NL
enkaɾamajs,enkaɾamajs,enkaɾam,enkaɾam,NL
enkaɾamajs,enkaɾamajs,enkaɾam,enkaɾam,NL
enkaɾamajs,enkaɾamajs,enkaɾam,enkaɾam,NL
enkaɾamajs,enkaɾamajs,enkaɾam,enkaɾam,NL
enkaɾamajs,enkaɾamajs,enkaɾam,enkaɾam,NL
enkaɾamajs,enkaɾamajs,enkaɾam,enkaɾam,NL
enkaɾamajs,enkaɾamajs,enkaɾam,enkaɾam,NL
enkaɾamajs,enkaɾamajs,enkaɾam,enkaɾam,NL
enkaɾamajs,enkaɾamajs,enkaɾam,enkaɾam,NL
enkaɾamajs,enkaɾamajs,enkaɾam,enkaɾam,NL
enkaɾamajs,enkaɾamajs,enkaɾam,enkaɾam,NL
enkaɾamajs,enkaɾamajs,enkaɾam,enkaɾam,NL
enkaɾamajs,enkaɾamajs,enkaɾam,enkaɾam,NL
enkaɾamajs,enkaɾamajs,enkaɾam,enkaɾam,NL
enkaɾamajs,enkaɾamajs,enkaɾam,enkaɾam,NL
enkaɾamajs,enkaɾamajs,enkaɾam,enkaɾam,NL
enkaɾamajs,enkaɾamajs,enkaɾam,enkaɾam,NL
enkaɾamajs,enkaɾamajs,enkaɾam,enkaɾam,NL
enkaɾamajs,enkaɾamajs,enkaɾam,enkaɾam,NL
enkaɾamajs,enkaɾamajs,enkaɾam,enkaɾam,NL
enkaɾamajs,enkaɾamajs,enkaɾam,enkaɾam,NL
enkaɾamajs,enkaɾamajs,enkaɾam,enkaɾam,NL
enkaɾamajs,enkaɾamajs,enkaɾam,enkaɾam,NL
enkaɾamajs,enkaɾamajs,enkaɾam,enkaɾam,NL
enkaɾamajs,enkaɾamajs,enkaɾam,enkaɾam,NL
enkaɾamajs,enkaɾamajs,enkaɾam,enkaɾam,NL
enkaɾamajs,enkaɾamajs,enkaɾam,enkaɾam,NL
enkaɾamajs,enkaɾamajs,enkaɾam,enkaɾam,NL
enkaɾamajs,enkaɾamajs,enkaɾam,enkaɾam,NL
enkaɾamajs,enkaɾamajs,enkaɾam,enkaɾam,NL
enkaɾamajs,enkaɾamajs,enkaɾam,enkaɾam,NL
enkaɾamajs,enkaɾamajs,enkaɾam,enkaɾam,NL
enkaɾamajs,enkaɾamajs,enkaɾam,enkaɾam,NL
enkaɾamajs,enkaɾamajs,enkaɾam,enkaɾam,NL
enkaɾamamos,enkaɾamamos,enkaɾam,enkaɾam,NL
enkaɾamamos,enkaɾamamos,enkaɾam,enkaɾam,NL
enkaɾamamos,enkaɾamamos,enkaɾam,enkaɾam,NL
enkaɾamamos,enkaɾamamos,enkaɾam,enkaɾam,NL
enkaɾamamos,enkaɾamamos,enkaɾam,enkaɾam,NL
enkaɾamamos,enkaɾamamos,enkaɾam,enkaɾam,NL
enkaɾamamos,enkaɾamamos,enkaɾam,enkaɾam,NL
enkaɾamamos,enkaɾamamos,enkaɾam,enkaɾam,NL
enkaɾamamos,enkaɾamamos,enkaɾam,enkaɾam,NL
enkaɾamamos,enkaɾamamos,enkaɾam,enkaɾam,NL
enkaɾamamos,enkaɾamamos,enkaɾam,enkaɾam,NL
enkaɾamamos,enkaɾamamos,enkaɾam,enkaɾam,NL
enkaɾamamos,enkaɾamamos,enkaɾam,enkaɾam,NL
enkaɾamamos,enkaɾamamos,enkaɾam,enkaɾam,NL
enkaɾamamos,enkaɾamamos,enkaɾam,enkaɾam,NL
enkaɾamamos,enkaɾamamos,enkaɾam,enkaɾam,NL
enkaɾamamos,enkaɾamamos,enkaɾam,enkaɾam,NL
enkaɾamamos,enkaɾamamos,enkaɾam,enkaɾam,NL
enkaɾamamos,enkaɾamamos,enkaɾam,enkaɾam,NL
enkaɾamamos,enkaɾamamos,enkaɾam,enkaɾam,NL
enkaɾamamos,enkaɾamamos,enkaɾam,enkaɾam,NL
enkaɾamamos,enkaɾamamos,enkaɾam,enkaɾam,NL
enkaɾamamos,enkaɾamamos,enkaɾam,enkaɾam,NL
enkaɾamamos,enkaɾamamos,enkaɾam,enkaɾam,NL
enkaɾamamos,enkaɾamamos,enkaɾam,enkaɾam,NL
enkaɾamamos,enkaɾamamos,enkaɾam,enkaɾam,NL
enkaɾamamos,enkaɾamamos,enkaɾam,enkaɾam,NL
enkaɾamamos,enkaɾamamos,enkaɾam,enkaɾam,NL
enkaɾamamos,enkaɾamamos,enkaɾam,enkaɾam,NL
enkaɾamamos,enkaɾamamos,enkaɾam,enkaɾam,NL
enkaɾamamos,enkaɾamamos,enkaɾam,enkaɾam,NL
enkaɾamamos,enkaɾamamos,enkaɾam,enkaɾam,NL
enkaɾamamos,enkaɾamamos,enkaɾam,enkaɾam,NL
enkaɾamamos,enkaɾamamos,enkaɾam,enkaɾam,NL
enkaɾamamos,enkaɾamamos,enkaɾam,enkaɾam,NL
enkaɾamamos,enkaɾamamos,enkaɾam,enkaɾam,NL
enkaɾamamos,enkaɾamamos,enkaɾam,enkaɾam,NL
enkaɾamamos,enkaɾamamos,enkaɾam,enkaɾam,NL
enkaɾamamos,enkaɾamamos,enkaɾam,enkaɾam,NL
enkaɾamamos,enkaɾamamos,enkaɾam,enkaɾam,NL
enkaɾamamos,enkaɾamamos,enkaɾam,enkaɾam,NL
enkaɾamamos,enkaɾamamos,enkaɾam,enkaɾam,NL
enkaɾamamos,enkaɾamamos,enkaɾam,enkaɾam,NL
enkaɾamamos,enkaɾamamos,enkaɾam,enkaɾam,NL
enkaɾamamos,enkaɾamamos,enkaɾam,enkaɾam,NL
enkaɾamamos,enkaɾamamos,enkaɾam,enkaɾam,NL
enkaɾamamos,enkaɾamamos,enkaɾam,enkaɾam,NL
enkaɾamamos,enkaɾamamos,enkaɾam,enkaɾam,NL
enkaɾamamos,enkaɾamamos,enkaɾam,enkaɾam,NL
enkaɾamamos,enkaɾamamos,enkaɾam,enkaɾam,NL
enkaɾamamos,enkaɾamamos,enkaɾam,enkaɾam,NL
enkaɾamamos,enkaɾamamos,enkaɾam,enkaɾam,NL
enkaɾamamos,enkaɾamamos,enkaɾam,enkaɾam,NL
enkaɾamamos,enkaɾamamos,enkaɾam,enkaɾam,NL
enkaɾamamos,enkaɾamamos,enkaɾam,enkaɾam,NL
enkaɾaman,enkaɾman,enkaɾm,enkaɾam,NL
enkaɾaman,enkaɾman,enkaɾm,enkaɾam,NL
enkaɾaman,enkaɾman,enkaɾm,enkaɾam,NL
enkaɾaman,enkaɾman,enkaɾm,enkaɾam,NL
enkaɾaman,enkaɾman,enkaɾm,enkaɾam,NL
enkaɾaman,enkaɾman,enkaɾm,enkaɾam,NL
enkaɾaman,enkaɾman,enkaɾm,enkaɾam,NL
enkaɾaman,enkaɾman,enkaɾm,enkaɾam,NL
enkaɾaman,enkaɾman,enkaɾm,enkaɾam,NL
enkaɾaman,enkaɾman,enkaɾm,enkaɾam,NL
enkaɾaman,enkaɾman,enkaɾm,enkaɾam,NL
enkaɾaman,enkaɾman,enkaɾm,enkaɾam,NL
enkaɾaman,enkaɾman,enkaɾm,enkaɾam,NL
enkaɾaman,enkaɾman,enkaɾm,enkaɾam,NL
enkaɾaman,enkaɾman,enkaɾm,enkaɾam,NL
enkaɾaman,enkaɾman,enkaɾm,enkaɾam,NL
enkaɾaman,enkaɾman,enkaɾm,enkaɾam,NL
enkaɾaman,enkaɾman,enkaɾm,enkaɾam,NL
enkaɾaman,enkaɾman,enkaɾm,enkaɾam,NL
enkaɾaman,enkaɾaman,enkaɾam,enkaɾam,NL
enkaɾaman,enkaɾaman,enkaɾam,enkaɾam,NL
enkaɾaman,enkaɾman,enkaɾm,enkaɾam,NL
enkaɾaman,enkaɾaman,enkaɾam,enkaɾam,NL
enkaɾaman,enkaɾaman,enkaɾam,enkaɾam,NL
enkaɾaman,enkaɾaman,enkaɾam,enkaɾam,NL
enkaɾaman,enkaɾaman,enkaɾam,enkaɾam,NL
enkaɾaman,enkaɾman,enkaɾm,enkaɾam,NL
enkaɾaman,enkaɾaman,enkaɾam,enkaɾam,NL
enkaɾaman,enkaɾman,enkaɾm,enkaɾam,NL
enkaɾaman,enkaɾaman,enkaɾam,enkaɾam,NL
enkaɾaman,enkaɾaman,enkaɾam,enkaɾam,NL
enkaɾaman,enkaɾaman,enkaɾam,enkaɾam,NL
enkaɾaman,enkaɾaman,enkaɾam,enkaɾam,NL
enkaɾaman,enkaɾaman,enkaɾam,enkaɾam,NL
enkaɾaman,enkaɾman,enkaɾm,enkaɾam,NL
enkaɾaman,enkaɾman,enkaɾm,enkaɾam,NL
enkaɾaman,enkaɾman,enkaɾm,enkaɾam,NL
enkaɾaman,enkaɾman,enkaɾm,enkaɾam,NL
enkaɾaman,enkaɾman,enkaɾm,enkaɾam,NL
enkaɾaman,enkaɾman,enkaɾm,enkaɾam,NL
enkaɾaman,enkaɾman,enkaɾm,enkaɾam,NL
enkaɾaman,enkaɾman,enkaɾm,enkaɾam,NL
enkaɾaman,enkaɾman,enkaɾm,enkaɾam,NL
enkaɾaman,enkaɾman,enkaɾm,enkaɾam,NL
enkaɾaman,enkaɾman,enkaɾm,enkaɾam,NL
enkaɾaman,enkaɾman,enkaɾm,enkaɾam,NL
enkaɾaman,enkaɾman,enkaɾm,enkaɾam,NL
enkaɾaman,enkaɾman,enkaɾm,enkaɾam,NL
enkaɾaman,enkaɾman,enkaɾm,enkaɾam,NL
enkaɾaman,enkaɾaman,enkaɾam,enkaɾam,NL
enkaɾaman,enkaɾaman,enkaɾam,enkaɾam,NL
enkaɾaman,enkaɾman,enkaɾm,enkaɾam,NL
enkaɾaman,enkaɾman,enkaɾm,enkaɾam,NL
enkaɾaman,enkaɾman,enkaɾm,enkaɾam,NL
enkaɾaman,enkaɾman,enkaɾm,enkaɾam,NL
enkaɾamas,enkaɾmas,enkaɾm,enkaɾam,NL
enkaɾamas,enkaɾmas,enkaɾm,enkaɾam,NL
enkaɾamas,enkaɾmas,enkaɾm,enkaɾam,NL
enkaɾamas,enkaɾmas,enkaɾm,enkaɾam,NL
enkaɾamas,enkaɾmas,enkaɾm,enkaɾam,NL
enkaɾamas,enkaɾmas,enkaɾm,enkaɾam,NL
enkaɾamas,enkaɾmas,enkaɾm,enkaɾam,NL
enkaɾamas,enkaɾmas,enkaɾm,enkaɾam,NL
enkaɾamas,enkaɾmas,enkaɾm,enkaɾam,NL
enkaɾamas,enkaɾmas,enkaɾm,enkaɾam,NL
enkaɾamas,enkaɾmas,enkaɾm,enkaɾam,NL
enkaɾamas,enkaɾmas,enkaɾm,enkaɾam,NL
enkaɾamas,enkaɾmas,enkaɾm,enkaɾam,NL
enkaɾamas,enkaɾmas,enkaɾm,enkaɾam,NL
enkaɾamas,enkaɾmas,enkaɾm,enkaɾam,NL
enkaɾamas,enkaɾmas,enkaɾm,enkaɾam,NL
enkaɾamas,enkaɾmas,enkaɾm,enkaɾam,NL
enkaɾamas,enkaɾmas,enkaɾm,enkaɾam,NL
enkaɾamas,enkaɾmas,enkaɾm,enkaɾam,NL
enkaɾamas,enkaɾamas,enkaɾam,enkaɾam,NL
enkaɾamas,enkaɾamas,enkaɾam,enkaɾam,NL
enkaɾamas,enkaɾmas,enkaɾm,enkaɾam,NL
enkaɾamas,enkaɾmas,enkaɾm,enkaɾam,NL
enkaɾamas,enkaɾmas,enkaɾm,enkaɾam,NL
enkaɾamas,enkaɾmas,enkaɾm,enkaɾam,NL
enkaɾamas,enkaɾmas,enkaɾm,enkaɾam,NL
enkaɾamas,enkaɾmas,enkaɾm,enkaɾam,NL
enkaɾamas,enkaɾamas,enkaɾam,enkaɾam,NL
enkaɾamas,enkaɾmas,enkaɾm,enkaɾam,NL
enkaɾamas,enkaɾamas,enkaɾam,enkaɾam,NL
enkaɾamas,enkaɾamas,enkaɾam,enkaɾam,NL
enkaɾamas,enkaɾamas,enkaɾam,enkaɾam,NL
enkaɾamas,enkaɾamas,enkaɾam,enkaɾam,NL
enkaɾamas,enkaɾamas,enkaɾam,enkaɾam,NL
enkaɾamas,enkaɾmas,enkaɾm,enkaɾam,NL
enkaɾamas,enkaɾmas,enkaɾm,enkaɾam,NL
enkaɾamas,enkaɾmas,enkaɾm,enkaɾam,NL
enkaɾamas,enkaɾmas,enkaɾm,enkaɾam,NL
enkaɾamas,enkaɾmas,enkaɾm,enkaɾam,NL
enkaɾamas,enkaɾmas,enkaɾm,enkaɾam,NL
enkaɾamas,enkaɾmas,enkaɾm,enkaɾam,NL
enkaɾamas,enkaɾmas,enkaɾm,enkaɾam,NL
enkaɾamas,enkaɾmas,enkaɾm,enkaɾam,NL
enkaɾamas,enkaɾmas,enkaɾm,enkaɾam,NL
enkaɾamas,enkaɾmas,enkaɾm,enkaɾam,NL
enkaɾamas,enkaɾmas,enkaɾm,enkaɾam,NL
enkaɾamas,enkaɾmas,enkaɾm,enkaɾam,NL
enkaɾamas,enkaɾmas,enkaɾm,enkaɾam,NL
enkaɾamas,enkaɾmas,enkaɾm,enkaɾam,NL
enkaɾamas,enkaɾmas,enkaɾm,enkaɾam,NL
enkaɾamas,enkaɾamas,enkaɾam,enkaɾam,NL
enkaɾamas,enkaɾmas,enkaɾm,enkaɾam,NL
enkaɾamas,enkaɾmas,enkaɾm,enkaɾam,NL
enkaɾamas,enkaɾmas,enkaɾm,enkaɾam,NL
enkaɾamas,enkaɾmas,enkaɾm,enkaɾam,NL
enkaɾama,enkaɾma,enkaɾm,enkaɾam,NL
enkaɾama,enkaɾma,enkaɾm,enkaɾam,NL
enkaɾama,enkaɾma,enkaɾm,enkaɾam,NL
enkaɾama,enkaɾma,enkaɾm,enkaɾam,NL
enkaɾama,enkaɾma,enkaɾm,enkaɾam,NL
enkaɾama,enkaɾma,enkaɾm,enkaɾam,NL
enkaɾama,enkaɾma,enkaɾm,enkaɾam,NL
enkaɾama,enkaɾma,enkaɾm,enkaɾam,NL
enkaɾama,enkaɾma,enkaɾm,enkaɾam,NL
enkaɾama,enkaɾma,enkaɾm,enkaɾam,NL
enkaɾama,enkaɾma,enkaɾm,enkaɾam,NL
enkaɾama,enkaɾama,enkaɾam,enkaɾam,NL
enkaɾama,enkaɾma,enkaɾm,enkaɾam,NL
enkaɾama,enkaɾma,enkaɾm,enkaɾam,NL
enkaɾama,enkaɾma,enkaɾm,enkaɾam,NL
enkaɾama,enkaɾma,enkaɾm,enkaɾam,NL
enkaɾama,enkaɾma,enkaɾm,enkaɾam,NL
enkaɾama,enkaɾma,enkaɾm,enkaɾam,NL
enkaɾama,enkaɾma,enkaɾm,enkaɾam,NL
enkaɾama,enkaɾama,enkaɾam,enkaɾam,NL
enkaɾama,enkaɾama,enkaɾam,enkaɾam,NL
enkaɾama,enkaɾma,enkaɾm,enkaɾam,NL
enkaɾama,enkaɾma,enkaɾm,enkaɾam,NL
enkaɾama,enkaɾama,enkaɾam,enkaɾam,NL
enkaɾama,enkaɾma,enkaɾm,enkaɾam,NL
enkaɾama,enkaɾma,enkaɾm,enkaɾam,NL
enkaɾama,enkaɾma,enkaɾm,enkaɾam,NL
enkaɾama,enkaɾama,enkaɾam,enkaɾam,NL
enkaɾama,enkaɾma,enkaɾm,enkaɾam,NL
enkaɾama,enkaɾama,enkaɾam,enkaɾam,NL
enkaɾama,enkaɾama,enkaɾam,enkaɾam,NL
enkaɾama,enkaɾama,enkaɾam,enkaɾam,NL
enkaɾama,enkaɾama,enkaɾam,enkaɾam,NL
enkaɾama,enkaɾma,enkaɾm,enkaɾam,NL
enkaɾama,enkaɾma,enkaɾm,enkaɾam,NL
enkaɾama,enkaɾma,enkaɾm,enkaɾam,NL
enkaɾama,enkaɾma,enkaɾm,enkaɾam,NL
enkaɾama,enkaɾma,enkaɾm,enkaɾam,NL
enkaɾama,enkaɾma,enkaɾm,enkaɾam,NL
enkaɾama,enkaɾma,enkaɾm,enkaɾam,NL
enkaɾama,enkaɾma,enkaɾm,enkaɾam,NL
enkaɾama,enkaɾma,enkaɾm,enkaɾam,NL
enkaɾama,enkaɾma,enkaɾm,enkaɾam,NL
enkaɾama,enkaɾma,enkaɾm,enkaɾam,NL
enkaɾama,enkaɾma,enkaɾm,enkaɾam,NL
enkaɾama,enkaɾma,enkaɾm,enkaɾam,NL
enkaɾama,enkaɾma,enkaɾm,enkaɾam,NL
enkaɾama,enkaɾma,enkaɾm,enkaɾam,NL
enkaɾama,enkaɾma,enkaɾm,enkaɾam,NL
enkaɾama,enkaɾama,enkaɾam,enkaɾam,NL
enkaɾama,enkaɾama,enkaɾam,enkaɾam,NL
enkaɾama,enkaɾma,enkaɾm,enkaɾam,NL
enkaɾama,enkaɾma,enkaɾm,enkaɾam,NL
enkaɾama,enkaɾma,enkaɾm,enkaɾam,NL
enkaɾama,enkaɾma,enkaɾm,enkaɾam,NL
enkaɾamejs,enkaɾamejs,enkaɾam,enkaɾam,NL
enkaɾamejs,enkaɾamejs,enkaɾam,enkaɾam,NL
enkaɾamejs,enkaɾamejs,enkaɾam,enkaɾam,NL
enkaɾamejs,enkaɾamejs,enkaɾam,enkaɾam,NL
enkaɾamejs,enkaɾamejs,enkaɾam,enkaɾam,NL
enkaɾamejs,enkaɾamejs,enkaɾam,enkaɾam,NL
enkaɾamejs,enkaɾamejs,enkaɾam,enkaɾam,NL
enkaɾamejs,enkaɾamejs,enkaɾam,enkaɾam,NL
enkaɾamejs,enkaɾamejs,enkaɾam,enkaɾam,NL
enkaɾamejs,enkaɾamejs,enkaɾam,enkaɾam,NL
enkaɾamejs,enkaɾamejs,enkaɾam,enkaɾam,NL
enkaɾamejs,enkaɾamejs,enkaɾam,enkaɾam,NL
enkaɾamejs,enkaɾamejs,enkaɾam,enkaɾam,NL
enkaɾamejs,enkaɾamejs,enkaɾam,enkaɾam,NL
enkaɾamejs,enkaɾamejs,enkaɾam,enkaɾam,NL
enkaɾamejs,enkaɾamejs,enkaɾam,enkaɾam,NL
enkaɾamejs,enkaɾamejs,enkaɾam,enkaɾam,NL
enkaɾamejs,enkaɾamejs,enkaɾam,enkaɾam,NL
enkaɾamejs,enkaɾamejs,enkaɾam,enkaɾam,NL
enkaɾamejs,enkaɾamejs,enkaɾam,enkaɾam,NL
enkaɾamejs,enkaɾamejs,enkaɾam,enkaɾam,NL
enkaɾamejs,enkaɾamejs,enkaɾam,enkaɾam,NL
enkaɾamejs,enkaɾamejs,enkaɾam,enkaɾam,NL
enkaɾamejs,enkaɾamejs,enkaɾam,enkaɾam,NL
enkaɾamejs,enkaɾamejs,enkaɾam,enkaɾam,NL
enkaɾamejs,enkaɾamejs,enkaɾam,enkaɾam,NL
enkaɾamejs,enkaɾamejs,enkaɾam,enkaɾam,NL
enkaɾamejs,enkaɾamejs,enkaɾam,enkaɾam,NL
enkaɾamejs,enkaɾamejs,enkaɾam,enkaɾam,NL
enkaɾamejs,enkaɾamejs,enkaɾam,enkaɾam,NL
enkaɾamejs,enkaɾamejs,enkaɾam,enkaɾam,NL
enkaɾamejs,enkaɾamejs,enkaɾam,enkaɾam,NL
enkaɾamejs,enkaɾamejs,enkaɾam,enkaɾam,NL
enkaɾamejs,enkaɾamejs,enkaɾam,enkaɾam,NL
enkaɾamejs,enkaɾamejs,enkaɾam,enkaɾam,NL
enkaɾamejs,enkaɾamejs,enkaɾam,enkaɾam,NL
enkaɾamejs,enkaɾamejs,enkaɾam,enkaɾam,NL
enkaɾamejs,enkaɾamejs,enkaɾam,enkaɾam,NL
enkaɾamejs,enkaɾamejs,enkaɾam,enkaɾam,NL
enkaɾamejs,enkaɾamejs,enkaɾam,enkaɾam,NL
enkaɾamejs,enkaɾamejs,enkaɾam,enkaɾam,NL
enkaɾamejs,enkaɾamejs,enkaɾam,enkaɾam,NL
enkaɾamejs,enkaɾamejs,enkaɾam,enkaɾam,NL
enkaɾamejs,enkaɾamejs,enkaɾam,enkaɾam,NL
enkaɾamejs,enkaɾamejs,enkaɾam,enkaɾam,NL
enkaɾamejs,enkaɾamejs,enkaɾam,enkaɾam,NL
enkaɾamejs,enkaɾamejs,enkaɾam,enkaɾam,NL
enkaɾamejs,enkaɾamejs,enkaɾam,enkaɾam,NL
enkaɾamejs,enkaɾamejs,enkaɾam,enkaɾam,NL
enkaɾamejs,enkaɾamejs,enkaɾam,enkaɾam,NL
enkaɾamejs,enkaɾamejs,enkaɾam,enkaɾam,NL
enkaɾamejs,enkaɾamejs,enkaɾam,enkaɾam,NL
enkaɾamejs,enkaɾamejs,enkaɾam,enkaɾam,NL
enkaɾamejs,enkaɾamejs,enkaɾam,enkaɾam,NL
enkaɾamejs,enkaɾamejs,enkaɾam,enkaɾam,NL
enkaɾamemos,enkaɾamemos,enkaɾam,enkaɾam,NL
enkaɾamemos,enkaɾamemos,enkaɾam,enkaɾam,NL
enkaɾamemos,enkaɾamemos,enkaɾam,enkaɾam,NL
enkaɾamemos,enkaɾamemos,enkaɾam,enkaɾam,NL
enkaɾamemos,enkaɾamemos,enkaɾam,enkaɾam,NL
enkaɾamemos,enkaɾamemos,enkaɾam,enkaɾam,NL
enkaɾamemos,enkaɾamemos,enkaɾam,enkaɾam,NL
enkaɾamemos,enkaɾamemos,enkaɾam,enkaɾam,NL
enkaɾamemos,enkaɾamemos,enkaɾam,enkaɾam,NL
enkaɾamemos,enkaɾamemos,enkaɾam,enkaɾam,NL
enkaɾamemos,enkaɾamemos,enkaɾam,enkaɾam,NL
enkaɾamemos,enkaɾamemos,enkaɾam,enkaɾam,NL
enkaɾamemos,enkaɾamemos,enkaɾam,enkaɾam,NL
enkaɾamemos,enkaɾamemos,enkaɾam,enkaɾam,NL
enkaɾamemos,enkaɾamemos,enkaɾam,enkaɾam,NL
enkaɾamemos,enkaɾamemos,enkaɾam,enkaɾam,NL
enkaɾamemos,enkaɾamemos,enkaɾam,enkaɾam,NL
enkaɾamemos,enkaɾamemos,enkaɾam,enkaɾam,NL
enkaɾamemos,enkaɾamemos,enkaɾam,enkaɾam,NL
enkaɾamemos,enkaɾamemos,enkaɾam,enkaɾam,NL
enkaɾamemos,enkaɾamemos,enkaɾam,enkaɾam,NL
enkaɾamemos,enkaɾamemos,enkaɾam,enkaɾam,NL
enkaɾamemos,enkaɾamemos,enkaɾam,enkaɾam,NL
enkaɾamemos,enkaɾamemos,enkaɾam,enkaɾam,NL
enkaɾamemos,enkaɾamemos,enkaɾam,enkaɾam,NL
enkaɾamemos,enkaɾamemos,enkaɾam,enkaɾam,NL
enkaɾamemos,enkaɾamemos,enkaɾam,enkaɾam,NL
enkaɾamemos,enkaɾamemos,enkaɾam,enkaɾam,NL
enkaɾamemos,enkaɾamemos,enkaɾam,enkaɾam,NL
enkaɾamemos,enkaɾamemos,enkaɾam,enkaɾam,NL
enkaɾamemos,enkaɾamemos,enkaɾam,enkaɾam,NL
enkaɾamemos,enkaɾamemos,enkaɾam,enkaɾam,NL
enkaɾamemos,enkaɾamemos,enkaɾam,enkaɾam,NL
enkaɾamemos,enkaɾamemos,enkaɾam,enkaɾam,NL
enkaɾamemos,enkaɾamemos,enkaɾam,enkaɾam,NL
enkaɾamemos,enkaɾamemos,enkaɾam,enkaɾam,NL
enkaɾamemos,enkaɾamemos,enkaɾam,enkaɾam,NL
enkaɾamemos,enkaɾamemos,enkaɾam,enkaɾam,NL
enkaɾamemos,enkaɾamemos,enkaɾam,enkaɾam,NL
enkaɾamemos,enkaɾamemos,enkaɾam,enkaɾam,NL
enkaɾamemos,enkaɾamemos,enkaɾam,enkaɾam,NL
enkaɾamemos,enkaɾamemos,enkaɾam,enkaɾam,NL
enkaɾamemos,enkaɾamemos,enkaɾam,enkaɾam,NL
enkaɾamemos,enkaɾamemos,enkaɾam,enkaɾam,NL
enkaɾamemos,enkaɾamemos,enkaɾam,enkaɾam,NL
enkaɾamemos,enkaɾamemos,enkaɾam,enkaɾam,NL
enkaɾamemos,enkaɾamemos,enkaɾam,enkaɾam,NL
enkaɾamemos,enkaɾamemos,enkaɾam,enkaɾam,NL
enkaɾamemos,enkaɾamemos,enkaɾam,enkaɾam,NL
enkaɾamemos,enkaɾamemos,enkaɾam,enkaɾam,NL
enkaɾamemos,enkaɾamemos,enkaɾam,enkaɾam,NL
enkaɾamemos,enkaɾamemos,enkaɾam,enkaɾam,NL
enkaɾamemos,enkaɾamemos,enkaɾam,enkaɾam,NL
enkaɾamemos,enkaɾamemos,enkaɾam,enkaɾam,NL
enkaɾamemos,enkaɾamemos,enkaɾam,enkaɾam,NL
enkaɾamen,enkaɾmen,enkaɾm,enkaɾam,NL
enkaɾamen,enkaɾmen,enkaɾm,enkaɾam,NL
enkaɾamen,enkaɾmen,enkaɾm,enkaɾam,NL
enkaɾamen,enkaɾmen,enkaɾm,enkaɾam,NL
enkaɾamen,enkaɾmen,enkaɾm,enkaɾam,NL
enkaɾamen,enkaɾmen,enkaɾm,enkaɾam,NL
enkaɾamen,enkaɾmen,enkaɾm,enkaɾam,NL
enkaɾamen,enkaɾmen,enkaɾm,enkaɾam,NL
enkaɾamen,enkaɾmen,enkaɾm,enkaɾam,NL
enkaɾamen,enkaɾmen,enkaɾm,enkaɾam,NL
enkaɾamen,enkaɾmen,enkaɾm,enkaɾam,NL
enkaɾamen,enkaɾmen,enkaɾm,enkaɾam,NL
enkaɾamen,enkaɾmen,enkaɾm,enkaɾam,NL
enkaɾamen,enkaɾmen,enkaɾm,enkaɾam,NL
enkaɾamen,enkaɾmen,enkaɾm,enkaɾam,NL
enkaɾamen,enkaɾmen,enkaɾm,enkaɾam,NL
enkaɾamen,enkaɾmen,enkaɾm,enkaɾam,NL
enkaɾamen,enkaɾmen,enkaɾm,enkaɾam,NL
enkaɾamen,enkaɾmen,enkaɾm,enkaɾam,NL
enkaɾamen,enkaɾamen,enkaɾam,enkaɾam,NL
enkaɾamen,enkaɾamen,enkaɾam,enkaɾam,NL
enkaɾamen,enkaɾamen,enkaɾam,enkaɾam,NL
enkaɾamen,enkaɾmen,enkaɾm,enkaɾam,NL
enkaɾamen,enkaɾmen,enkaɾm,enkaɾam,NL
enkaɾamen,enkaɾmen,enkaɾm,enkaɾam,NL
enkaɾamen,enkaɾmen,enkaɾm,enkaɾam,NL
enkaɾamen,enkaɾmen,enkaɾm,enkaɾam,NL
enkaɾamen,enkaɾamen,enkaɾam,enkaɾam,NL
enkaɾamen,enkaɾamen,enkaɾam,enkaɾam,NL
enkaɾamen,enkaɾmen,enkaɾm,enkaɾam,NL
enkaɾamen,enkaɾamen,enkaɾam,enkaɾam,NL
enkaɾamen,enkaɾamen,enkaɾam,enkaɾam,NL
enkaɾamen,enkaɾamen,enkaɾam,enkaɾam,NL
enkaɾamen,enkaɾmen,enkaɾm,enkaɾam,NL
enkaɾamen,enkaɾamen,enkaɾam,enkaɾam,NL
enkaɾamen,enkaɾmen,enkaɾm,enkaɾam,NL
enkaɾamen,enkaɾamen,enkaɾam,enkaɾam,NL
enkaɾamen,enkaɾamen,enkaɾam,enkaɾam,NL
enkaɾamen,enkaɾamen,enkaɾam,enkaɾam,NL
enkaɾamen,enkaɾamen,enkaɾam,enkaɾam,NL
enkaɾamen,enkaɾmen,enkaɾm,enkaɾam,NL
enkaɾamen,enkaɾmen,enkaɾm,enkaɾam,NL
enkaɾamen,enkaɾmen,enkaɾm,enkaɾam,NL
enkaɾamen,enkaɾmen,enkaɾm,enkaɾam,NL
enkaɾamen,enkaɾmen,enkaɾm,enkaɾam,NL
enkaɾamen,enkaɾmen,enkaɾm,enkaɾam,NL
enkaɾamen,enkaɾmen,enkaɾm,enkaɾam,NL
enkaɾamen,enkaɾmen,enkaɾm,enkaɾam,NL
enkaɾamen,enkaɾmen,enkaɾm,enkaɾam,NL
enkaɾamen,enkaɾamen,enkaɾam,enkaɾam,NL
enkaɾamen,enkaɾamen,enkaɾam,enkaɾam,NL
enkaɾamen,enkaɾmen,enkaɾm,enkaɾam,NL
enkaɾamen,enkaɾmen,enkaɾm,enkaɾam,NL
enkaɾamen,enkaɾmen,enkaɾm,enkaɾam,NL
enkaɾamen,enkaɾmen,enkaɾm,enkaɾam,NL
enkaɾames,enkaɾmes,enkaɾm,enkaɾam,NL
enkaɾames,enkaɾmes,enkaɾm,enkaɾam,NL
enkaɾames,enkaɾmes,enkaɾm,enkaɾam,NL
enkaɾames,enkaɾmes,enkaɾm,enkaɾam,NL
enkaɾames,enkaɾmes,enkaɾm,enkaɾam,NL
enkaɾames,enkaɾmes,enkaɾm,enkaɾam,NL
enkaɾames,enkaɾmes,enkaɾm,enkaɾam,NL
enkaɾames,enkaɾmes,enkaɾm,enkaɾam,NL
enkaɾames,enkaɾmes,enkaɾm,enkaɾam,NL
enkaɾames,enkaɾmes,enkaɾm,enkaɾam,NL
enkaɾames,enkaɾmes,enkaɾm,enkaɾam,NL
enkaɾames,enkaɾmes,enkaɾm,enkaɾam,NL
enkaɾames,enkaɾmes,enkaɾm,enkaɾam,NL
enkaɾames,enkaɾmes,enkaɾm,enkaɾam,NL
enkaɾames,enkaɾmes,enkaɾm,enkaɾam,NL
enkaɾames,enkaɾmes,enkaɾm,enkaɾam,NL
enkaɾames,enkaɾmes,enkaɾm,enkaɾam,NL
enkaɾames,enkaɾmes,enkaɾm,enkaɾam,NL
enkaɾames,enkaɾmes,enkaɾm,enkaɾam,NL
enkaɾames,enkaɾames,enkaɾam,enkaɾam,NL
enkaɾames,enkaɾames,enkaɾam,enkaɾam,NL
enkaɾames,enkaɾames,enkaɾam,enkaɾam,NL
enkaɾames,enkaɾmes,enkaɾm,enkaɾam,NL
enkaɾames,enkaɾmes,enkaɾm,enkaɾam,NL
enkaɾames,enkaɾmes,enkaɾm,enkaɾam,NL
enkaɾames,enkaɾmes,enkaɾm,enkaɾam,NL
enkaɾames,enkaɾmes,enkaɾm,enkaɾam,NL
enkaɾames,enkaɾames,enkaɾam,enkaɾam,NL
enkaɾames,enkaɾames,enkaɾam,enkaɾam,NL
enkaɾames,enkaɾmes,enkaɾm,enkaɾam,NL
enkaɾames,enkaɾmes,enkaɾm,enkaɾam,NL
enkaɾames,enkaɾmes,enkaɾm,enkaɾam,NL
enkaɾames,enkaɾmes,enkaɾm,enkaɾam,NL
enkaɾames,enkaɾmes,enkaɾm,enkaɾam,NL
enkaɾames,enkaɾames,enkaɾam,enkaɾam,NL
enkaɾames,enkaɾmes,enkaɾm,enkaɾam,NL
enkaɾames,enkaɾmes,enkaɾm,enkaɾam,NL
enkaɾames,enkaɾames,enkaɾam,enkaɾam,NL
enkaɾames,enkaɾames,enkaɾam,enkaɾam,NL
enkaɾames,enkaɾames,enkaɾam,enkaɾam,NL
enkaɾames,enkaɾmes,enkaɾm,enkaɾam,NL
enkaɾames,enkaɾmes,enkaɾm,enkaɾam,NL
enkaɾames,enkaɾmes,enkaɾm,enkaɾam,NL
enkaɾames,enkaɾmes,enkaɾm,enkaɾam,NL
enkaɾames,enkaɾmes,enkaɾm,enkaɾam,NL
enkaɾames,enkaɾmes,enkaɾm,enkaɾam,NL
enkaɾames,enkaɾmes,enkaɾm,enkaɾam,NL
enkaɾames,enkaɾmes,enkaɾm,enkaɾam,NL
enkaɾames,enkaɾmes,enkaɾm,enkaɾam,NL
enkaɾames,enkaɾmes,enkaɾm,enkaɾam,NL
enkaɾames,enkaɾmes,enkaɾm,enkaɾam,NL
enkaɾames,enkaɾmes,enkaɾm,enkaɾam,NL
enkaɾames,enkaɾmes,enkaɾm,enkaɾam,NL
enkaɾames,enkaɾmes,enkaɾm,enkaɾam,NL
enkaɾames,enkaɾmes,enkaɾm,enkaɾam,NL
enkaɾame,enkaɾme,enkaɾm,enkaɾam,NL
enkaɾame,enkaɾme,enkaɾm,enkaɾam,NL
enkaɾame,enkaɾme,enkaɾm,enkaɾam,NL
enkaɾame,enkaɾme,enkaɾm,enkaɾam,NL
enkaɾame,enkaɾme,enkaɾm,enkaɾam,NL
enkaɾame,enkaɾme,enkaɾm,enkaɾam,NL
enkaɾame,enkaɾme,enkaɾm,enkaɾam,NL
enkaɾame,enkaɾme,enkaɾm,enkaɾam,NL
enkaɾame,enkaɾme,enkaɾm,enkaɾam,NL
enkaɾame,enkaɾme,enkaɾm,enkaɾam,NL
enkaɾame,enkaɾme,enkaɾm,enkaɾam,NL
enkaɾame,enkaɾme,enkaɾm,enkaɾam,NL
enkaɾame,enkaɾme,enkaɾm,enkaɾam,NL
enkaɾame,enkaɾme,enkaɾm,enkaɾam,NL
enkaɾame,enkaɾme,enkaɾm,enkaɾam,NL
enkaɾame,enkaɾme,enkaɾm,enkaɾam,NL
enkaɾame,enkaɾme,enkaɾm,enkaɾam,NL
enkaɾame,enkaɾme,enkaɾm,enkaɾam,NL
enkaɾame,enkaɾme,enkaɾm,enkaɾam,NL
enkaɾame,enkaɾame,enkaɾam,enkaɾam,NL
enkaɾame,enkaɾame,enkaɾam,enkaɾam,NL
enkaɾame,enkaɾame,enkaɾam,enkaɾam,NL
enkaɾame,enkaɾme,enkaɾm,enkaɾam,NL
enkaɾame,enkaɾme,enkaɾm,enkaɾam,NL
enkaɾame,enkaɾme,enkaɾm,enkaɾam,NL
enkaɾame,enkaɾme,enkaɾm,enkaɾam,NL
enkaɾame,enkaɾme,enkaɾm,enkaɾam,NL
enkaɾame,enkaɾame,enkaɾam,enkaɾam,NL
enkaɾame,enkaɾame,enkaɾam,enkaɾam,NL
enkaɾame,enkaɾme,enkaɾm,enkaɾam,NL
enkaɾame,enkaɾame,enkaɾam,enkaɾam,NL
enkaɾame,enkaɾame,enkaɾam,enkaɾam,NL
enkaɾame,enkaɾame,enkaɾam,enkaɾam,NL
enkaɾame,enkaɾme,enkaɾm,enkaɾam,NL
enkaɾame,enkaɾame,enkaɾam,enkaɾam,NL
enkaɾame,enkaɾme,enkaɾm,enkaɾam,NL
enkaɾame,enkaɾame,enkaɾam,enkaɾam,NL
enkaɾame,enkaɾame,enkaɾam,enkaɾam,NL
enkaɾame,enkaɾame,enkaɾam,enkaɾam,NL
enkaɾame,enkaɾame,enkaɾam,enkaɾam,NL
enkaɾame,enkaɾme,enkaɾm,enkaɾam,NL
enkaɾame,enkaɾme,enkaɾm,enkaɾam,NL
enkaɾame,enkaɾme,enkaɾm,enkaɾam,NL
enkaɾame,enkaɾme,enkaɾm,enkaɾam,NL
enkaɾame,enkaɾme,enkaɾm,enkaɾam,NL
enkaɾame,enkaɾme,enkaɾm,enkaɾam,NL
enkaɾame,enkaɾme,enkaɾm,enkaɾam,NL
enkaɾame,enkaɾme,enkaɾm,enkaɾam,NL
enkaɾame,enkaɾme,enkaɾm,enkaɾam,NL
enkaɾame,enkaɾme,enkaɾm,enkaɾam,NL
enkaɾame,enkaɾme,enkaɾm,enkaɾam,NL
enkaɾame,enkaɾme,enkaɾm,enkaɾam,NL
enkaɾame,enkaɾme,enkaɾm,enkaɾam,NL
enkaɾame,enkaɾme,enkaɾm,enkaɾam,NL
enkaɾame,enkaɾme,enkaɾm,enkaɾam,NL
enkaɾame,enkaɾme,enkaɾm,enkaɾam,NL
enkaɾame,enkaɾme,enkaɾm,enkaɾam,NL
enkaɾame,enkaɾme,enkaɾm,enkaɾam,NL
enkaɾame,enkaɾme,enkaɾm,enkaɾam,NL
enkaɾame,enkaɾme,enkaɾm,enkaɾam,NL
enkaɾame,enkaɾme,enkaɾm,enkaɾam,NL
enkaɾame,enkaɾme,enkaɾm,enkaɾam,NL
enkaɾame,enkaɾme,enkaɾm,enkaɾam,NL
enkaɾame,enkaɾme,enkaɾm,enkaɾam,NL
enkaɾame,enkaɾme,enkaɾm,enkaɾam,NL
enkaɾame,enkaɾme,enkaɾm,enkaɾam,NL
enkaɾame,enkaɾme,enkaɾm,enkaɾam,NL
enkaɾame,enkaɾme,enkaɾm,enkaɾam,NL
enkaɾame,enkaɾme,enkaɾm,enkaɾam,NL
enkaɾame,enkaɾme,enkaɾm,enkaɾam,NL
enkaɾame,enkaɾme,enkaɾm,enkaɾam,NL
enkaɾame,enkaɾme,enkaɾm,enkaɾam,NL
enkaɾame,enkaɾme,enkaɾm,enkaɾam,NL
enkaɾame,enkaɾme,enkaɾm,enkaɾam,NL
enkaɾame,enkaɾame,enkaɾam,enkaɾam,NL
enkaɾame,enkaɾame,enkaɾam,enkaɾam,NL
enkaɾame,enkaɾame,enkaɾam,enkaɾam,NL
enkaɾame,enkaɾme,enkaɾm,enkaɾam,NL
enkaɾame,enkaɾme,enkaɾm,enkaɾam,NL
enkaɾame,enkaɾme,enkaɾm,enkaɾam,NL
enkaɾame,enkaɾme,enkaɾm,enkaɾam,NL
enkaɾame,enkaɾme,enkaɾm,enkaɾam,NL
enkaɾame,enkaɾame,enkaɾam,enkaɾam,NL
enkaɾame,enkaɾame,enkaɾam,enkaɾam,NL
enkaɾame,enkaɾme,enkaɾm,enkaɾam,NL
enkaɾame,enkaɾame,enkaɾam,enkaɾam,NL
enkaɾame,enkaɾame,enkaɾam,enkaɾam,NL
enkaɾame,enkaɾame,enkaɾam,enkaɾam,NL
enkaɾame,enkaɾme,enkaɾm,enkaɾam,NL
enkaɾame,enkaɾame,enkaɾam,enkaɾam,NL
enkaɾame,enkaɾme,enkaɾm,enkaɾam,NL
enkaɾame,enkaɾame,enkaɾam,enkaɾam,NL
enkaɾame,enkaɾame,enkaɾam,enkaɾam,NL
enkaɾame,enkaɾame,enkaɾam,enkaɾam,NL
enkaɾame,enkaɾame,enkaɾam,enkaɾam,NL
enkaɾame,enkaɾme,enkaɾm,enkaɾam,NL
enkaɾame,enkaɾme,enkaɾm,enkaɾam,NL
enkaɾame,enkaɾme,enkaɾm,enkaɾam,NL
enkaɾame,enkaɾme,enkaɾm,enkaɾam,NL
enkaɾame,enkaɾme,enkaɾm,enkaɾam,NL
enkaɾame,enkaɾme,enkaɾm,enkaɾam,NL
enkaɾame,enkaɾme,enkaɾm,enkaɾam,NL
enkaɾame,enkaɾme,enkaɾm,enkaɾam,NL
enkaɾame,enkaɾme,enkaɾm,enkaɾam,NL
enkaɾame,enkaɾme,enkaɾm,enkaɾam,NL
enkaɾame,enkaɾme,enkaɾm,enkaɾam,NL
enkaɾame,enkaɾme,enkaɾm,enkaɾam,NL
enkaɾame,enkaɾame,enkaɾam,enkaɾam,NL
enkaɾame,enkaɾme,enkaɾm,enkaɾam,NL
enkaɾame,enkaɾme,enkaɾm,enkaɾam,NL
enkaɾamo,enkaɾmo,enkaɾm,enkaɾam,NL
enkaɾamo,enkaɾmo,enkaɾm,enkaɾam,NL
enkaɾamo,enkaɾmo,enkaɾm,enkaɾam,NL
enkaɾamo,enkaɾmo,enkaɾm,enkaɾam,NL
enkaɾamo,enkaɾmo,enkaɾm,enkaɾam,NL
enkaɾamo,enkaɾmo,enkaɾm,enkaɾam,NL
enkaɾamo,enkaɾmo,enkaɾm,enkaɾam,NL
enkaɾamo,enkaɾmo,enkaɾm,enkaɾam,NL
enkaɾamo,enkaɾmo,enkaɾm,enkaɾam,NL
enkaɾamo,enkaɾmo,enkaɾm,enkaɾam,NL
enkaɾamo,enkaɾmo,enkaɾm,enkaɾam,NL
enkaɾamo,enkaɾmo,enkaɾm,enkaɾam,NL
enkaɾamo,enkaɾmo,enkaɾm,enkaɾam,NL
enkaɾamo,enkaɾmo,enkaɾm,enkaɾam,NL
enkaɾamo,enkaɾmo,enkaɾm,enkaɾam,NL
enkaɾamo,enkaɾmo,enkaɾm,enkaɾam,NL
enkaɾamo,enkaɾmo,enkaɾm,enkaɾam,NL
enkaɾamo,enkaɾmo,enkaɾm,enkaɾam,NL
enkaɾamo,enkaɾmo,enkaɾm,enkaɾam,NL
enkaɾamo,enkaɾamo,enkaɾam,enkaɾam,NL
enkaɾamo,enkaɾamo,enkaɾam,enkaɾam,NL
enkaɾamo,enkaɾamo,enkaɾam,enkaɾam,NL
enkaɾamo,enkaɾmo,enkaɾm,enkaɾam,NL
enkaɾamo,enkaɾmo,enkaɾm,enkaɾam,NL
enkaɾamo,enkaɾmo,enkaɾm,enkaɾam,NL
enkaɾamo,enkaɾmo,enkaɾm,enkaɾam,NL
enkaɾamo,enkaɾmo,enkaɾm,enkaɾam,NL
enkaɾamo,enkaɾamo,enkaɾam,enkaɾam,NL
enkaɾamo,enkaɾamo,enkaɾam,enkaɾam,NL
enkaɾamo,enkaɾmo,enkaɾm,enkaɾam,NL
enkaɾamo,enkaɾmo,enkaɾm,enkaɾam,NL
enkaɾamo,enkaɾmo,enkaɾm,enkaɾam,NL
enkaɾamo,enkaɾmo,enkaɾm,enkaɾam,NL
enkaɾamo,enkaɾmo,enkaɾm,enkaɾam,NL
enkaɾamo,enkaɾmo,enkaɾm,enkaɾam,NL
enkaɾamo,enkaɾmo,enkaɾm,enkaɾam,NL
enkaɾamo,enkaɾmo,enkaɾm,enkaɾam,NL
enkaɾamo,enkaɾmo,enkaɾm,enkaɾam,NL
enkaɾamo,enkaɾmo,enkaɾm,enkaɾam,NL
enkaɾamo,enkaɾmo,enkaɾm,enkaɾam,NL
enkaɾamo,enkaɾmo,enkaɾm,enkaɾam,NL
enkaɾamo,enkaɾmo,enkaɾm,enkaɾam,NL
enkaɾamo,enkaɾmo,enkaɾm,enkaɾam,NL
enkaɾamo,enkaɾmo,enkaɾm,enkaɾam,NL
enkaɾamo,enkaɾmo,enkaɾm,enkaɾam,NL
enkaɾamo,enkaɾmo,enkaɾm,enkaɾam,NL
enkaɾamo,enkaɾmo,enkaɾm,enkaɾam,NL
enkaɾamo,enkaɾmo,enkaɾm,enkaɾam,NL
enkaɾamo,enkaɾmo,enkaɾm,enkaɾam,NL
enkaɾamo,enkaɾmo,enkaɾm,enkaɾam,NL
enkaɾamo,enkaɾmo,enkaɾm,enkaɾam,NL
enkaɾamo,enkaɾmo,enkaɾm,enkaɾam,NL
enkaɾamo,enkaɾmo,enkaɾm,enkaɾam,NL
enkaɾamo,enkaɾmo,enkaɾm,enkaɾam,NL
enkaɾamo,enkaɾmo,enkaɾm,enkaɾam,NL
enkarilajs,enkarilajs,enkaril,enkaril,NL
enkarilajs,enkarilajs,enkaril,enkaril,NL
enkarilajs,enkarilajs,enkaril,enkaril,NL
enkarilajs,enkarilajs,enkaril,enkaril,NL
enkarilajs,enkarilajs,enkaril,enkaril,NL
enkarilajs,enkarilajs,enkaril,enkaril,NL
enkarilajs,enkarilajs,enkaril,enkaril,NL
enkarilajs,enkarilajs,enkaril,enkaril,NL
enkarilajs,enkarilajs,enkaril,enkaril,NL
enkarilajs,enkarilajs,enkaril,enkaril,NL
enkarilajs,enkarilajs,enkaril,enkaril,NL
enkarilajs,enkarilajs,enkaril,enkaril,NL
enkarilajs,enkarilajs,enkaril,enkaril,NL
enkarilajs,enkarilajs,enkaril,enkaril,NL
enkarilajs,enkarilajs,enkaril,enkaril,NL
enkarilajs,enkarilajs,enkaril,enkaril,NL
enkarilajs,enkarilajs,enkaril,enkaril,NL
enkarilajs,enkarilajs,enkaril,enkaril,NL
enkarilajs,enkarilajs,enkaril,enkaril,NL
enkarilajs,enkarilajs,enkaril,enkaril,NL
enkarilajs,enkarilajs,enkaril,enkaril,NL
enkarilajs,enkarilajs,enkaril,enkaril,NL
enkarilajs,enkarilajs,enkaril,enkaril,NL
enkarilajs,enkarilajs,enkaril,enkaril,NL
enkarilajs,enkarilajs,enkaril,enkaril,NL
enkarilajs,enkarilajs,enkaril,enkaril,NL
enkarilajs,enkarilajs,enkaril,enkaril,NL
enkarilajs,enkarilajs,enkaril,enkaril,NL
enkarilajs,enkarilajs,enkaril,enkaril,NL
enkarilajs,enkarilajs,enkaril,enkaril,NL
enkarilajs,enkarilajs,enkaril,enkaril,NL
enkarilajs,enkarilajs,enkaril,enkaril,NL
enkarilajs,enkarilajs,enkaril,enkaril,NL
enkarilajs,enkarilajs,enkaril,enkaril,NL
enkarilajs,enkarilajs,enkaril,enkaril,NL
enkarilajs,enkarilajs,enkaril,enkaril,NL
enkarilajs,enkarilajs,enkaril,enkaril,NL
enkarilajs,enkarilajs,enkaril,enkaril,NL
enkarilajs,enkarilajs,enkaril,enkaril,NL
enkarilajs,enkarilajs,enkaril,enkaril,NL
enkarilajs,enkarilajs,enkaril,enkaril,NL
enkarilajs,enkarilajs,enkaril,enkaril,NL
enkarilajs,enkarilajs,enkaril,enkaril,NL
enkarilajs,enkarilajs,enkaril,enkaril,NL
enkarilajs,enkarilajs,enkaril,enkaril,NL
enkarilajs,enkarilajs,enkaril,enkaril,NL
enkarilajs,enkarilajs,enkaril,enkaril,NL
enkarilajs,enkarilajs,enkaril,enkaril,NL
enkarilajs,enkarilajs,enkaril,enkaril,NL
enkarilajs,enkarilajs,enkaril,enkaril,NL
enkarilajs,enkarilajs,enkaril,enkaril,NL
enkarilajs,enkarilajs,enkaril,enkaril,NL
enkarilajs,enkarilajs,enkaril,enkaril,NL
enkarilajs,enkarilajs,enkaril,enkaril,NL
enkarilajs,enkarilajs,enkaril,enkaril,NL
enkarilamos,enkarilamos,enkaril,enkaril,NL
enkarilamos,enkarilamos,enkaril,enkaril,NL
enkarilamos,enkarilamos,enkaril,enkaril,NL
enkarilamos,enkarilamos,enkaril,enkaril,NL
enkarilamos,enkarilamos,enkaril,enkaril,NL
enkarilamos,enkarilamos,enkaril,enkaril,NL
enkarilamos,enkarilamos,enkaril,enkaril,NL
enkarilamos,enkarilamos,enkaril,enkaril,NL
enkarilamos,enkarilamos,enkaril,enkaril,NL
enkarilamos,enkarilamos,enkaril,enkaril,NL
enkarilamos,enkarilamos,enkaril,enkaril,NL
enkarilamos,enkarilamos,enkaril,enkaril,NL
enkarilamos,enkarilamos,enkaril,enkaril,NL
enkarilamos,enkarilamos,enkaril,enkaril,NL
enkarilamos,enkarilamos,enkaril,enkaril,NL
enkarilamos,enkarilamos,enkaril,enkaril,NL
enkarilamos,enkarilamos,enkaril,enkaril,NL
enkarilamos,enkarilamos,enkaril,enkaril,NL
enkarilamos,enkarilamos,enkaril,enkaril,NL
enkarilamos,enkarilamos,enkaril,enkaril,NL
enkarilamos,enkarilamos,enkaril,enkaril,NL
enkarilamos,enkarilamos,enkaril,enkaril,NL
enkarilamos,enkarilamos,enkaril,enkaril,NL
enkarilamos,enkarilamos,enkaril,enkaril,NL
enkarilamos,enkarilamos,enkaril,enkaril,NL
enkarilamos,enkarilamos,enkaril,enkaril,NL
enkarilamos,enkarilamos,enkaril,enkaril,NL
enkarilamos,enkarilamos,enkaril,enkaril,NL
enkarilamos,enkarilamos,enkaril,enkaril,NL
enkarilamos,enkarilamos,enkaril,enkaril,NL
enkarilamos,enkarilamos,enkaril,enkaril,NL
enkarilamos,enkarilamos,enkaril,enkaril,NL
enkarilamos,enkarilamos,enkaril,enkaril,NL
enkarilamos,enkarilamos,enkaril,enkaril,NL
enkarilamos,enkarilamos,enkaril,enkaril,NL
enkarilamos,enkarilamos,enkaril,enkaril,NL
enkarilamos,enkarilamos,enkaril,enkaril,NL
enkarilamos,enkarilamos,enkaril,enkaril,NL
enkarilamos,enkarilamos,enkaril,enkaril,NL
enkarilamos,enkarilamos,enkaril,enkaril,NL
enkarilamos,enkarilamos,enkaril,enkaril,NL
enkarilamos,enkarilamos,enkaril,enkaril,NL
enkarilamos,enkarilamos,enkaril,enkaril,NL
enkarilamos,enkarilamos,enkaril,enkaril,NL
enkarilamos,enkarilamos,enkaril,enkaril,NL
enkarilamos,enkarilamos,enkaril,enkaril,NL
enkarilamos,enkarilamos,enkaril,enkaril,NL
enkarilamos,enkarilamos,enkaril,enkaril,NL
enkarilamos,enkarilamos,enkaril,enkaril,NL
enkarilamos,enkarilamos,enkaril,enkaril,NL
enkarilamos,enkarilamos,enkaril,enkaril,NL
enkarilamos,enkarilamos,enkaril,enkaril,NL
enkarilamos,enkarilamos,enkaril,enkaril,NL
enkarilamos,enkarilamos,enkaril,enkaril,NL
enkarilamos,enkarilamos,enkaril,enkaril,NL
enkarilan,enkarilan,enkaril,enkaril,NL
enkarilan,enkarilan,enkaril,enkaril,NL
enkarilan,enkarilan,enkaril,enkaril,NL
enkarilan,enkarilan,enkaril,enkaril,NL
enkarilan,enkarilan,enkaril,enkaril,NL
enkarilan,enkarilan,enkaril,enkaril,NL
enkarilan,enkarilan,enkaril,enkaril,NL
enkarilan,enkarilan,enkaril,enkaril,NL
enkarilan,enkarilan,enkaril,enkaril,NL
enkarilan,enkarilan,enkaril,enkaril,NL
enkarilan,enkarilan,enkaril,enkaril,NL
enkarilan,enkarilan,enkaril,enkaril,NL
enkarilan,enkarilan,enkaril,enkaril,NL
enkarilan,enkarilan,enkaril,enkaril,NL
enkarilan,enkarilan,enkaril,enkaril,NL
enkarilan,enkarilan,enkaril,enkaril,NL
enkarilan,enkarilan,enkaril,enkaril,NL
enkarilan,enkarilan,enkaril,enkaril,NL
enkarilan,enkarilan,enkaril,enkaril,NL
enkarilan,enkarilan,enkaril,enkaril,NL
enkarilan,enkarilan,enkaril,enkaril,NL
enkarilan,enkarilan,enkaril,enkaril,NL
enkarilan,enkarilan,enkaril,enkaril,NL
enkarilan,enkarilan,enkaril,enkaril,NL
enkarilan,enkarilan,enkaril,enkaril,NL
enkarilan,enkarilan,enkaril,enkaril,NL
enkarilan,enkarilan,enkaril,enkaril,NL
enkarilan,enkarilan,enkaril,enkaril,NL
enkarilan,enkarilan,enkaril,enkaril,NL
enkarilan,enkarilan,enkaril,enkaril,NL
enkarilan,enkarilan,enkaril,enkaril,NL
enkarilan,enkarilan,enkaril,enkaril,NL
enkarilan,enkarilan,enkaril,enkaril,NL
enkarilan,enkarilan,enkaril,enkaril,NL
enkarilan,enkarilan,enkaril,enkaril,NL
enkarilan,enkarilan,enkaril,enkaril,NL
enkarilan,enkarilan,enkaril,enkaril,NL
enkarilan,enkarilan,enkaril,enkaril,NL
enkarilan,enkarilan,enkaril,enkaril,NL
enkarilan,enkarilan,enkaril,enkaril,NL
enkarilan,enkarilan,enkaril,enkaril,NL
enkarilan,enkarilan,enkaril,enkaril,NL
enkarilan,enkarilan,enkaril,enkaril,NL
enkarilan,enkarilan,enkaril,enkaril,NL
enkarilan,enkarilan,enkaril,enkaril,NL
enkarilan,enkarilan,enkaril,enkaril,NL
enkarilan,enkarilan,enkaril,enkaril,NL
enkarilan,enkarilan,enkaril,enkaril,NL
enkarilan,enkarilan,enkaril,enkaril,NL
enkarilan,enkarilan,enkaril,enkaril,NL
enkarilan,enkarilan,enkaril,enkaril,NL
enkarilan,enkarilan,enkaril,enkaril,NL
enkarilan,enkarilan,enkaril,enkaril,NL
enkarilan,enkarilan,enkaril,enkaril,NL
enkarilan,enkarilan,enkaril,enkaril,NL
enkarilas,enkarilas,enkaril,enkaril,NL
enkarilas,enkarilas,enkaril,enkaril,NL
enkarilas,enkarilas,enkaril,enkaril,NL
enkarilas,enkarilas,enkaril,enkaril,NL
enkarilas,enkarilas,enkaril,enkaril,NL
enkarilas,enkarilas,enkaril,enkaril,NL
enkarilas,enkarilas,enkaril,enkaril,NL
enkarilas,enkarilas,enkaril,enkaril,NL
enkarilas,enkarilas,enkaril,enkaril,NL
enkarilas,enkarilas,enkaril,enkaril,NL
enkarilas,enkarilas,enkaril,enkaril,NL
enkarilas,enkarilas,enkaril,enkaril,NL
enkarilas,enkarilas,enkaril,enkaril,NL
enkarilas,enkarilas,enkaril,enkaril,NL
enkarilas,enkarilas,enkaril,enkaril,NL
enkarilas,enkarilas,enkaril,enkaril,NL
enkarilas,enkarilas,enkaril,enkaril,NL
enkarilas,enkarilas,enkaril,enkaril,NL
enkarilas,enkarilas,enkaril,enkaril,NL
enkarilas,enkarilas,enkaril,enkaril,NL
enkarilas,enkarilas,enkaril,enkaril,NL
enkarilas,enkarilas,enkaril,enkaril,NL
enkarilas,enkarilas,enkaril,enkaril,NL
enkarilas,enkarilas,enkaril,enkaril,NL
enkarilas,enkarilas,enkaril,enkaril,NL
enkarilas,enkarilas,enkaril,enkaril,NL
enkarilas,enkarilas,enkaril,enkaril,NL
enkarilas,enkarilas,enkaril,enkaril,NL
enkarilas,enkarilas,enkaril,enkaril,NL
enkarilas,enkarilas,enkaril,enkaril,NL
enkarilas,enkarilas,enkaril,enkaril,NL
enkarilas,enkarilas,enkaril,enkaril,NL
enkarilas,enkarilas,enkaril,enkaril,NL
enkarilas,enkarilas,enkaril,enkaril,NL
enkarilas,enkarilas,enkaril,enkaril,NL
enkarilas,enkarilas,enkaril,enkaril,NL
enkarilas,enkarilas,enkaril,enkaril,NL
enkarilas,enkarilas,enkaril,enkaril,NL
enkarilas,enkarilas,enkaril,enkaril,NL
enkarilas,enkarilas,enkaril,enkaril,NL
enkarilas,enkarilas,enkaril,enkaril,NL
enkarilas,enkarilas,enkaril,enkaril,NL
enkarilas,enkarilas,enkaril,enkaril,NL
enkarilas,enkarilas,enkaril,enkaril,NL
enkarilas,enkarilas,enkaril,enkaril,NL
enkarilas,enkarilas,enkaril,enkaril,NL
enkarilas,enkarilas,enkaril,enkaril,NL
enkarilas,enkarilas,enkaril,enkaril,NL
enkarilas,enkarilas,enkaril,enkaril,NL
enkarilas,enkarilas,enkaril,enkaril,NL
enkarilas,enkarilas,enkaril,enkaril,NL
enkarilas,enkarilas,enkaril,enkaril,NL
enkarilas,enkarilas,enkaril,enkaril,NL
enkarilas,enkarilas,enkaril,enkaril,NL
enkarilas,enkarilas,enkaril,enkaril,NL
enkarila,enkarila,enkaril,enkaril,NL
enkarila,enkarila,enkaril,enkaril,NL
enkarila,enkarila,enkaril,enkaril,NL
enkarila,enkarila,enkaril,enkaril,NL
enkarila,enkarila,enkaril,enkaril,NL
enkarila,enkarila,enkaril,enkaril,NL
enkarila,enkarila,enkaril,enkaril,NL
enkarila,enkarila,enkaril,enkaril,NL
enkarila,enkarila,enkaril,enkaril,NL
enkarila,enkarila,enkaril,enkaril,NL
enkarila,enkarila,enkaril,enkaril,NL
enkarila,enkarila,enkaril,enkaril,NL
enkarila,enkarila,enkaril,enkaril,NL
enkarila,enkarila,enkaril,enkaril,NL
enkarila,enkarila,enkaril,enkaril,NL
enkarila,enkarila,enkaril,enkaril,NL
enkarila,enkarila,enkaril,enkaril,NL
enkarila,enkarila,enkaril,enkaril,NL
enkarila,enkarila,enkaril,enkaril,NL
enkarila,enkarila,enkaril,enkaril,NL
enkarila,enkarila,enkaril,enkaril,NL
enkarila,enkarila,enkaril,enkaril,NL
enkarila,enkarila,enkaril,enkaril,NL
enkarila,enkarila,enkaril,enkaril,NL
enkarila,enkarila,enkaril,enkaril,NL
enkarila,enkarila,enkaril,enkaril,NL
enkarila,enkarila,enkaril,enkaril,NL
enkarila,enkarila,enkaril,enkaril,NL
enkarila,enkarila,enkaril,enkaril,NL
enkarila,enkarila,enkaril,enkaril,NL
enkarila,enkarila,enkaril,enkaril,NL
enkarila,enkarila,enkaril,enkaril,NL
enkarila,enkarila,enkaril,enkaril,NL
enkarila,enkarila,enkaril,enkaril,NL
enkarila,enkarila,enkaril,enkaril,NL
enkarila,enkarila,enkaril,enkaril,NL
enkarila,enkarila,enkaril,enkaril,NL
enkarila,enkarila,enkaril,enkaril,NL
enkarila,enkarila,enkaril,enkaril,NL
enkarila,enkarila,enkaril,enkaril,NL
enkarila,enkarila,enkaril,enkaril,NL
enkarila,enkarila,enkaril,enkaril,NL
enkarila,enkarila,enkaril,enkaril,NL
enkarila,enkarila,enkaril,enkaril,NL
enkarila,enkarila,enkaril,enkaril,NL
enkarila,enkarila,enkaril,enkaril,NL
enkarila,enkarila,enkaril,enkaril,NL
enkarila,enkarila,enkaril,enkaril,NL
enkarila,enkarila,enkaril,enkaril,NL
enkarila,enkarila,enkaril,enkaril,NL
enkarila,enkarila,enkaril,enkaril,NL
enkarila,enkarila,enkaril,enkaril,NL
enkarila,enkarila,enkaril,enkaril,NL
enkarila,enkarila,enkaril,enkaril,NL
enkarila,enkarila,enkaril,enkaril,NL
enkarilejs,enkarilejs,enkaril,enkaril,NL
enkarilejs,enkarilejs,enkaril,enkaril,NL
enkarilejs,enkarilejs,enkaril,enkaril,NL
enkarilejs,enkarilejs,enkaril,enkaril,NL
enkarilejs,enkarilejs,enkaril,enkaril,NL
enkarilejs,enkarilejs,enkaril,enkaril,NL
enkarilejs,enkarilejs,enkaril,enkaril,NL
enkarilejs,enkarilejs,enkaril,enkaril,NL
enkarilejs,enkarilejs,enkaril,enkaril,NL
enkarilejs,enkarilejs,enkaril,enkaril,NL
enkarilejs,enkarilejs,enkaril,enkaril,NL
enkarilejs,enkarilejs,enkaril,enkaril,NL
enkarilejs,enkarilejs,enkaril,enkaril,NL
enkarilejs,enkarilejs,enkaril,enkaril,NL
enkarilejs,enkarilejs,enkaril,enkaril,NL
enkarilejs,enkarilejs,enkaril,enkaril,NL
enkarilejs,enkarilejs,enkaril,enkaril,NL
enkarilejs,enkarilejs,enkaril,enkaril,NL
enkarilejs,enkarilejs,enkaril,enkaril,NL
enkarilejs,enkarilejs,enkaril,enkaril,NL
enkarilejs,enkarilejs,enkaril,enkaril,NL
enkarilejs,enkarilejs,enkaril,enkaril,NL
enkarilejs,enkarilejs,enkaril,enkaril,NL
enkarilejs,enkarilejs,enkaril,enkaril,NL
enkarilejs,enkarilejs,enkaril,enkaril,NL
enkarilejs,enkarilejs,enkaril,enkaril,NL
enkarilejs,enkarilejs,enkaril,enkaril,NL
enkarilejs,enkarilejs,enkaril,enkaril,NL
enkarilejs,enkarilejs,enkaril,enkaril,NL
enkarilejs,enkarilejs,enkaril,enkaril,NL
enkarilejs,enkarilejs,enkaril,enkaril,NL
enkarilejs,enkarilejs,enkaril,enkaril,NL
enkarilejs,enkarilejs,enkaril,enkaril,NL
enkarilejs,enkarilejs,enkaril,enkaril,NL
enkarilejs,enkarilejs,enkaril,enkaril,NL
enkarilejs,enkarilejs,enkaril,enkaril,NL
enkarilejs,enkarilejs,enkaril,enkaril,NL
enkarilejs,enkarilejs,enkaril,enkaril,NL
enkarilejs,enkarilejs,enkaril,enkaril,NL
enkarilejs,enkarilejs,enkaril,enkaril,NL
enkarilejs,enkarilejs,enkaril,enkaril,NL
enkarilejs,enkarilejs,enkaril,enkaril,NL
enkarilejs,enkarilejs,enkaril,enkaril,NL
enkarilejs,enkarilejs,enkaril,enkaril,NL
enkarilejs,enkarilejs,enkaril,enkaril,NL
enkarilejs,enkarilejs,enkaril,enkaril,NL
enkarilejs,enkarilejs,enkaril,enkaril,NL
enkarilejs,enkarilejs,enkaril,enkaril,NL
enkarilejs,enkarilejs,enkaril,enkaril,NL
enkarilejs,enkarilejs,enkaril,enkaril,NL
enkarilejs,enkarilejs,enkaril,enkaril,NL
enkarilejs,enkarilejs,enkaril,enkaril,NL
enkarilejs,enkarilejs,enkaril,enkaril,NL
enkarilejs,enkarilejs,enkaril,enkaril,NL
enkarilejs,enkarilejs,enkaril,enkaril,NL
enkarilemos,enkarilemos,enkaril,enkaril,NL
enkarilemos,enkarilemos,enkaril,enkaril,NL
enkarilemos,enkarilemos,enkaril,enkaril,NL
enkarilemos,enkarilemos,enkaril,enkaril,NL
enkarilemos,enkarilemos,enkaril,enkaril,NL
enkarilemos,enkarilemos,enkaril,enkaril,NL
enkarilemos,enkarilemos,enkaril,enkaril,NL
enkarilemos,enkarilemos,enkaril,enkaril,NL
enkarilemos,enkarilemos,enkaril,enkaril,NL
enkarilemos,enkarilemos,enkaril,enkaril,NL
enkarilemos,enkarilemos,enkaril,enkaril,NL
enkarilemos,enkarilemos,enkaril,enkaril,NL
enkarilemos,enkarilemos,enkaril,enkaril,NL
enkarilemos,enkarilemos,enkaril,enkaril,NL
enkarilemos,enkarilemos,enkaril,enkaril,NL
enkarilemos,enkarilemos,enkaril,enkaril,NL
enkarilemos,enkarilemos,enkaril,enkaril,NL
enkarilemos,enkarilemos,enkaril,enkaril,NL
enkarilemos,enkarilemos,enkaril,enkaril,NL
enkarilemos,enkarilemos,enkaril,enkaril,NL
enkarilemos,enkarilemos,enkaril,enkaril,NL
enkarilemos,enkarilemos,enkaril,enkaril,NL
enkarilemos,enkarilemos,enkaril,enkaril,NL
enkarilemos,enkarilemos,enkaril,enkaril,NL
enkarilemos,enkarilemos,enkaril,enkaril,NL
enkarilemos,enkarilemos,enkaril,enkaril,NL
enkarilemos,enkarilemos,enkaril,enkaril,NL
enkarilemos,enkarilemos,enkaril,enkaril,NL
enkarilemos,enkarilemos,enkaril,enkaril,NL
enkarilemos,enkarilemos,enkaril,enkaril,NL
enkarilemos,enkarilemos,enkaril,enkaril,NL
enkarilemos,enkarilemos,enkaril,enkaril,NL
enkarilemos,enkarilemos,enkaril,enkaril,NL
enkarilemos,enkarilemos,enkaril,enkaril,NL
enkarilemos,enkarilemos,enkaril,enkaril,NL
enkarilemos,enkarilemos,enkaril,enkaril,NL
enkarilemos,enkarilemos,enkaril,enkaril,NL
enkarilemos,enkarilemos,enkaril,enkaril,NL
enkarilemos,enkarilemos,enkaril,enkaril,NL
enkarilemos,enkarilemos,enkaril,enkaril,NL
enkarilemos,enkarilemos,enkaril,enkaril,NL
enkarilemos,enkarilemos,enkaril,enkaril,NL
enkarilemos,enkarilemos,enkaril,enkaril,NL
enkarilemos,enkarilemos,enkaril,enkaril,NL
enkarilemos,enkarilemos,enkaril,enkaril,NL
enkarilemos,enkarilemos,enkaril,enkaril,NL
enkarilemos,enkarilemos,enkaril,enkaril,NL
enkarilemos,enkarilemos,enkaril,enkaril,NL
enkarilemos,enkarilemos,enkaril,enkaril,NL
enkarilemos,enkarilemos,enkaril,enkaril,NL
enkarilemos,enkarilemos,enkaril,enkaril,NL
enkarilemos,enkarilemos,enkaril,enkaril,NL
enkarilemos,enkarilemos,enkaril,enkaril,NL
enkarilemos,enkarilemos,enkaril,enkaril,NL
enkarilemos,enkarilemos,enkaril,enkaril,NL
enkarilen,enkarilen,enkaril,enkaril,NL
enkarilen,enkarilen,enkaril,enkaril,NL
enkarilen,enkarilen,enkaril,enkaril,NL
enkarilen,enkarilen,enkaril,enkaril,NL
enkarilen,enkarilen,enkaril,enkaril,NL
enkarilen,enkarilen,enkaril,enkaril,NL
enkarilen,enkarilen,enkaril,enkaril,NL
enkarilen,enkarilen,enkaril,enkaril,NL
enkarilen,enkarilen,enkaril,enkaril,NL
enkarilen,enkarilen,enkaril,enkaril,NL
enkarilen,enkarilen,enkaril,enkaril,NL
enkarilen,enkarilen,enkaril,enkaril,NL
enkarilen,enkarilen,enkaril,enkaril,NL
enkarilen,enkarilen,enkaril,enkaril,NL
enkarilen,enkarilen,enkaril,enkaril,NL
enkarilen,enkarilen,enkaril,enkaril,NL
enkarilen,enkarilen,enkaril,enkaril,NL
enkarilen,enkarilen,enkaril,enkaril,NL
enkarilen,enkarilen,enkaril,enkaril,NL
enkarilen,enkarilen,enkaril,enkaril,NL
enkarilen,enkarilen,enkaril,enkaril,NL
enkarilen,enkarilen,enkaril,enkaril,NL
enkarilen,enkarilen,enkaril,enkaril,NL
enkarilen,enkarilen,enkaril,enkaril,NL
enkarilen,enkarilen,enkaril,enkaril,NL
enkarilen,enkarilen,enkaril,enkaril,NL
enkarilen,enkarilen,enkaril,enkaril,NL
enkarilen,enkarilen,enkaril,enkaril,NL
enkarilen,enkarilen,enkaril,enkaril,NL
enkarilen,enkarilen,enkaril,enkaril,NL
enkarilen,enkarilen,enkaril,enkaril,NL
enkarilen,enkarilen,enkaril,enkaril,NL
enkarilen,enkarilen,enkaril,enkaril,NL
enkarilen,enkarilen,enkaril,enkaril,NL
enkarilen,enkarilen,enkaril,enkaril,NL
enkarilen,enkarilen,enkaril,enkaril,NL
enkarilen,enkarilen,enkaril,enkaril,NL
enkarilen,enkarilen,enkaril,enkaril,NL
enkarilen,enkarilen,enkaril,enkaril,NL
enkarilen,enkarilen,enkaril,enkaril,NL
enkarilen,enkarilen,enkaril,enkaril,NL
enkarilen,enkarilen,enkaril,enkaril,NL
enkarilen,enkarilen,enkaril,enkaril,NL
enkarilen,enkarilen,enkaril,enkaril,NL
enkarilen,enkarilen,enkaril,enkaril,NL
enkarilen,enkarilen,enkaril,enkaril,NL
enkarilen,enkarilen,enkaril,enkaril,NL
enkarilen,enkarilen,enkaril,enkaril,NL
enkarilen,enkarilen,enkaril,enkaril,NL
enkarilen,enkarilen,enkaril,enkaril,NL
enkarilen,enkarilen,enkaril,enkaril,NL
enkarilen,enkarilen,enkaril,enkaril,NL
enkarilen,enkarilen,enkaril,enkaril,NL
enkarilen,enkarilen,enkaril,enkaril,NL
enkarilen,enkarilen,enkaril,enkaril,NL
enkariles,enkariles,enkaril,enkaril,NL
enkariles,enkariles,enkaril,enkaril,NL
enkariles,enkariles,enkaril,enkaril,NL
enkariles,enkariles,enkaril,enkaril,NL
enkariles,enkariles,enkaril,enkaril,NL
enkariles,enkariles,enkaril,enkaril,NL
enkariles,enkariles,enkaril,enkaril,NL
enkariles,enkariles,enkaril,enkaril,NL
enkariles,enkariles,enkaril,enkaril,NL
enkariles,enkariles,enkaril,enkaril,NL
enkariles,enkariles,enkaril,enkaril,NL
enkariles,enkariles,enkaril,enkaril,NL
enkariles,enkariles,enkaril,enkaril,NL
enkariles,enkariles,enkaril,enkaril,NL
enkariles,enkariles,enkaril,enkaril,NL
enkariles,enkariles,enkaril,enkaril,NL
enkariles,enkariles,enkaril,enkaril,NL
enkariles,enkariles,enkaril,enkaril,NL
enkariles,enkariles,enkaril,enkaril,NL
enkariles,enkariles,enkaril,enkaril,NL
enkariles,enkariles,enkaril,enkaril,NL
enkariles,enkariles,enkaril,enkaril,NL
enkariles,enkariles,enkaril,enkaril,NL
enkariles,enkariles,enkaril,enkaril,NL
enkariles,enkariles,enkaril,enkaril,NL
enkariles,enkariles,enkaril,enkaril,NL
enkariles,enkariles,enkaril,enkaril,NL
enkariles,enkariles,enkaril,enkaril,NL
enkariles,enkariles,enkaril,enkaril,NL
enkariles,enkariles,enkaril,enkaril,NL
enkariles,enkariles,enkaril,enkaril,NL
enkariles,enkariles,enkaril,enkaril,NL
enkariles,enkariles,enkaril,enkaril,NL
enkariles,enkariles,enkaril,enkaril,NL
enkariles,enkariles,enkaril,enkaril,NL
enkariles,enkariles,enkaril,enkaril,NL
enkariles,enkariles,enkaril,enkaril,NL
enkariles,enkariles,enkaril,enkaril,NL
enkariles,enkariles,enkaril,enkaril,NL
enkariles,enkariles,enkaril,enkaril,NL
enkariles,enkariles,enkaril,enkaril,NL
enkariles,enkariles,enkaril,enkaril,NL
enkariles,enkariles,enkaril,enkaril,NL
enkariles,enkariles,enkaril,enkaril,NL
enkariles,enkariles,enkaril,enkaril,NL
enkariles,enkariles,enkaril,enkaril,NL
enkariles,enkariles,enkaril,enkaril,NL
enkariles,enkariles,enkaril,enkaril,NL
enkariles,enkariles,enkaril,enkaril,NL
enkariles,enkariles,enkaril,enkaril,NL
enkariles,enkariles,enkaril,enkaril,NL
enkariles,enkariles,enkaril,enkaril,NL
enkariles,enkariles,enkaril,enkaril,NL
enkariles,enkariles,enkaril,enkaril,NL
enkariles,enkariles,enkaril,enkaril,NL
enkarile,enkarile,enkaril,enkaril,NL
enkarile,enkarile,enkaril,enkaril,NL
enkarile,enkarile,enkaril,enkaril,NL
enkarile,enkarile,enkaril,enkaril,NL
enkarile,enkarile,enkaril,enkaril,NL
enkarile,enkarile,enkaril,enkaril,NL
enkarile,enkarile,enkaril,enkaril,NL
enkarile,enkarile,enkaril,enkaril,NL
enkarile,enkarile,enkaril,enkaril,NL
enkarile,enkarile,enkaril,enkaril,NL
enkarile,enkarile,enkaril,enkaril,NL
enkarile,enkarile,enkaril,enkaril,NL
enkarile,enkarile,enkaril,enkaril,NL
enkarile,enkarile,enkaril,enkaril,NL
enkarile,enkarile,enkaril,enkaril,NL
enkarile,enkarile,enkaril,enkaril,NL
enkarile,enkarile,enkaril,enkaril,NL
enkarile,enkarile,enkaril,enkaril,NL
enkarile,enkarile,enkaril,enkaril,NL
enkarile,enkarile,enkaril,enkaril,NL
enkarile,enkarile,enkaril,enkaril,NL
enkarile,enkarile,enkaril,enkaril,NL
enkarile,enkarile,enkaril,enkaril,NL
enkarile,enkarile,enkaril,enkaril,NL
enkarile,enkarile,enkaril,enkaril,NL
enkarile,enkarile,enkaril,enkaril,NL
enkarile,enkarile,enkaril,enkaril,NL
enkarile,enkarile,enkaril,enkaril,NL
enkarile,enkarile,enkaril,enkaril,NL
enkarile,enkarile,enkaril,enkaril,NL
enkarile,enkarile,enkaril,enkaril,NL
enkarile,enkarile,enkaril,enkaril,NL
enkarile,enkarile,enkaril,enkaril,NL
enkarile,enkarile,enkaril,enkaril,NL
enkarile,enkarile,enkaril,enkaril,NL
enkarile,enkarile,enkaril,enkaril,NL
enkarile,enkarile,enkaril,enkaril,NL
enkarile,enkarile,enkaril,enkaril,NL
enkarile,enkarile,enkaril,enkaril,NL
enkarile,enkarile,enkaril,enkaril,NL
enkarile,enkarile,enkaril,enkaril,NL
enkarile,enkarile,enkaril,enkaril,NL
enkarile,enkarile,enkaril,enkaril,NL
enkarile,enkarile,enkaril,enkaril,NL
enkarile,enkarile,enkaril,enkaril,NL
enkarile,enkarile,enkaril,enkaril,NL
enkarile,enkarile,enkaril,enkaril,NL
enkarile,enkarile,enkaril,enkaril,NL
enkarile,enkarile,enkaril,enkaril,NL
enkarile,enkarile,enkaril,enkaril,NL
enkarile,enkarile,enkaril,enkaril,NL
enkarile,enkarile,enkaril,enkaril,NL
enkarile,enkarile,enkaril,enkaril,NL
enkarile,enkarile,enkaril,enkaril,NL
enkarile,enkarile,enkaril,enkaril,NL
enkarile,enkarile,enkaril,enkaril,NL
enkarile,enkarile,enkaril,enkaril,NL
enkarile,enkarile,enkaril,enkaril,NL
enkarile,enkarile,enkaril,enkaril,NL
enkarile,enkarile,enkaril,enkaril,NL
enkarile,enkarile,enkaril,enkaril,NL
enkarile,enkarile,enkaril,enkaril,NL
enkarile,enkarile,enkaril,enkaril,NL
enkarile,enkarile,enkaril,enkaril,NL
enkarile,enkarile,enkaril,enkaril,NL
enkarile,enkarile,enkaril,enkaril,NL
enkarile,enkarile,enkaril,enkaril,NL
enkarile,enkarile,enkaril,enkaril,NL
enkarile,enkarile,enkaril,enkaril,NL
enkarile,enkarile,enkaril,enkaril,NL
enkarile,enkarile,enkaril,enkaril,NL
enkarile,enkarile,enkaril,enkaril,NL
enkarile,enkarile,enkaril,enkaril,NL
enkarile,enkarile,enkaril,enkaril,NL
enkarile,enkarile,enkaril,enkaril,NL
enkarile,enkarile,enkaril,enkaril,NL
enkarile,enkarile,enkaril,enkaril,NL
enkarile,enkarile,enkaril,enkaril,NL
enkarile,enkarile,enkaril,enkaril,NL
enkarile,enkarile,enkaril,enkaril,NL
enkarile,enkarile,enkaril,enkaril,NL
enkarile,enkarile,enkaril,enkaril,NL
enkarile,enkarile,enkaril,enkaril,NL
enkarile,enkarile,enkaril,enkaril,NL
enkarile,enkarile,enkaril,enkaril,NL
enkarile,enkarile,enkaril,enkaril,NL
enkarile,enkarile,enkaril,enkaril,NL
enkarile,enkarile,enkaril,enkaril,NL
enkarile,enkarile,enkaril,enkaril,NL
enkarile,enkarile,enkaril,enkaril,NL
enkarile,enkarile,enkaril,enkaril,NL
enkarile,enkarile,enkaril,enkaril,NL
enkarile,enkarile,enkaril,enkaril,NL
enkarile,enkarile,enkaril,enkaril,NL
enkarile,enkarile,enkaril,enkaril,NL
enkarile,enkarile,enkaril,enkaril,NL
enkarile,enkarile,enkaril,enkaril,NL
enkarile,enkarile,enkaril,enkaril,NL
enkarile,enkarile,enkaril,enkaril,NL
enkarile,enkarile,enkaril,enkaril,NL
enkarile,enkarile,enkaril,enkaril,NL
enkarile,enkarile,enkaril,enkaril,NL
enkarile,enkarile,enkaril,enkaril,NL
enkarile,enkarile,enkaril,enkaril,NL
enkarile,enkarile,enkaril,enkaril,NL
enkarile,enkarile,enkaril,enkaril,NL
enkarile,enkarile,enkaril,enkaril,NL
enkarile,enkarile,enkaril,enkaril,NL
enkarile,enkarile,enkaril,enkaril,NL
enkarile,enkarile,enkaril,enkaril,NL
enkarilo,enkarilo,enkaril,enkaril,NL
enkarilo,enkarilo,enkaril,enkaril,NL
enkarilo,enkarilo,enkaril,enkaril,NL
enkarilo,enkarilo,enkaril,enkaril,NL
enkarilo,enkarilo,enkaril,enkaril,NL
enkarilo,enkarilo,enkaril,enkaril,NL
enkarilo,enkarilo,enkaril,enkaril,NL
enkarilo,enkarilo,enkaril,enkaril,NL
enkarilo,enkarilo,enkaril,enkaril,NL
enkarilo,enkarilo,enkaril,enkaril,NL
enkarilo,enkarilo,enkaril,enkaril,NL
enkarilo,enkarilo,enkaril,enkaril,NL
enkarilo,enkarilo,enkaril,enkaril,NL
enkarilo,enkarilo,enkaril,enkaril,NL
enkarilo,enkarilo,enkaril,enkaril,NL
enkarilo,enkarilo,enkaril,enkaril,NL
enkarilo,enkarilo,enkaril,enkaril,NL
enkarilo,enkarilo,enkaril,enkaril,NL
enkarilo,enkarilo,enkaril,enkaril,NL
enkarilo,enkarilo,enkaril,enkaril,NL
enkarilo,enkarilo,enkaril,enkaril,NL
enkarilo,enkarilo,enkaril,enkaril,NL
enkarilo,enkarilo,enkaril,enkaril,NL
enkarilo,enkarilo,enkaril,enkaril,NL
enkarilo,enkarilo,enkaril,enkaril,NL
enkarilo,enkarilo,enkaril,enkaril,NL
enkarilo,enkarilo,enkaril,enkaril,NL
enkarilo,enkarilo,enkaril,enkaril,NL
enkarilo,enkarilo,enkaril,enkaril,NL
enkarilo,enkarilo,enkaril,enkaril,NL
enkarilo,enkarilo,enkaril,enkaril,NL
enkarilo,enkarilo,enkaril,enkaril,NL
enkarilo,enkarilo,enkaril,enkaril,NL
enkarilo,enkarilo,enkaril,enkaril,NL
enkarilo,enkarilo,enkaril,enkaril,NL
enkarilo,enkarilo,enkaril,enkaril,NL
enkarilo,enkarilo,enkaril,enkaril,NL
enkarilo,enkarilo,enkaril,enkaril,NL
enkarilo,enkarilo,enkaril,enkaril,NL
enkarilo,enkarilo,enkaril,enkaril,NL
enkarilo,enkarilo,enkaril,enkaril,NL
enkarilo,enkarilo,enkaril,enkaril,NL
enkarilo,enkarilo,enkaril,enkaril,NL
enkarilo,enkarilo,enkaril,enkaril,NL
enkarilo,enkarilo,enkaril,enkaril,NL
enkarilo,enkarilo,enkaril,enkaril,NL
enkarilo,enkarilo,enkaril,enkaril,NL
enkarilo,enkarilo,enkaril,enkaril,NL
enkarilo,enkarilo,enkaril,enkaril,NL
enkarilo,enkarilo,enkaril,enkaril,NL
enkarilo,enkarilo,enkaril,enkaril,NL
enkarilo,enkarilo,enkaril,enkaril,NL
enkarilo,enkarilo,enkaril,enkaril,NL
enkarilo,enkarilo,enkaril,enkaril,NL
enkarilo,enkarilo,enkaril,enkaril,NL
desabilitajs,desabiltitajs,desabiltit,desabilit,NL
desabilitajs,desabiltitajs,desabiltit,desabilit,NL
desabilitajs,desabiltitajs,desabiltit,desabilit,NL
desabilitajs,desabiltitajs,desabiltit,desabilit,NL
desabilitajs,desabiltitajs,desabiltit,desabilit,NL
desabilitajs,desabiltajs,desabilt,desabilit,NL
desabilitajs,desabiltitajs,desabiltit,desabilit,NL
desabilitajs,desabiltitajs,desabiltit,desabilit,NL
desabilitajs,desabiltitajs,desabiltit,desabilit,NL
desabilitajs,desabiltajs,desabilt,desabilit,NL
desabilitajs,desabilitajs,desabilit,desabilit,NL
desabilitajs,desabilitajs,desabilit,desabilit,NL
desabilitajs,desabilitajs,desabilit,desabilit,NL
desabilitajs,desabilitajs,desabilit,desabilit,NL
desabilitajs,desabilitajs,desabilit,desabilit,NL
desabilitajs,desabilitajs,desabilit,desabilit,NL
desabilitajs,desabilitajs,desabilit,desabilit,NL
desabilitajs,desabilitajs,desabilit,desabilit,NL
desabilitajs,desabilitajs,desabilit,desabilit,NL
desabilitajs,desabilitajs,desabilit,desabilit,NL
desabilitajs,desabilitajs,desabilit,desabilit,NL
desabilitajs,desabilitajs,desabilit,desabilit,NL
desabilitajs,desabilitajs,desabilit,desabilit,NL
desabilitajs,desabilitajs,desabilit,desabilit,NL
desabilitajs,desabilitajs,desabilit,desabilit,NL
desabilitajs,desabilitajs,desabilit,desabilit,NL
desabilitajs,desabilitajs,desabilit,desabilit,NL
desabilitajs,desabilitajs,desabilit,desabilit,NL
desabilitajs,desabilitajs,desabilit,desabilit,NL
desabilitajs,desabilitajs,desabilit,desabilit,NL
desabilitajs,desabilitajs,desabilit,desabilit,NL
desabilitajs,desabilitajs,desabilit,desabilit,NL
desabilitajs,desabilitajs,desabilit,desabilit,NL
desabilitajs,desabilitajs,desabilit,desabilit,NL
desabilitajs,desabiltajs,desabilt,desabilit,NL
desabilitajs,desabiltajs,desabilt,desabilit,NL
desabilitajs,desabiltajs,desabilt,desabilit,NL
desabilitajs,desabiltajs,desabilt,desabilit,NL
desabilitajs,desabiltajs,desabilt,desabilit,NL
desabilitajs,desabiltajs,desabilt,desabilit,NL
desabilitajs,desabiltajs,desabilt,desabilit,NL
desabilitajs,desabiltajs,desabilt,desabilit,NL
desabilitajs,desabiltajs,desabilt,desabilit,NL
desabilitajs,desabiltajs,desabilt,desabilit,NL
desabilitajs,desabiltajs,desabilt,desabilit,NL
desabilitajs,desabilitajs,desabilit,desabilit,NL
desabilitajs,desabilitajs,desabilit,desabilit,NL
desabilitajs,desabilitajs,desabilit,desabilit,NL
desabilitajs,desabilitajs,desabilit,desabilit,NL
desabilitajs,desabilitajs,desabilit,desabilit,NL
desabilitajs,desabilitajs,desabilit,desabilit,NL
desabilitajs,desabilitajs,desabilit,desabilit,NL
desabilitajs,desabilitajs,desabilit,desabilit,NL
desabilitajs,desabilitajs,desabilit,desabilit,NL
desabilitajs,desabilitajs,desabilit,desabilit,NL
desabilitamos,desabiltitamos,desabiltit,desabilit,NL
desabilitamos,desabiltitamos,desabiltit,desabilit,NL
desabilitamos,desabiltamos,desabilt,desabilit,NL
desabilitamos,desabiltitamos,desabiltit,desabilit,NL
desabilitamos,desabiltitamos,desabiltit,desabilit,NL
desabilitamos,desabiltitamos,desabiltit,desabilit,NL
desabilitamos,desabiltitamos,desabiltit,desabilit,NL
desabilitamos,desabiltamos,desabilt,desabilit,NL
desabilitamos,desabiltamos,desabilt,desabilit,NL
desabilitamos,desabiltamos,desabilt,desabilit,NL
desabilitamos,desabilitamos,desabilit,desabilit,NL
desabilitamos,desabilitamos,desabilit,desabilit,NL
desabilitamos,desabilitamos,desabilit,desabilit,NL
desabilitamos,desabilitamos,desabilit,desabilit,NL
desabilitamos,desabilitamos,desabilit,desabilit,NL
desabilitamos,desabilitamos,desabilit,desabilit,NL
desabilitamos,desabilitamos,desabilit,desabilit,NL
desabilitamos,desabilitamos,desabilit,desabilit,NL
desabilitamos,desabilitamos,desabilit,desabilit,NL
desabilitamos,desabilitamos,desabilit,desabilit,NL
desabilitamos,desabilitamos,desabilit,desabilit,NL
desabilitamos,desabilitamos,desabilit,desabilit,NL
desabilitamos,desabilitamos,desabilit,desabilit,NL
desabilitamos,desabilitamos,desabilit,desabilit,NL
desabilitamos,desabilitamos,desabilit,desabilit,NL
desabilitamos,desabilitamos,desabilit,desabilit,NL
desabilitamos,desabilitamos,desabilit,desabilit,NL
desabilitamos,desabilitamos,desabilit,desabilit,NL
desabilitamos,desabilitamos,desabilit,desabilit,NL
desabilitamos,desabilitamos,desabilit,desabilit,NL
desabilitamos,desabilitamos,desabilit,desabilit,NL
desabilitamos,desabilitamos,desabilit,desabilit,NL
desabilitamos,desabilitamos,desabilit,desabilit,NL
desabilitamos,desabilitamos,desabilit,desabilit,NL
desabilitamos,desabiltitamos,desabiltit,desabilit,NL
desabilitamos,desabiltamos,desabilt,desabilit,NL
desabilitamos,desabiltamos,desabilt,desabilit,NL
desabilitamos,desabiltamos,desabilt,desabilit,NL
desabilitamos,desabiltamos,desabilt,desabilit,NL
desabilitamos,desabiltamos,desabilt,desabilit,NL
desabilitamos,desabiltitamos,desabiltit,desabilit,NL
desabilitamos,desabiltitamos,desabiltit,desabilit,NL
desabilitamos,desabiltitamos,desabiltit,desabilit,NL
desabilitamos,desabiltitamos,desabiltit,desabilit,NL
desabilitamos,desabiltitamos,desabiltit,desabilit,NL
desabilitamos,desabilitamos,desabilit,desabilit,NL
desabilitamos,desabilitamos,desabilit,desabilit,NL
desabilitamos,desabilitamos,desabilit,desabilit,NL
desabilitamos,desabilitamos,desabilit,desabilit,NL
desabilitamos,desabilitamos,desabilit,desabilit,NL
desabilitamos,desabilitamos,desabilit,desabilit,NL
desabilitamos,desabilitamos,desabilit,desabilit,NL
desabilitamos,desabilitamos,desabilit,desabilit,NL
desabilitamos,desabilitamos,desabilit,desabilit,NL
desabilitamos,desabilitamos,desabilit,desabilit,NL
desabilitan,desabilitan,desabilit,desabilit,NL
desabilitan,desabilitan,desabilit,desabilit,NL
desabilitan,desabilitan,desabilit,desabilit,NL
desabilitan,desabilitan,desabilit,desabilit,NL
desabilitan,desabilitan,desabilit,desabilit,NL
desabilitan,desabilitan,desabilit,desabilit,NL
desabilitan,desabilitan,desabilit,desabilit,NL
desabilitan,desabilitan,desabilit,desabilit,NL
desabilitan,desabilitan,desabilit,desabilit,NL
desabilitan,desabilitan,desabilit,desabilit,NL
desabilitan,desabilitan,desabilit,desabilit,NL
desabilitan,desabilitan,desabilit,desabilit,NL
desabilitan,desabilitan,desabilit,desabilit,NL
desabilitan,desabilitan,desabilit,desabilit,NL
desabilitan,desabilitan,desabilit,desabilit,NL
desabilitan,desabilitan,desabilit,desabilit,NL
desabilitan,desabilitan,desabilit,desabilit,NL
desabilitan,desabilitan,desabilit,desabilit,NL
desabilitan,desabilitan,desabilit,desabilit,NL
desabilitan,desabilitan,desabilit,desabilit,NL
desabilitan,desabilitan,desabilit,desabilit,NL
desabilitan,desabilitan,desabilit,desabilit,NL
desabilitan,desabilitan,desabilit,desabilit,NL
desabilitan,desabilitan,desabilit,desabilit,NL
desabilitan,desabilitan,desabilit,desabilit,NL
desabilitan,desabilitan,desabilit,desabilit,NL
desabilitan,desabilitan,desabilit,desabilit,NL
desabilitan,desabilitan,desabilit,desabilit,NL
desabilitan,desabilitan,desabilit,desabilit,NL
desabilitan,desabilitan,desabilit,desabilit,NL
desabilitan,desabilitan,desabilit,desabilit,NL
desabilitan,desabilitan,desabilit,desabilit,NL
desabilitan,desabilitan,desabilit,desabilit,NL
desabilitan,desabilitan,desabilit,desabilit,NL
desabilitan,desabilitan,desabilit,desabilit,NL
desabilitan,desabilitan,desabilit,desabilit,NL
desabilitan,desabilitan,desabilit,desabilit,NL
desabilitan,desabilitan,desabilit,desabilit,NL
desabilitan,desabilitan,desabilit,desabilit,NL
desabilitan,desabilitan,desabilit,desabilit,NL
desabilitan,desabilitan,desabilit,desabilit,NL
desabilitan,desabilitan,desabilit,desabilit,NL
desabilitan,desabilitan,desabilit,desabilit,NL
desabilitan,desabilitan,desabilit,desabilit,NL
desabilitan,desabilitan,desabilit,desabilit,NL
desabilitan,desabilitan,desabilit,desabilit,NL
desabilitan,desabilitan,desabilit,desabilit,NL
desabilitan,desabilitan,desabilit,desabilit,NL
desabilitan,desabilitan,desabilit,desabilit,NL
desabilitan,desabilitan,desabilit,desabilit,NL
desabilitan,desabilitan,desabilit,desabilit,NL
desabilitan,desabilitan,desabilit,desabilit,NL
desabilitan,desabilitan,desabilit,desabilit,NL
desabilitan,desabilitan,desabilit,desabilit,NL
desabilitan,desabilitan,desabilit,desabilit,NL
desabilitas,desabilitas,desabilit,desabilit,NL
desabilitas,desabilitas,desabilit,desabilit,NL
desabilitas,desabilitas,desabilit,desabilit,NL
desabilitas,desabilitas,desabilit,desabilit,NL
desabilitas,desabilitas,desabilit,desabilit,NL
desabilitas,desabilitas,desabilit,desabilit,NL
desabilitas,desabilitas,desabilit,desabilit,NL
desabilitas,desabilitas,desabilit,desabilit,NL
desabilitas,desabilitas,desabilit,desabilit,NL
desabilitas,desabilitas,desabilit,desabilit,NL
desabilitas,desabilitas,desabilit,desabilit,NL
desabilitas,desabilitas,desabilit,desabilit,NL
desabilitas,desabilitas,desabilit,desabilit,NL
desabilitas,desabilitas,desabilit,desabilit,NL
desabilitas,desabilitas,desabilit,desabilit,NL
desabilitas,desabilitas,desabilit,desabilit,NL
desabilitas,desabilitas,desabilit,desabilit,NL
desabilitas,desabilitas,desabilit,desabilit,NL
desabilitas,desabilitas,desabilit,desabilit,NL
desabilitas,desabilitas,desabilit,desabilit,NL
desabilitas,desabilitas,desabilit,desabilit,NL
desabilitas,desabilitas,desabilit,desabilit,NL
desabilitas,desabilitas,desabilit,desabilit,NL
desabilitas,desabilitas,desabilit,desabilit,NL
desabilitas,desabilitas,desabilit,desabilit,NL
desabilitas,desabilitas,desabilit,desabilit,NL
desabilitas,desabilitas,desabilit,desabilit,NL
desabilitas,desabilitas,desabilit,desabilit,NL
desabilitas,desabilitas,desabilit,desabilit,NL
desabilitas,desabilitas,desabilit,desabilit,NL
desabilitas,desabilitas,desabilit,desabilit,NL
desabilitas,desabilitas,desabilit,desabilit,NL
desabilitas,desabilitas,desabilit,desabilit,NL
desabilitas,desabilitas,desabilit,desabilit,NL
desabilitas,desabilitas,desabilit,desabilit,NL
desabilitas,desabilitas,desabilit,desabilit,NL
desabilitas,desabilitas,desabilit,desabilit,NL
desabilitas,desabilitas,desabilit,desabilit,NL
desabilitas,desabilitas,desabilit,desabilit,NL
desabilitas,desabilitas,desabilit,desabilit,NL
desabilitas,desabilitas,desabilit,desabilit,NL
desabilitas,desabilitas,desabilit,desabilit,NL
desabilitas,desabilitas,desabilit,desabilit,NL
desabilitas,desabilitas,desabilit,desabilit,NL
desabilitas,desabilitas,desabilit,desabilit,NL
desabilitas,desabilitas,desabilit,desabilit,NL
desabilitas,desabilitas,desabilit,desabilit,NL
desabilitas,desabilitas,desabilit,desabilit,NL
desabilitas,desabilitas,desabilit,desabilit,NL
desabilitas,desabilitas,desabilit,desabilit,NL
desabilitas,desabilitas,desabilit,desabilit,NL
desabilitas,desabilitas,desabilit,desabilit,NL
desabilitas,desabilitas,desabilit,desabilit,NL
desabilitas,desabilitas,desabilit,desabilit,NL
desabilitas,desabilitas,desabilit,desabilit,NL
desabilita,desabilita,desabilit,desabilit,NL
desabilita,desabilita,desabilit,desabilit,NL
desabilita,desabilita,desabilit,desabilit,NL
desabilita,desabilita,desabilit,desabilit,NL
desabilita,desabilita,desabilit,desabilit,NL
desabilita,desabilita,desabilit,desabilit,NL
desabilita,desabilita,desabilit,desabilit,NL
desabilita,desabilita,desabilit,desabilit,NL
desabilita,desabilita,desabilit,desabilit,NL
desabilita,desabilita,desabilit,desabilit,NL
desabilita,desabilita,desabilit,desabilit,NL
desabilita,desabilita,desabilit,desabilit,NL
desabilita,desabilita,desabilit,desabilit,NL
desabilita,desabilita,desabilit,desabilit,NL
desabilita,desabilita,desabilit,desabilit,NL
desabilita,desabilita,desabilit,desabilit,NL
desabilita,desabilita,desabilit,desabilit,NL
desabilita,desabilita,desabilit,desabilit,NL
desabilita,desabilita,desabilit,desabilit,NL
desabilita,desabilita,desabilit,desabilit,NL
desabilita,desabilita,desabilit,desabilit,NL
desabilita,desabilita,desabilit,desabilit,NL
desabilita,desabilita,desabilit,desabilit,NL
desabilita,desabilita,desabilit,desabilit,NL
desabilita,desabilita,desabilit,desabilit,NL
desabilita,desabilita,desabilit,desabilit,NL
desabilita,desabilita,desabilit,desabilit,NL
desabilita,desabilita,desabilit,desabilit,NL
desabilita,desabilita,desabilit,desabilit,NL
desabilita,desabilita,desabilit,desabilit,NL
desabilita,desabilita,desabilit,desabilit,NL
desabilita,desabilita,desabilit,desabilit,NL
desabilita,desabilita,desabilit,desabilit,NL
desabilita,desabilita,desabilit,desabilit,NL
desabilita,desabilita,desabilit,desabilit,NL
desabilita,desabilita,desabilit,desabilit,NL
desabilita,desabilita,desabilit,desabilit,NL
desabilita,desabilita,desabilit,desabilit,NL
desabilita,desabilita,desabilit,desabilit,NL
desabilita,desabilita,desabilit,desabilit,NL
desabilita,desabilita,desabilit,desabilit,NL
desabilita,desabilita,desabilit,desabilit,NL
desabilita,desabilita,desabilit,desabilit,NL
desabilita,desabilita,desabilit,desabilit,NL
desabilita,desabilita,desabilit,desabilit,NL
desabilita,desabilita,desabilit,desabilit,NL
desabilita,desabilita,desabilit,desabilit,NL
desabilita,desabilita,desabilit,desabilit,NL
desabilita,desabilita,desabilit,desabilit,NL
desabilita,desabilita,desabilit,desabilit,NL
desabilita,desabilita,desabilit,desabilit,NL
desabilita,desabilita,desabilit,desabilit,NL
desabilita,desabilita,desabilit,desabilit,NL
desabilita,desabilita,desabilit,desabilit,NL
desabilita,desabilita,desabilit,desabilit,NL
desabilitejs,desabiltitejs,desabiltit,desabilit,NL
desabilitejs,desabiltitejs,desabiltit,desabilit,NL
desabilitejs,desabiltitejs,desabiltit,desabilit,NL
desabilitejs,desabiltitejs,desabiltit,desabilit,NL
desabilitejs,desabiltitejs,desabiltit,desabilit,NL
desabilitejs,desabiltitejs,desabiltit,desabilit,NL
desabilitejs,desabiltitejs,desabiltit,desabilit,NL
desabilitejs,desabiltitejs,desabiltit,desabilit,NL
desabilitejs,desabiltitejs,desabiltit,desabilit,NL
desabilitejs,desabiltitejs,desabiltit,desabilit,NL
desabilitejs,desabiltitejs,desabiltit,desabilit,NL
desabilitejs,desabiltitejs,desabiltit,desabilit,NL
desabilitejs,desabiltitejs,desabiltit,desabilit,NL
desabilitejs,desabiltitejs,desabiltit,desabilit,NL
desabilitejs,desabiltitejs,desabiltit,desabilit,NL
desabilitejs,desabiltitejs,desabiltit,desabilit,NL
desabilitejs,desabiltitejs,desabiltit,desabilit,NL
desabilitejs,desabiltitejs,desabiltit,desabilit,NL
desabilitejs,desabiltitejs,desabiltit,desabilit,NL
desabilitejs,desabilitejs,desabilit,desabilit,NL
desabilitejs,desabilitejs,desabilit,desabilit,NL
desabilitejs,desabilitejs,desabilit,desabilit,NL
desabilitejs,desabilitejs,desabilit,desabilit,NL
desabilitejs,desabilitejs,desabilit,desabilit,NL
desabilitejs,desabilitejs,desabilit,desabilit,NL
desabilitejs,desabilitejs,desabilit,desabilit,NL
desabilitejs,desabilitejs,desabilit,desabilit,NL
desabilitejs,desabilitejs,desabilit,desabilit,NL
desabilitejs,desabilitejs,desabilit,desabilit,NL
desabilitejs,desabilitejs,desabilit,desabilit,NL
desabilitejs,desabilitejs,desabilit,desabilit,NL
desabilitejs,desabilitejs,desabilit,desabilit,NL
desabilitejs,desabilitejs,desabilit,desabilit,NL
desabilitejs,desabilitejs,desabilit,desabilit,NL
desabilitejs,desabilitejs,desabilit,desabilit,NL
desabilitejs,desabilitejs,desabilit,desabilit,NL
desabilitejs,desabilitejs,desabilit,desabilit,NL
desabilitejs,desabilitejs,desabilit,desabilit,NL
desabilitejs,desabilitejs,desabilit,desabilit,NL
desabilitejs,desabilitejs,desabilit,desabilit,NL
desabilitejs,desabiltitejs,desabiltit,desabilit,NL
desabilitejs,desabiltitejs,desabiltit,desabilit,NL
desabilitejs,desabiltitejs,desabiltit,desabilit,NL
desabilitejs,desabiltitejs,desabiltit,desabilit,NL
desabilitejs,desabiltitejs,desabiltit,desabilit,NL
desabilitejs,desabilitejs,desabilit,desabilit,NL
desabilitejs,desabilitejs,desabilit,desabilit,NL
desabilitejs,desabilitejs,desabilit,desabilit,NL
desabilitejs,desabilitejs,desabilit,desabilit,NL
desabilitejs,desabilitejs,desabilit,desabilit,NL
desabilitejs,desabilitejs,desabilit,desabilit,NL
desabilitejs,desabilitejs,desabilit,desabilit,NL
desabilitejs,desabilitejs,desabilit,desabilit,NL
desabilitejs,desabilitejs,desabilit,desabilit,NL
desabilitejs,desabilitejs,desabilit,desabilit,NL
desabilitemos,desabiltitemos,desabiltit,desabilit,NL
desabilitemos,desabiltitemos,desabiltit,desabilit,NL
desabilitemos,desabiltitemos,desabiltit,desabilit,NL
desabilitemos,desabiltitemos,desabiltit,desabilit,NL
desabilitemos,desabiltitemos,desabiltit,desabilit,NL
desabilitemos,desabiltitemos,desabiltit,desabilit,NL
desabilitemos,desabiltitemos,desabiltit,desabilit,NL
desabilitemos,desabiltitemos,desabiltit,desabilit,NL
desabilitemos,desabiltitemos,desabiltit,desabilit,NL
desabilitemos,desabiltitemos,desabiltit,desabilit,NL
desabilitemos,desabiltitemos,desabiltit,desabilit,NL
desabilitemos,desabiltitemos,desabiltit,desabilit,NL
desabilitemos,desabiltitemos,desabiltit,desabilit,NL
desabilitemos,desabiltitemos,desabiltit,desabilit,NL
desabilitemos,desabiltitemos,desabiltit,desabilit,NL
desabilitemos,desabiltitemos,desabiltit,desabilit,NL
desabilitemos,desabiltitemos,desabiltit,desabilit,NL
desabilitemos,desabiltitemos,desabiltit,desabilit,NL
desabilitemos,desabiltitemos,desabiltit,desabilit,NL
desabilitemos,desabilitemos,desabilit,desabilit,NL
desabilitemos,desabilitemos,desabilit,desabilit,NL
desabilitemos,desabilitemos,desabilit,desabilit,NL
desabilitemos,desabilitemos,desabilit,desabilit,NL
desabilitemos,desabilitemos,desabilit,desabilit,NL
desabilitemos,desabilitemos,desabilit,desabilit,NL
desabilitemos,desabilitemos,desabilit,desabilit,NL
desabilitemos,desabilitemos,desabilit,desabilit,NL
desabilitemos,desabilitemos,desabilit,desabilit,NL
desabilitemos,desabilitemos,desabilit,desabilit,NL
desabilitemos,desabilitemos,desabilit,desabilit,NL
desabilitemos,desabilitemos,desabilit,desabilit,NL
desabilitemos,desabilitemos,desabilit,desabilit,NL
desabilitemos,desabilitemos,desabilit,desabilit,NL
desabilitemos,desabilitemos,desabilit,desabilit,NL
desabilitemos,desabilitemos,desabilit,desabilit,NL
desabilitemos,desabilitemos,desabilit,desabilit,NL
desabilitemos,desabilitemos,desabilit,desabilit,NL
desabilitemos,desabilitemos,desabilit,desabilit,NL
desabilitemos,desabilitemos,desabilit,desabilit,NL
desabilitemos,desabilitemos,desabilit,desabilit,NL
desabilitemos,desabiltitemos,desabiltit,desabilit,NL
desabilitemos,desabiltitemos,desabiltit,desabilit,NL
desabilitemos,desabiltitemos,desabiltit,desabilit,NL
desabilitemos,desabiltitemos,desabiltit,desabilit,NL
desabilitemos,desabiltitemos,desabiltit,desabilit,NL
desabilitemos,desabilitemos,desabilit,desabilit,NL
desabilitemos,desabilitemos,desabilit,desabilit,NL
desabilitemos,desabilitemos,desabilit,desabilit,NL
desabilitemos,desabilitemos,desabilit,desabilit,NL
desabilitemos,desabilitemos,desabilit,desabilit,NL
desabilitemos,desabilitemos,desabilit,desabilit,NL
desabilitemos,desabilitemos,desabilit,desabilit,NL
desabilitemos,desabilitemos,desabilit,desabilit,NL
desabilitemos,desabilitemos,desabilit,desabilit,NL
desabilitemos,desabilitemos,desabilit,desabilit,NL
desabiliten,desabiliten,desabilit,desabilit,NL
desabiliten,desabiliten,desabilit,desabilit,NL
desabiliten,desabiliten,desabilit,desabilit,NL
desabiliten,desabiliten,desabilit,desabilit,NL
desabiliten,desabiliten,desabilit,desabilit,NL
desabiliten,desabiliten,desabilit,desabilit,NL
desabiliten,desabiliten,desabilit,desabilit,NL
desabiliten,desabiliten,desabilit,desabilit,NL
desabiliten,desabiliten,desabilit,desabilit,NL
desabiliten,desabiliten,desabilit,desabilit,NL
desabiliten,desabiliten,desabilit,desabilit,NL
desabiliten,desabiliten,desabilit,desabilit,NL
desabiliten,desabiliten,desabilit,desabilit,NL
desabiliten,desabiliten,desabilit,desabilit,NL
desabiliten,desabiliten,desabilit,desabilit,NL
desabiliten,desabiliten,desabilit,desabilit,NL
desabiliten,desabiliten,desabilit,desabilit,NL
desabiliten,desabiliten,desabilit,desabilit,NL
desabiliten,desabiliten,desabilit,desabilit,NL
desabiliten,desabiliten,desabilit,desabilit,NL
desabiliten,desabiliten,desabilit,desabilit,NL
desabiliten,desabiliten,desabilit,desabilit,NL
desabiliten,desabiliten,desabilit,desabilit,NL
desabiliten,desabiliten,desabilit,desabilit,NL
desabiliten,desabiliten,desabilit,desabilit,NL
desabiliten,desabiliten,desabilit,desabilit,NL
desabiliten,desabiliten,desabilit,desabilit,NL
desabiliten,desabiliten,desabilit,desabilit,NL
desabiliten,desabiliten,desabilit,desabilit,NL
desabiliten,desabiliten,desabilit,desabilit,NL
desabiliten,desabiliten,desabilit,desabilit,NL
desabiliten,desabiliten,desabilit,desabilit,NL
desabiliten,desabiliten,desabilit,desabilit,NL
desabiliten,desabiliten,desabilit,desabilit,NL
desabiliten,desabiliten,desabilit,desabilit,NL
desabiliten,desabiliten,desabilit,desabilit,NL
desabiliten,desabiliten,desabilit,desabilit,NL
desabiliten,desabiliten,desabilit,desabilit,NL
desabiliten,desabiliten,desabilit,desabilit,NL
desabiliten,desabiliten,desabilit,desabilit,NL
desabiliten,desabiliten,desabilit,desabilit,NL
desabiliten,desabiliten,desabilit,desabilit,NL
desabiliten,desabiliten,desabilit,desabilit,NL
desabiliten,desabiliten,desabilit,desabilit,NL
desabiliten,desabiliten,desabilit,desabilit,NL
desabiliten,desabiliten,desabilit,desabilit,NL
desabiliten,desabiliten,desabilit,desabilit,NL
desabiliten,desabiliten,desabilit,desabilit,NL
desabiliten,desabiliten,desabilit,desabilit,NL
desabiliten,desabiliten,desabilit,desabilit,NL
desabiliten,desabiliten,desabilit,desabilit,NL
desabiliten,desabiliten,desabilit,desabilit,NL
desabiliten,desabiliten,desabilit,desabilit,NL
desabiliten,desabiliten,desabilit,desabilit,NL
desabiliten,desabiliten,desabilit,desabilit,NL
desabilites,desabilites,desabilit,desabilit,NL
desabilites,desabilites,desabilit,desabilit,NL
desabilites,desabilites,desabilit,desabilit,NL
desabilites,desabilites,desabilit,desabilit,NL
desabilites,desabilites,desabilit,desabilit,NL
desabilites,desabilites,desabilit,desabilit,NL
desabilites,desabilites,desabilit,desabilit,NL
desabilites,desabilites,desabilit,desabilit,NL
desabilites,desabilites,desabilit,desabilit,NL
desabilites,desabilites,desabilit,desabilit,NL
desabilites,desabilites,desabilit,desabilit,NL
desabilites,desabilites,desabilit,desabilit,NL
desabilites,desabilites,desabilit,desabilit,NL
desabilites,desabilites,desabilit,desabilit,NL
desabilites,desabilites,desabilit,desabilit,NL
desabilites,desabilites,desabilit,desabilit,NL
desabilites,desabilites,desabilit,desabilit,NL
desabilites,desabilites,desabilit,desabilit,NL
desabilites,desabilites,desabilit,desabilit,NL
desabilites,desabilites,desabilit,desabilit,NL
desabilites,desabilites,desabilit,desabilit,NL
desabilites,desabilites,desabilit,desabilit,NL
desabilites,desabilites,desabilit,desabilit,NL
desabilites,desabilites,desabilit,desabilit,NL
desabilites,desabilites,desabilit,desabilit,NL
desabilites,desabilites,desabilit,desabilit,NL
desabilites,desabilites,desabilit,desabilit,NL
desabilites,desabilites,desabilit,desabilit,NL
desabilites,desabilites,desabilit,desabilit,NL
desabilites,desabilites,desabilit,desabilit,NL
desabilites,desabilites,desabilit,desabilit,NL
desabilites,desabilites,desabilit,desabilit,NL
desabilites,desabilites,desabilit,desabilit,NL
desabilites,desabilites,desabilit,desabilit,NL
desabilites,desabilites,desabilit,desabilit,NL
desabilites,desabilites,desabilit,desabilit,NL
desabilites,desabilites,desabilit,desabilit,NL
desabilites,desabilites,desabilit,desabilit,NL
desabilites,desabilites,desabilit,desabilit,NL
desabilites,desabilites,desabilit,desabilit,NL
desabilites,desabilites,desabilit,desabilit,NL
desabilites,desabilites,desabilit,desabilit,NL
desabilites,desabilites,desabilit,desabilit,NL
desabilites,desabilites,desabilit,desabilit,NL
desabilites,desabilites,desabilit,desabilit,NL
desabilites,desabilites,desabilit,desabilit,NL
desabilites,desabilites,desabilit,desabilit,NL
desabilites,desabilites,desabilit,desabilit,NL
desabilites,desabilites,desabilit,desabilit,NL
desabilites,desabilites,desabilit,desabilit,NL
desabilites,desabilites,desabilit,desabilit,NL
desabilites,desabilites,desabilit,desabilit,NL
desabilites,desabilites,desabilit,desabilit,NL
desabilites,desabilites,desabilit,desabilit,NL
desabilites,desabilites,desabilit,desabilit,NL
desabilite,desabilite,desabilit,desabilit,NL
desabilite,desabilite,desabilit,desabilit,NL
desabilite,desabilite,desabilit,desabilit,NL
desabilite,desabilite,desabilit,desabilit,NL
desabilite,desabilite,desabilit,desabilit,NL
desabilite,desabilite,desabilit,desabilit,NL
desabilite,desabilite,desabilit,desabilit,NL
desabilite,desabilite,desabilit,desabilit,NL
desabilite,desabilite,desabilit,desabilit,NL
desabilite,desabilite,desabilit,desabilit,NL
desabilite,desabilite,desabilit,desabilit,NL
desabilite,desabilite,desabilit,desabilit,NL
desabilite,desabilite,desabilit,desabilit,NL
desabilite,desabilite,desabilit,desabilit,NL
desabilite,desabilite,desabilit,desabilit,NL
desabilite,desabilite,desabilit,desabilit,NL
desabilite,desabilite,desabilit,desabilit,NL
desabilite,desabilite,desabilit,desabilit,NL
desabilite,desabilite,desabilit,desabilit,NL
desabilite,desabilite,desabilit,desabilit,NL
desabilite,desabilite,desabilit,desabilit,NL
desabilite,desabilite,desabilit,desabilit,NL
desabilite,desabilite,desabilit,desabilit,NL
desabilite,desabilite,desabilit,desabilit,NL
desabilite,desabilite,desabilit,desabilit,NL
desabilite,desabilite,desabilit,desabilit,NL
desabilite,desabilite,desabilit,desabilit,NL
desabilite,desabilite,desabilit,desabilit,NL
desabilite,desabilite,desabilit,desabilit,NL
desabilite,desabilite,desabilit,desabilit,NL
desabilite,desabilite,desabilit,desabilit,NL
desabilite,desabilite,desabilit,desabilit,NL
desabilite,desabilite,desabilit,desabilit,NL
desabilite,desabilite,desabilit,desabilit,NL
desabilite,desabilite,desabilit,desabilit,NL
desabilite,desabilite,desabilit,desabilit,NL
desabilite,desabilite,desabilit,desabilit,NL
desabilite,desabilite,desabilit,desabilit,NL
desabilite,desabilite,desabilit,desabilit,NL
desabilite,desabilite,desabilit,desabilit,NL
desabilite,desabilite,desabilit,desabilit,NL
desabilite,desabilite,desabilit,desabilit,NL
desabilite,desabilite,desabilit,desabilit,NL
desabilite,desabilite,desabilit,desabilit,NL
desabilite,desabilite,desabilit,desabilit,NL
desabilite,desabilite,desabilit,desabilit,NL
desabilite,desabilite,desabilit,desabilit,NL
desabilite,desabilite,desabilit,desabilit,NL
desabilite,desabilite,desabilit,desabilit,NL
desabilite,desabilite,desabilit,desabilit,NL
desabilite,desabilite,desabilit,desabilit,NL
desabilite,desabilite,desabilit,desabilit,NL
desabilite,desabilite,desabilit,desabilit,NL
desabilite,desabilite,desabilit,desabilit,NL
desabilite,desabilite,desabilit,desabilit,NL
desabilite,desabilite,desabilit,desabilit,NL
desabilite,desabilite,desabilit,desabilit,NL
desabilite,desabilite,desabilit,desabilit,NL
desabilite,desabilite,desabilit,desabilit,NL
desabilite,desabilite,desabilit,desabilit,NL
desabilite,desabilite,desabilit,desabilit,NL
desabilite,desabilite,desabilit,desabilit,NL
desabilite,desabilite,desabilit,desabilit,NL
desabilite,desabilite,desabilit,desabilit,NL
desabilite,desabilite,desabilit,desabilit,NL
desabilite,desabilite,desabilit,desabilit,NL
desabilite,desabilite,desabilit,desabilit,NL
desabilite,desabilite,desabilit,desabilit,NL
desabilite,desabilite,desabilit,desabilit,NL
desabilite,desabilite,desabilit,desabilit,NL
desabilite,desabilite,desabilit,desabilit,NL
desabilite,desabilite,desabilit,desabilit,NL
desabilite,desabilite,desabilit,desabilit,NL
desabilite,desabilite,desabilit,desabilit,NL
desabilite,desabilite,desabilit,desabilit,NL
desabilite,desabilite,desabilit,desabilit,NL
desabilite,desabilite,desabilit,desabilit,NL
desabilite,desabilite,desabilit,desabilit,NL
desabilite,desabilite,desabilit,desabilit,NL
desabilite,desabilite,desabilit,desabilit,NL
desabilite,desabilite,desabilit,desabilit,NL
desabilite,desabilite,desabilit,desabilit,NL
desabilite,desabilite,desabilit,desabilit,NL
desabilite,desabilite,desabilit,desabilit,NL
desabilite,desabilite,desabilit,desabilit,NL
desabilite,desabilite,desabilit,desabilit,NL
desabilite,desabilite,desabilit,desabilit,NL
desabilite,desabilite,desabilit,desabilit,NL
desabilite,desabilite,desabilit,desabilit,NL
desabilite,desabilite,desabilit,desabilit,NL
desabilite,desabilite,desabilit,desabilit,NL
desabilite,desabilite,desabilit,desabilit,NL
desabilite,desabilite,desabilit,desabilit,NL
desabilite,desabilite,desabilit,desabilit,NL
desabilite,desabilite,desabilit,desabilit,NL
desabilite,desabilite,desabilit,desabilit,NL
desabilite,desabilite,desabilit,desabilit,NL
desabilite,desabilite,desabilit,desabilit,NL
desabilite,desabilite,desabilit,desabilit,NL
desabilite,desabilite,desabilit,desabilit,NL
desabilite,desabilite,desabilit,desabilit,NL
desabilite,desabilite,desabilit,desabilit,NL
desabilite,desabilite,desabilit,desabilit,NL
desabilite,desabilite,desabilit,desabilit,NL
desabilite,desabilite,desabilit,desabilit,NL
desabilite,desabilite,desabilit,desabilit,NL
desabilite,desabilite,desabilit,desabilit,NL
desabilite,desabilite,desabilit,desabilit,NL
desabilite,desabilite,desabilit,desabilit,NL
desabilite,desabilite,desabilit,desabilit,NL
desabilito,desabilito,desabilit,desabilit,NL
desabilito,desabilito,desabilit,desabilit,NL
desabilito,desabilito,desabilit,desabilit,NL
desabilito,desabilito,desabilit,desabilit,NL
desabilito,desabilito,desabilit,desabilit,NL
desabilito,desabilito,desabilit,desabilit,NL
desabilito,desabilito,desabilit,desabilit,NL
desabilito,desabilito,desabilit,desabilit,NL
desabilito,desabilito,desabilit,desabilit,NL
desabilito,desabilito,desabilit,desabilit,NL
desabilito,desabilito,desabilit,desabilit,NL
desabilito,desabilito,desabilit,desabilit,NL
desabilito,desabilito,desabilit,desabilit,NL
desabilito,desabilito,desabilit,desabilit,NL
desabilito,desabilito,desabilit,desabilit,NL
desabilito,desabilito,desabilit,desabilit,NL
desabilito,desabilito,desabilit,desabilit,NL
desabilito,desabilito,desabilit,desabilit,NL
desabilito,desabilito,desabilit,desabilit,NL
desabilito,desabilito,desabilit,desabilit,NL
desabilito,desabilito,desabilit,desabilit,NL
desabilito,desabilito,desabilit,desabilit,NL
desabilito,desabilito,desabilit,desabilit,NL
desabilito,desabilito,desabilit,desabilit,NL
desabilito,desabilito,desabilit,desabilit,NL
desabilito,desabilito,desabilit,desabilit,NL
desabilito,desabilito,desabilit,desabilit,NL
desabilito,desabilito,desabilit,desabilit,NL
desabilito,desabilito,desabilit,desabilit,NL
desabilito,desabilito,desabilit,desabilit,NL
desabilito,desabilito,desabilit,desabilit,NL
desabilito,desabilito,desabilit,desabilit,NL
desabilito,desabilito,desabilit,desabilit,NL
desabilito,desabilito,desabilit,desabilit,NL
desabilito,desabilito,desabilit,desabilit,NL
desabilito,desabilito,desabilit,desabilit,NL
desabilito,desabilito,desabilit,desabilit,NL
desabilito,desabilito,desabilit,desabilit,NL
desabilito,desabilito,desabilit,desabilit,NL
desabilito,desabilito,desabilit,desabilit,NL
desabilito,desabilito,desabilit,desabilit,NL
desabilito,desabilito,desabilit,desabilit,NL
desabilito,desabilito,desabilit,desabilit,NL
desabilito,desabilito,desabilit,desabilit,NL
desabilito,desabilito,desabilit,desabilit,NL
desabilito,desabilito,desabilit,desabilit,NL
desabilito,desabilito,desabilit,desabilit,NL
desabilito,desabilito,desabilit,desabilit,NL
desabilito,desabilito,desabilit,desabilit,NL
desabilito,desabilito,desabilit,desabilit,NL
desabilito,desabilito,desabilit,desabilit,NL
desabilito,desabilito,desabilit,desabilit,NL
desabilito,desabilito,desabilit,desabilit,NL
desabilito,desabilito,desabilit,desabilit,NL
desabilito,desabilito,desabilit,desabilit,NL
elebajs,elebajs,eleb,eleb,NL
elebajs,elebajs,eleb,eleb,NL
elebajs,elebajs,eleb,eleb,NL
elebajs,elebajs,eleb,eleb,NL
elebajs,elebajs,eleb,eleb,NL
elebajs,elebajs,eleb,eleb,NL
elebajs,elebajs,eleb,eleb,NL
elebajs,elebajs,eleb,eleb,NL
elebajs,elebajs,eleb,eleb,NL
elebajs,elebajs,eleb,eleb,NL
elebajs,elebajs,eleb,eleb,NL
elebajs,elebajs,eleb,eleb,NL
elebajs,elebajs,eleb,eleb,NL
elebajs,elebajs,eleb,eleb,NL
elebajs,elebajs,eleb,eleb,NL
elebajs,elebajs,eleb,eleb,NL
elebajs,elebajs,eleb,eleb,NL
elebajs,elebajs,eleb,eleb,NL
elebajs,elebajs,eleb,eleb,NL
elebajs,elebajs,eleb,eleb,NL
elebajs,elebajs,eleb,eleb,NL
elebajs,elebajs,eleb,eleb,NL
elebajs,elebajs,eleb,eleb,NL
elebajs,elebajs,eleb,eleb,NL
elebajs,elebajs,eleb,eleb,NL
elebajs,elebajs,eleb,eleb,NL
elebajs,elebajs,eleb,eleb,NL
elebajs,elebajs,eleb,eleb,NL
elebajs,elebajs,eleb,eleb,NL
elebajs,elebajs,eleb,eleb,NL
elebajs,elebajs,eleb,eleb,NL
elebajs,elebajs,eleb,eleb,NL
elebajs,elebajs,eleb,eleb,NL
elebajs,elebajs,eleb,eleb,NL
elebajs,elebajs,eleb,eleb,NL
elebajs,elebajs,eleb,eleb,NL
elebajs,elebajs,eleb,eleb,NL
elebajs,elebajs,eleb,eleb,NL
elebajs,elebajs,eleb,eleb,NL
elebajs,elebajs,eleb,eleb,NL
elebajs,elebajs,eleb,eleb,NL
elebajs,elebajs,eleb,eleb,NL
elebajs,elebajs,eleb,eleb,NL
elebajs,elebajs,eleb,eleb,NL
elebajs,elebajs,eleb,eleb,NL
elebajs,elebajs,eleb,eleb,NL
elebajs,elebajs,eleb,eleb,NL
elebajs,elebajs,eleb,eleb,NL
elebajs,elebajs,eleb,eleb,NL
elebajs,elebajs,eleb,eleb,NL
elebajs,elebajs,eleb,eleb,NL
elebajs,elebajs,eleb,eleb,NL
elebajs,elebajs,eleb,eleb,NL
elebajs,elebajs,eleb,eleb,NL
elebajs,elebajs,eleb,eleb,NL
elebamos,elebamos,eleb,eleb,NL
elebamos,elebamos,eleb,eleb,NL
elebamos,elebamos,eleb,eleb,NL
elebamos,elebamos,eleb,eleb,NL
elebamos,elebamos,eleb,eleb,NL
elebamos,elebamos,eleb,eleb,NL
elebamos,elebamos,eleb,eleb,NL
elebamos,elebamos,eleb,eleb,NL
elebamos,elebamos,eleb,eleb,NL
elebamos,elebamos,eleb,eleb,NL
elebamos,elebamos,eleb,eleb,NL
elebamos,elebamos,eleb,eleb,NL
elebamos,elebamos,eleb,eleb,NL
elebamos,elebamos,eleb,eleb,NL
elebamos,elebamos,eleb,eleb,NL
elebamos,elebamos,eleb,eleb,NL
elebamos,elebamos,eleb,eleb,NL
elebamos,elebamos,eleb,eleb,NL
elebamos,elebamos,eleb,eleb,NL
elebamos,elebamos,eleb,eleb,NL
elebamos,elebamos,eleb,eleb,NL
elebamos,elebamos,eleb,eleb,NL
elebamos,elebamos,eleb,eleb,NL
elebamos,elebamos,eleb,eleb,NL
elebamos,elebamos,eleb,eleb,NL
elebamos,elebamos,eleb,eleb,NL
elebamos,elebamos,eleb,eleb,NL
elebamos,elebamos,eleb,eleb,NL
elebamos,elebamos,eleb,eleb,NL
elebamos,elebamos,eleb,eleb,NL
elebamos,elebamos,eleb,eleb,NL
elebamos,elebamos,eleb,eleb,NL
elebamos,elebamos,eleb,eleb,NL
elebamos,elebamos,eleb,eleb,NL
elebamos,elebamos,eleb,eleb,NL
elebamos,elebamos,eleb,eleb,NL
elebamos,elebamos,eleb,eleb,NL
elebamos,elebamos,eleb,eleb,NL
elebamos,elebamos,eleb,eleb,NL
elebamos,elebamos,eleb,eleb,NL
elebamos,elebamos,eleb,eleb,NL
elebamos,elebamos,eleb,eleb,NL
elebamos,elebamos,eleb,eleb,NL
elebamos,elebamos,eleb,eleb,NL
elebamos,elebamos,eleb,eleb,NL
elebamos,elebamos,eleb,eleb,NL
elebamos,elebamos,eleb,eleb,NL
elebamos,elebamos,eleb,eleb,NL
elebamos,elebamos,eleb,eleb,NL
elebamos,elebamos,eleb,eleb,NL
elebamos,elebamos,eleb,eleb,NL
elebamos,elebamos,eleb,eleb,NL
elebamos,elebamos,eleb,eleb,NL
elebamos,elebamos,eleb,eleb,NL
elebamos,elebamos,eleb,eleb,NL
eleban,eleban,eleb,eleb,NL
eleban,eleban,eleb,eleb,NL
eleban,eleban,eleb,eleb,NL
eleban,eleban,eleb,eleb,NL
eleban,eleban,eleb,eleb,NL
eleban,eleban,eleb,eleb,NL
eleban,eleban,eleb,eleb,NL
eleban,eleban,eleb,eleb,NL
eleban,eleban,eleb,eleb,NL
eleban,eleban,eleb,eleb,NL
eleban,eleban,eleb,eleb,NL
eleban,eleban,eleb,eleb,NL
eleban,eleban,eleb,eleb,NL
eleban,eleban,eleb,eleb,NL
eleban,eleban,eleb,eleb,NL
eleban,eleban,eleb,eleb,NL
eleban,eleban,eleb,eleb,NL
eleban,eleban,eleb,eleb,NL
eleban,eleban,eleb,eleb,NL
eleban,eleban,eleb,eleb,NL
eleban,eleban,eleb,eleb,NL
eleban,eleban,eleb,eleb,NL
eleban,eleban,eleb,eleb,NL
eleban,eleban,eleb,eleb,NL
eleban,eleban,eleb,eleb,NL
eleban,eleban,eleb,eleb,NL
eleban,eleban,eleb,eleb,NL
eleban,eleban,eleb,eleb,NL
eleban,eleban,eleb,eleb,NL
eleban,eleban,eleb,eleb,NL
eleban,eleban,eleb,eleb,NL
eleban,eleban,eleb,eleb,NL
eleban,eleban,eleb,eleb,NL
eleban,eleban,eleb,eleb,NL
eleban,eleban,eleb,eleb,NL
eleban,eleban,eleb,eleb,NL
eleban,eleban,eleb,eleb,NL
eleban,eleban,eleb,eleb,NL
eleban,eleban,eleb,eleb,NL
eleban,eleban,eleb,eleb,NL
eleban,eleban,eleb,eleb,NL
eleban,eleban,eleb,eleb,NL
eleban,eleban,eleb,eleb,NL
eleban,eleban,eleb,eleb,NL
eleban,eleban,eleb,eleb,NL
eleban,eleban,eleb,eleb,NL
eleban,eleban,eleb,eleb,NL
eleban,eleban,eleb,eleb,NL
eleban,eleban,eleb,eleb,NL
eleban,eleban,eleb,eleb,NL
eleban,eleban,eleb,eleb,NL
eleban,eleban,eleb,eleb,NL
eleban,eleban,eleb,eleb,NL
eleban,eleban,eleb,eleb,NL
eleban,eleban,eleb,eleb,NL
elebas,elebas,eleb,eleb,NL
elebas,elebas,eleb,eleb,NL
elebas,elebas,eleb,eleb,NL
elebas,elebas,eleb,eleb,NL
elebas,elebas,eleb,eleb,NL
elebas,elebas,eleb,eleb,NL
elebas,elebas,eleb,eleb,NL
elebas,elebas,eleb,eleb,NL
elebas,elebas,eleb,eleb,NL
elebas,elebas,eleb,eleb,NL
elebas,elebas,eleb,eleb,NL
elebas,elebas,eleb,eleb,NL
elebas,elebas,eleb,eleb,NL
elebas,elebas,eleb,eleb,NL
elebas,elebas,eleb,eleb,NL
elebas,elebas,eleb,eleb,NL
elebas,elebas,eleb,eleb,NL
elebas,elebas,eleb,eleb,NL
elebas,elebas,eleb,eleb,NL
elebas,elebas,eleb,eleb,NL
elebas,elebas,eleb,eleb,NL
elebas,elebas,eleb,eleb,NL
elebas,elebas,eleb,eleb,NL
elebas,elebas,eleb,eleb,NL
elebas,elebas,eleb,eleb,NL
elebas,elebas,eleb,eleb,NL
elebas,elebas,eleb,eleb,NL
elebas,elebas,eleb,eleb,NL
elebas,elebas,eleb,eleb,NL
elebas,elebas,eleb,eleb,NL
elebas,elebas,eleb,eleb,NL
elebas,elebas,eleb,eleb,NL
elebas,elebas,eleb,eleb,NL
elebas,elebas,eleb,eleb,NL
elebas,elebas,eleb,eleb,NL
elebas,elebas,eleb,eleb,NL
elebas,elebas,eleb,eleb,NL
elebas,elebas,eleb,eleb,NL
elebas,elebas,eleb,eleb,NL
elebas,elebas,eleb,eleb,NL
elebas,elebas,eleb,eleb,NL
elebas,elebas,eleb,eleb,NL
elebas,elebas,eleb,eleb,NL
elebas,elebas,eleb,eleb,NL
elebas,elebas,eleb,eleb,NL
elebas,elebas,eleb,eleb,NL
elebas,elebas,eleb,eleb,NL
elebas,elebas,eleb,eleb,NL
elebas,elebas,eleb,eleb,NL
elebas,elebas,eleb,eleb,NL
elebas,elebas,eleb,eleb,NL
elebas,elebas,eleb,eleb,NL
elebas,elebas,eleb,eleb,NL
elebas,elebas,eleb,eleb,NL
elebas,elebas,eleb,eleb,NL
eleba,eleba,eleb,eleb,NL
eleba,eleba,eleb,eleb,NL
eleba,eleba,eleb,eleb,NL
eleba,eleba,eleb,eleb,NL
eleba,eleba,eleb,eleb,NL
eleba,eleba,eleb,eleb,NL
eleba,eleba,eleb,eleb,NL
eleba,eleba,eleb,eleb,NL
eleba,eleba,eleb,eleb,NL
eleba,eleba,eleb,eleb,NL
eleba,eleba,eleb,eleb,NL
eleba,eleba,eleb,eleb,NL
eleba,eleba,eleb,eleb,NL
eleba,eleba,eleb,eleb,NL
eleba,eleba,eleb,eleb,NL
eleba,eleba,eleb,eleb,NL
eleba,eleba,eleb,eleb,NL
eleba,eleba,eleb,eleb,NL
eleba,eleba,eleb,eleb,NL
eleba,eleba,eleb,eleb,NL
eleba,eleba,eleb,eleb,NL
eleba,eleba,eleb,eleb,NL
eleba,eleba,eleb,eleb,NL
eleba,eleba,eleb,eleb,NL
eleba,eleba,eleb,eleb,NL
eleba,eleba,eleb,eleb,NL
eleba,eleba,eleb,eleb,NL
eleba,eleba,eleb,eleb,NL
eleba,eleba,eleb,eleb,NL
eleba,eleba,eleb,eleb,NL
eleba,eleba,eleb,eleb,NL
eleba,eleba,eleb,eleb,NL
eleba,eleba,eleb,eleb,NL
eleba,eleba,eleb,eleb,NL
eleba,eleba,eleb,eleb,NL
eleba,eleba,eleb,eleb,NL
eleba,eleba,eleb,eleb,NL
eleba,eleba,eleb,eleb,NL
eleba,eleba,eleb,eleb,NL
eleba,eleba,eleb,eleb,NL
eleba,eleba,eleb,eleb,NL
eleba,eleba,eleb,eleb,NL
eleba,eleba,eleb,eleb,NL
eleba,eleba,eleb,eleb,NL
eleba,eleba,eleb,eleb,NL
eleba,eleba,eleb,eleb,NL
eleba,eleba,eleb,eleb,NL
eleba,eleba,eleb,eleb,NL
eleba,eleba,eleb,eleb,NL
eleba,eleba,eleb,eleb,NL
eleba,eleba,eleb,eleb,NL
eleba,eleba,eleb,eleb,NL
eleba,eleba,eleb,eleb,NL
eleba,eleba,eleb,eleb,NL
eleba,eleba,eleb,eleb,NL
elebejs,elebejs,eleb,eleb,NL
elebejs,elebejs,eleb,eleb,NL
elebejs,elebejs,eleb,eleb,NL
elebejs,elebejs,eleb,eleb,NL
elebejs,elebejs,eleb,eleb,NL
elebejs,elebejs,eleb,eleb,NL
elebejs,elebejs,eleb,eleb,NL
elebejs,elebejs,eleb,eleb,NL
elebejs,elebejs,eleb,eleb,NL
elebejs,elebejs,eleb,eleb,NL
elebejs,elebejs,eleb,eleb,NL
elebejs,elebejs,eleb,eleb,NL
elebejs,elebejs,eleb,eleb,NL
elebejs,elebejs,eleb,eleb,NL
elebejs,elebejs,eleb,eleb,NL
elebejs,elebejs,eleb,eleb,NL
elebejs,elebejs,eleb,eleb,NL
elebejs,elebejs,eleb,eleb,NL
elebejs,elebejs,eleb,eleb,NL
elebejs,elebejs,eleb,eleb,NL
elebejs,elebejs,eleb,eleb,NL
elebejs,elebejs,eleb,eleb,NL
elebejs,elebejs,eleb,eleb,NL
elebejs,elebejs,eleb,eleb,NL
elebejs,elebejs,eleb,eleb,NL
elebejs,elebejs,eleb,eleb,NL
elebejs,elebejs,eleb,eleb,NL
elebejs,elebejs,eleb,eleb,NL
elebejs,elebejs,eleb,eleb,NL
elebejs,elebejs,eleb,eleb,NL
elebejs,elebejs,eleb,eleb,NL
elebejs,elebejs,eleb,eleb,NL
elebejs,elebejs,eleb,eleb,NL
elebejs,elebejs,eleb,eleb,NL
elebejs,elebejs,eleb,eleb,NL
elebejs,elebejs,eleb,eleb,NL
elebejs,elebejs,eleb,eleb,NL
elebejs,elebejs,eleb,eleb,NL
elebejs,elebejs,eleb,eleb,NL
elebejs,elebejs,eleb,eleb,NL
elebejs,elebejs,eleb,eleb,NL
elebejs,elebejs,eleb,eleb,NL
elebejs,elebejs,eleb,eleb,NL
elebejs,elebejs,eleb,eleb,NL
elebejs,elebejs,eleb,eleb,NL
elebejs,elebejs,eleb,eleb,NL
elebejs,elebejs,eleb,eleb,NL
elebejs,elebejs,eleb,eleb,NL
elebejs,elebejs,eleb,eleb,NL
elebejs,elebejs,eleb,eleb,NL
elebejs,elebejs,eleb,eleb,NL
elebejs,elebejs,eleb,eleb,NL
elebejs,elebejs,eleb,eleb,NL
elebejs,elebejs,eleb,eleb,NL
elebejs,elebejs,eleb,eleb,NL
elebemos,elebemos,eleb,eleb,NL
elebemos,elebemos,eleb,eleb,NL
elebemos,elebemos,eleb,eleb,NL
elebemos,elebemos,eleb,eleb,NL
elebemos,elebemos,eleb,eleb,NL
elebemos,elebemos,eleb,eleb,NL
elebemos,elebemos,eleb,eleb,NL
elebemos,elebemos,eleb,eleb,NL
elebemos,elebemos,eleb,eleb,NL
elebemos,elebemos,eleb,eleb,NL
elebemos,elebemos,eleb,eleb,NL
elebemos,elebemos,eleb,eleb,NL
elebemos,elebemos,eleb,eleb,NL
elebemos,elebemos,eleb,eleb,NL
elebemos,elebemos,eleb,eleb,NL
elebemos,elebemos,eleb,eleb,NL
elebemos,elebemos,eleb,eleb,NL
elebemos,elebemos,eleb,eleb,NL
elebemos,elebemos,eleb,eleb,NL
elebemos,elebemos,eleb,eleb,NL
elebemos,elebemos,eleb,eleb,NL
elebemos,elebemos,eleb,eleb,NL
elebemos,elebemos,eleb,eleb,NL
elebemos,elebemos,eleb,eleb,NL
elebemos,elebemos,eleb,eleb,NL
elebemos,elebemos,eleb,eleb,NL
elebemos,elebemos,eleb,eleb,NL
elebemos,elebemos,eleb,eleb,NL
elebemos,elebemos,eleb,eleb,NL
elebemos,elebemos,eleb,eleb,NL
elebemos,elebemos,eleb,eleb,NL
elebemos,elebemos,eleb,eleb,NL
elebemos,elebemos,eleb,eleb,NL
elebemos,elebemos,eleb,eleb,NL
elebemos,elebemos,eleb,eleb,NL
elebemos,elebemos,eleb,eleb,NL
elebemos,elebemos,eleb,eleb,NL
elebemos,elebemos,eleb,eleb,NL
elebemos,elebemos,eleb,eleb,NL
elebemos,elebemos,eleb,eleb,NL
elebemos,elebemos,eleb,eleb,NL
elebemos,elebemos,eleb,eleb,NL
elebemos,elebemos,eleb,eleb,NL
elebemos,elebemos,eleb,eleb,NL
elebemos,elebemos,eleb,eleb,NL
elebemos,elebemos,eleb,eleb,NL
elebemos,elebemos,eleb,eleb,NL
elebemos,elebemos,eleb,eleb,NL
elebemos,elebemos,eleb,eleb,NL
elebemos,elebemos,eleb,eleb,NL
elebemos,elebemos,eleb,eleb,NL
elebemos,elebemos,eleb,eleb,NL
elebemos,elebemos,eleb,eleb,NL
elebemos,elebemos,eleb,eleb,NL
elebemos,elebemos,eleb,eleb,NL
eleben,eljeben,eljeb,eleb,NL
eleben,eleben,eleb,eleb,NL
eleben,eleben,eleb,eleb,NL
eleben,eleben,eleb,eleb,NL
eleben,eljeben,eljeb,eleb,NL
eleben,eleben,eleb,eleb,NL
eleben,eleben,eleb,eleb,NL
eleben,eleben,eleb,eleb,NL
eleben,eleben,eleb,eleb,NL
eleben,eleben,eleb,eleb,NL
eleben,eleben,eleb,eleb,NL
eleben,eleben,eleb,eleb,NL
eleben,eleben,eleb,eleb,NL
eleben,eljeben,eljeb,eleb,NL
eleben,eljeben,eljeb,eleb,NL
eleben,eleben,eleb,eleb,NL
eleben,eleben,eleb,eleb,NL
eleben,eleben,eleb,eleb,NL
eleben,eleben,eleb,eleb,NL
eleben,eleben,eleb,eleb,NL
eleben,eleben,eleb,eleb,NL
eleben,eleben,eleb,eleb,NL
eleben,eleben,eleb,eleb,NL
eleben,eleben,eleb,eleb,NL
eleben,eleben,eleb,eleb,NL
eleben,eleben,eleb,eleb,NL
eleben,eleben,eleb,eleb,NL
eleben,eleben,eleb,eleb,NL
eleben,eleben,eleb,eleb,NL
eleben,eleben,eleb,eleb,NL
eleben,eleben,eleb,eleb,NL
eleben,eleben,eleb,eleb,NL
eleben,eleben,eleb,eleb,NL
eleben,eleben,eleb,eleb,NL
eleben,eleben,eleb,eleb,NL
eleben,eleben,eleb,eleb,NL
eleben,eleben,eleb,eleb,NL
eleben,eleben,eleb,eleb,NL
eleben,eleben,eleb,eleb,NL
eleben,eleben,eleb,eleb,NL
eleben,eljeben,eljeb,eleb,NL
eleben,eleben,eleb,eleb,NL
eleben,eleben,eleb,eleb,NL
eleben,eleben,eleb,eleb,NL
eleben,eleben,eleb,eleb,NL
eleben,eleben,eleb,eleb,NL
eleben,eleben,eleb,eleb,NL
eleben,eleben,eleb,eleb,NL
eleben,eleben,eleb,eleb,NL
eleben,eleben,eleb,eleb,NL
eleben,eleben,eleb,eleb,NL
eleben,eleben,eleb,eleb,NL
eleben,eleben,eleb,eleb,NL
eleben,eleben,eleb,eleb,NL
eleben,eleben,eleb,eleb,NL
elebes,elebes,eleb,eleb,NL
elebes,elebes,eleb,eleb,NL
elebes,elebes,eleb,eleb,NL
elebes,elebes,eleb,eleb,NL
elebes,eljebes,eljeb,eleb,NL
elebes,elebes,eleb,eleb,NL
elebes,elebes,eleb,eleb,NL
elebes,elebes,eleb,eleb,NL
elebes,elebes,eleb,eleb,NL
elebes,elebes,eleb,eleb,NL
elebes,elebes,eleb,eleb,NL
elebes,elebes,eleb,eleb,NL
elebes,elebes,eleb,eleb,NL
elebes,eljebes,eljeb,eleb,NL
elebes,eljebes,eljeb,eleb,NL
elebes,elebes,eleb,eleb,NL
elebes,elebes,eleb,eleb,NL
elebes,elebes,eleb,eleb,NL
elebes,elebes,eleb,eleb,NL
elebes,elebes,eleb,eleb,NL
elebes,elebes,eleb,eleb,NL
elebes,elebes,eleb,eleb,NL
elebes,elebes,eleb,eleb,NL
elebes,elebes,eleb,eleb,NL
elebes,elebes,eleb,eleb,NL
elebes,elebes,eleb,eleb,NL
elebes,elebes,eleb,eleb,NL
elebes,elebes,eleb,eleb,NL
elebes,elebes,eleb,eleb,NL
elebes,elebes,eleb,eleb,NL
elebes,elebes,eleb,eleb,NL
elebes,elebes,eleb,eleb,NL
elebes,elebes,eleb,eleb,NL
elebes,elebes,eleb,eleb,NL
elebes,elebes,eleb,eleb,NL
elebes,elebes,eleb,eleb,NL
elebes,elebes,eleb,eleb,NL
elebes,elebes,eleb,eleb,NL
elebes,elebes,eleb,eleb,NL
elebes,elebes,eleb,eleb,NL
elebes,eljebes,eljeb,eleb,NL
elebes,elebes,eleb,eleb,NL
elebes,elebes,eleb,eleb,NL
elebes,elebes,eleb,eleb,NL
elebes,elebes,eleb,eleb,NL
elebes,elebes,eleb,eleb,NL
elebes,elebes,eleb,eleb,NL
elebes,elebes,eleb,eleb,NL
elebes,elebes,eleb,eleb,NL
elebes,elebes,eleb,eleb,NL
elebes,elebes,eleb,eleb,NL
elebes,elebes,eleb,eleb,NL
elebes,elebes,eleb,eleb,NL
elebes,elebes,eleb,eleb,NL
elebes,elebes,eleb,eleb,NL
elebe,eljebe,eljeb,eleb,NL
elebe,elebe,eleb,eleb,NL
elebe,elebe,eleb,eleb,NL
elebe,elebe,eleb,eleb,NL
elebe,eljebe,eljeb,eleb,NL
elebe,elebe,eleb,eleb,NL
elebe,elebe,eleb,eleb,NL
elebe,elebe,eleb,eleb,NL
elebe,elebe,eleb,eleb,NL
elebe,elebe,eleb,eleb,NL
elebe,elebe,eleb,eleb,NL
elebe,elebe,eleb,eleb,NL
elebe,elebe,eleb,eleb,NL
elebe,eljebe,eljeb,eleb,NL
elebe,eljebe,eljeb,eleb,NL
elebe,elebe,eleb,eleb,NL
elebe,elebe,eleb,eleb,NL
elebe,elebe,eleb,eleb,NL
elebe,elebe,eleb,eleb,NL
elebe,elebe,eleb,eleb,NL
elebe,elebe,eleb,eleb,NL
elebe,elebe,eleb,eleb,NL
elebe,elebe,eleb,eleb,NL
elebe,elebe,eleb,eleb,NL
elebe,elebe,eleb,eleb,NL
elebe,elebe,eleb,eleb,NL
elebe,elebe,eleb,eleb,NL
elebe,elebe,eleb,eleb,NL
elebe,elebe,eleb,eleb,NL
elebe,elebe,eleb,eleb,NL
elebe,elebe,eleb,eleb,NL
elebe,elebe,eleb,eleb,NL
elebe,elebe,eleb,eleb,NL
elebe,elebe,eleb,eleb,NL
elebe,elebe,eleb,eleb,NL
elebe,elebe,eleb,eleb,NL
elebe,elebe,eleb,eleb,NL
elebe,elebe,eleb,eleb,NL
elebe,elebe,eleb,eleb,NL
elebe,elebe,eleb,eleb,NL
elebe,eljebe,eljeb,eleb,NL
elebe,elebe,eleb,eleb,NL
elebe,elebe,eleb,eleb,NL
elebe,elebe,eleb,eleb,NL
elebe,elebe,eleb,eleb,NL
elebe,elebe,eleb,eleb,NL
elebe,elebe,eleb,eleb,NL
elebe,elebe,eleb,eleb,NL
elebe,elebe,eleb,eleb,NL
elebe,elebe,eleb,eleb,NL
elebe,elebe,eleb,eleb,NL
elebe,elebe,eleb,eleb,NL
elebe,elebe,eleb,eleb,NL
elebe,elebe,eleb,eleb,NL
elebe,elebe,eleb,eleb,NL
elebe,eljebe,eljeb,eleb,NL
elebe,elebe,eleb,eleb,NL
elebe,elebe,eleb,eleb,NL
elebe,elebe,eleb,eleb,NL
elebe,eljebe,eljeb,eleb,NL
elebe,elebe,eleb,eleb,NL
elebe,elebe,eleb,eleb,NL
elebe,elebe,eleb,eleb,NL
elebe,elebe,eleb,eleb,NL
elebe,elebe,eleb,eleb,NL
elebe,elebe,eleb,eleb,NL
elebe,elebe,eleb,eleb,NL
elebe,elebe,eleb,eleb,NL
elebe,eljebe,eljeb,eleb,NL
elebe,eljebe,eljeb,eleb,NL
elebe,elebe,eleb,eleb,NL
elebe,elebe,eleb,eleb,NL
elebe,elebe,eleb,eleb,NL
elebe,elebe,eleb,eleb,NL
elebe,elebe,eleb,eleb,NL
elebe,elebe,eleb,eleb,NL
elebe,elebe,eleb,eleb,NL
elebe,elebe,eleb,eleb,NL
elebe,elebe,eleb,eleb,NL
elebe,elebe,eleb,eleb,NL
elebe,elebe,eleb,eleb,NL
elebe,elebe,eleb,eleb,NL
elebe,elebe,eleb,eleb,NL
elebe,elebe,eleb,eleb,NL
elebe,elebe,eleb,eleb,NL
elebe,elebe,eleb,eleb,NL
elebe,elebe,eleb,eleb,NL
elebe,elebe,eleb,eleb,NL
elebe,elebe,eleb,eleb,NL
elebe,elebe,eleb,eleb,NL
elebe,elebe,eleb,eleb,NL
elebe,elebe,eleb,eleb,NL
elebe,elebe,eleb,eleb,NL
elebe,elebe,eleb,eleb,NL
elebe,elebe,eleb,eleb,NL
elebe,eljebe,eljeb,eleb,NL
elebe,elebe,eleb,eleb,NL
elebe,elebe,eleb,eleb,NL
elebe,elebe,eleb,eleb,NL
elebe,elebe,eleb,eleb,NL
elebe,elebe,eleb,eleb,NL
elebe,elebe,eleb,eleb,NL
elebe,elebe,eleb,eleb,NL
elebe,elebe,eleb,eleb,NL
elebe,elebe,eleb,eleb,NL
elebe,elebe,eleb,eleb,NL
elebe,elebe,eleb,eleb,NL
elebe,elebe,eleb,eleb,NL
elebe,elebe,eleb,eleb,NL
elebe,elebe,eleb,eleb,NL
elebo,eljebo,eljeb,eleb,NL
elebo,elebo,eleb,eleb,NL
elebo,elebo,eleb,eleb,NL
elebo,elebo,eleb,eleb,NL
elebo,eljebo,eljeb,eleb,NL
elebo,eljebo,eljeb,eleb,NL
elebo,elebo,eleb,eleb,NL
elebo,elebo,eleb,eleb,NL
elebo,elebo,eleb,eleb,NL
elebo,elebo,eleb,eleb,NL
elebo,elebo,eleb,eleb,NL
elebo,elebo,eleb,eleb,NL
elebo,elebo,eleb,eleb,NL
elebo,eljebo,eljeb,eleb,NL
elebo,eljebo,eljeb,eleb,NL
elebo,elebo,eleb,eleb,NL
elebo,elebo,eleb,eleb,NL
elebo,elebo,eleb,eleb,NL
elebo,elebo,eleb,eleb,NL
elebo,elebo,eleb,eleb,NL
elebo,elebo,eleb,eleb,NL
elebo,elebo,eleb,eleb,NL
elebo,elebo,eleb,eleb,NL
elebo,elebo,eleb,eleb,NL
elebo,elebo,eleb,eleb,NL
elebo,elebo,eleb,eleb,NL
elebo,elebo,eleb,eleb,NL
elebo,elebo,eleb,eleb,NL
elebo,elebo,eleb,eleb,NL
elebo,elebo,eleb,eleb,NL
elebo,elebo,eleb,eleb,NL
elebo,elebo,eleb,eleb,NL
elebo,elebo,eleb,eleb,NL
elebo,elebo,eleb,eleb,NL
elebo,elebo,eleb,eleb,NL
elebo,elebo,eleb,eleb,NL
elebo,elebo,eleb,eleb,NL
elebo,elebo,eleb,eleb,NL
elebo,elebo,eleb,eleb,NL
elebo,elebo,eleb,eleb,NL
elebo,eljebo,eljeb,eleb,NL
elebo,elebo,eleb,eleb,NL
elebo,elebo,eleb,eleb,NL
elebo,elebo,eleb,eleb,NL
elebo,elebo,eleb,eleb,NL
elebo,elebo,eleb,eleb,NL
elebo,elebo,eleb,eleb,NL
elebo,elebo,eleb,eleb,NL
elebo,elebo,eleb,eleb,NL
elebo,elebo,eleb,eleb,NL
elebo,elebo,eleb,eleb,NL
elebo,elebo,eleb,eleb,NL
elebo,elebo,eleb,eleb,NL
elebo,elebo,eleb,eleb,NL
elebo,elebo,eleb,eleb,NL
açitajs,axitajs,axit,açit,NL
açitajs,axitajs,axit,açit,NL
açitajs,axitajs,axit,açit,NL
açitajs,axitajs,axit,açit,NL
açitajs,axitajs,axit,açit,NL
açitajs,axitajs,axit,açit,NL
açitajs,axitajs,axit,açit,NL
açitajs,axitajs,axit,açit,NL
açitajs,axitajs,axit,açit,NL
açitajs,axitajs,axit,açit,NL
açitajs,axitajs,axit,açit,NL
açitajs,axitajs,axit,açit,NL
açitajs,axitajs,axit,açit,NL
açitajs,axitajs,axit,açit,NL
açitajs,axitajs,axit,açit,NL
açitajs,axitajs,axit,açit,NL
açitajs,axitajs,axit,açit,NL
açitajs,axitajs,axit,açit,NL
açitajs,axitajs,axit,açit,NL
açitajs,axitajs,axit,açit,NL
açitajs,axitajs,axit,açit,NL
açitajs,axitajs,axit,açit,NL
açitajs,axitajs,axit,açit,NL
açitajs,axitajs,axit,açit,NL
açitajs,axitajs,axit,açit,NL
açitajs,axitajs,axit,açit,NL
açitajs,axitajs,axit,açit,NL
açitajs,axitajs,axit,açit,NL
açitajs,axitajs,axit,açit,NL
açitajs,axitajs,axit,açit,NL
açitajs,axitajs,axit,açit,NL
açitajs,axitajs,axit,açit,NL
açitajs,axitajs,axit,açit,NL
açitajs,axitajs,axit,açit,NL
açitajs,axitajs,axit,açit,NL
açitajs,axitajs,axit,açit,NL
açitajs,axitajs,axit,açit,NL
açitajs,axitajs,axit,açit,NL
açitajs,axitajs,axit,açit,NL
açitajs,axitajs,axit,açit,NL
açitajs,axitajs,axit,açit,NL
açitajs,axitajs,axit,açit,NL
açitajs,axitajs,axit,açit,NL
açitajs,axitajs,axit,açit,NL
açitajs,axitajs,axit,açit,NL
açitajs,axitajs,axit,açit,NL
açitajs,axitajs,axit,açit,NL
açitajs,axitajs,axit,açit,NL
açitajs,axitajs,axit,açit,NL
açitajs,axitajs,axit,açit,NL
açitajs,axitajs,axit,açit,NL
açitajs,axitajs,axit,açit,NL
açitajs,axitajs,axit,açit,NL
açitajs,axitajs,axit,açit,NL
açitajs,axitajs,axit,açit,NL
açitamos,axitamos,axit,açit,NL
açitamos,axitamos,axit,açit,NL
açitamos,axitamos,axit,açit,NL
açitamos,axitamos,axit,açit,NL
açitamos,axitamos,axit,açit,NL
açitamos,axitamos,axit,açit,NL
açitamos,axitamos,axit,açit,NL
açitamos,axitamos,axit,açit,NL
açitamos,axitamos,axit,açit,NL
açitamos,axitamos,axit,açit,NL
açitamos,axitamos,axit,açit,NL
açitamos,axitamos,axit,açit,NL
açitamos,axitamos,axit,açit,NL
açitamos,axitamos,axit,açit,NL
açitamos,axitamos,axit,açit,NL
açitamos,axitamos,axit,açit,NL
açitamos,axitamos,axit,açit,NL
açitamos,axitamos,axit,açit,NL
açitamos,axitamos,axit,açit,NL
açitamos,axitamos,axit,açit,NL
açitamos,axitamos,axit,açit,NL
açitamos,axitamos,axit,açit,NL
açitamos,axitamos,axit,açit,NL
açitamos,axitamos,axit,açit,NL
açitamos,axitamos,axit,açit,NL
açitamos,axitamos,axit,açit,NL
açitamos,axitamos,axit,açit,NL
açitamos,axitamos,axit,açit,NL
açitamos,axitamos,axit,açit,NL
açitamos,axitamos,axit,açit,NL
açitamos,axitamos,axit,açit,NL
açitamos,axitamos,axit,açit,NL
açitamos,axitamos,axit,açit,NL
açitamos,axitamos,axit,açit,NL
açitamos,axitamos,axit,açit,NL
açitamos,axitamos,axit,açit,NL
açitamos,axitamos,axit,açit,NL
açitamos,axitamos,axit,açit,NL
açitamos,axitamos,axit,açit,NL
açitamos,axitamos,axit,açit,NL
açitamos,axitamos,axit,açit,NL
açitamos,axitamos,axit,açit,NL
açitamos,axitamos,axit,açit,NL
açitamos,axitamos,axit,açit,NL
açitamos,axitamos,axit,açit,NL
açitamos,axitamos,axit,açit,NL
açitamos,axitamos,axit,açit,NL
açitamos,axitamos,axit,açit,NL
açitamos,axitamos,axit,açit,NL
açitamos,axitamos,axit,açit,NL
açitamos,axitamos,axit,açit,NL
açitamos,axitamos,axit,açit,NL
açitamos,axitamos,axit,açit,NL
açitamos,axitamos,axit,açit,NL
açitamos,axitamos,axit,açit,NL
açitan,axitan,axit,açit,NL
açitan,axitan,axit,açit,NL
açitan,axitan,axit,açit,NL
açitan,axitan,axit,açit,NL
açitan,axitan,axit,açit,NL
açitan,axitan,axit,açit,NL
açitan,axitan,axit,açit,NL
açitan,axitan,axit,açit,NL
açitan,axitan,axit,açit,NL
açitan,axitan,axit,açit,NL
açitan,axitan,axit,açit,NL
açitan,axitan,axit,açit,NL
açitan,axitan,axit,açit,NL
açitan,axitan,axit,açit,NL
açitan,axitan,axit,açit,NL
açitan,axitan,axit,açit,NL
açitan,axitan,axit,açit,NL
açitan,axitan,axit,açit,NL
açitan,axitan,axit,açit,NL
açitan,axitan,axit,açit,NL
açitan,axitan,axit,açit,NL
açitan,axitan,axit,açit,NL
açitan,axitan,axit,açit,NL
açitan,axitan,axit,açit,NL
açitan,axitan,axit,açit,NL
açitan,axitan,axit,açit,NL
açitan,axitan,axit,açit,NL
açitan,axitan,axit,açit,NL
açitan,axitan,axit,açit,NL
açitan,axitan,axit,açit,NL
açitan,axitan,axit,açit,NL
açitan,axitan,axit,açit,NL
açitan,axitan,axit,açit,NL
açitan,axitan,axit,açit,NL
açitan,axitan,axit,açit,NL
açitan,axitan,axit,açit,NL
açitan,axitan,axit,açit,NL
açitan,axitan,axit,açit,NL
açitan,axitan,axit,açit,NL
açitan,axitan,axit,açit,NL
açitan,axitan,axit,açit,NL
açitan,axitan,axit,açit,NL
açitan,axitan,axit,açit,NL
açitan,axitan,axit,açit,NL
açitan,axitan,axit,açit,NL
açitan,axitan,axit,açit,NL
açitan,axitan,axit,açit,NL
açitan,axitan,axit,açit,NL
açitan,axitan,axit,açit,NL
açitan,axitan,axit,açit,NL
açitan,axitan,axit,açit,NL
açitan,axitan,axit,açit,NL
açitan,axitan,axit,açit,NL
açitan,axitan,axit,açit,NL
açitan,axitan,axit,açit,NL
açitas,axitas,axit,açit,NL
açitas,axitas,axit,açit,NL
açitas,axitas,axit,açit,NL
açitas,axitas,axit,açit,NL
açitas,axitas,axit,açit,NL
açitas,axitas,axit,açit,NL
açitas,axitas,axit,açit,NL
açitas,axitas,axit,açit,NL
açitas,axitas,axit,açit,NL
açitas,axitas,axit,açit,NL
açitas,axitas,axit,açit,NL
açitas,axitas,axit,açit,NL
açitas,axitas,axit,açit,NL
açitas,axitas,axit,açit,NL
açitas,axitas,axit,açit,NL
açitas,axitas,axit,açit,NL
açitas,axitas,axit,açit,NL
açitas,axitas,axit,açit,NL
açitas,axitas,axit,açit,NL
açitas,axitas,axit,açit,NL
açitas,axitas,axit,açit,NL
açitas,axitas,axit,açit,NL
açitas,axitas,axit,açit,NL
açitas,axitas,axit,açit,NL
açitas,axitas,axit,açit,NL
açitas,axitas,axit,açit,NL
açitas,axitas,axit,açit,NL
açitas,axitas,axit,açit,NL
açitas,axitas,axit,açit,NL
açitas,axitas,axit,açit,NL
açitas,axitas,axit,açit,NL
açitas,axitas,axit,açit,NL
açitas,axitas,axit,açit,NL
açitas,axitas,axit,açit,NL
açitas,axitas,axit,açit,NL
açitas,axitas,axit,açit,NL
açitas,axitas,axit,açit,NL
açitas,axitas,axit,açit,NL
açitas,axitas,axit,açit,NL
açitas,axitas,axit,açit,NL
açitas,axitas,axit,açit,NL
açitas,axitas,axit,açit,NL
açitas,axitas,axit,açit,NL
açitas,axitas,axit,açit,NL
açitas,axitas,axit,açit,NL
açitas,axitas,axit,açit,NL
açitas,axitas,axit,açit,NL
açitas,axitas,axit,açit,NL
açitas,axitas,axit,açit,NL
açitas,axitas,axit,açit,NL
açitas,axitas,axit,açit,NL
açitas,axitas,axit,açit,NL
açitas,axitas,axit,açit,NL
açitas,axitas,axit,açit,NL
açitas,axitas,axit,açit,NL
açita,axita,axit,açit,NL
açita,axita,axit,açit,NL
açita,axita,axit,açit,NL
açita,axita,axit,açit,NL
açita,axita,axit,açit,NL
açita,axita,axit,açit,NL
açita,axita,axit,açit,NL
açita,axita,axit,açit,NL
açita,axita,axit,açit,NL
açita,axita,axit,açit,NL
açita,axita,axit,açit,NL
açita,axita,axit,açit,NL
açita,axita,axit,açit,NL
açita,axita,axit,açit,NL
açita,axita,axit,açit,NL
açita,axita,axit,açit,NL
açita,axita,axit,açit,NL
açita,axita,axit,açit,NL
açita,axita,axit,açit,NL
açita,axita,axit,açit,NL
açita,axita,axit,açit,NL
açita,axita,axit,açit,NL
açita,axita,axit,açit,NL
açita,axita,axit,açit,NL
açita,axita,axit,açit,NL
açita,axita,axit,açit,NL
açita,axita,axit,açit,NL
açita,axita,axit,açit,NL
açita,axita,axit,açit,NL
açita,axita,axit,açit,NL
açita,axita,axit,açit,NL
açita,axita,axit,açit,NL
açita,axita,axit,açit,NL
açita,axita,axit,açit,NL
açita,axita,axit,açit,NL
açita,axita,axit,açit,NL
açita,axita,axit,açit,NL
açita,axita,axit,açit,NL
açita,axita,axit,açit,NL
açita,axita,axit,açit,NL
açita,axita,axit,açit,NL
açita,axita,axit,açit,NL
açita,axita,axit,açit,NL
açita,axita,axit,açit,NL
açita,axita,axit,açit,NL
açita,axita,axit,açit,NL
açita,axita,axit,açit,NL
açita,axita,axit,açit,NL
açita,axita,axit,açit,NL
açita,axita,axit,açit,NL
açita,axita,axit,açit,NL
açita,axita,axit,açit,NL
açita,axita,axit,açit,NL
açita,axita,axit,açit,NL
açita,axita,axit,açit,NL
açitejs,axitejs,axit,açit,NL
açitejs,axitejs,axit,açit,NL
açitejs,axitejs,axit,açit,NL
açitejs,axitejs,axit,açit,NL
açitejs,axitejs,axit,açit,NL
açitejs,axitejs,axit,açit,NL
açitejs,axitejs,axit,açit,NL
açitejs,axitejs,axit,açit,NL
açitejs,axitejs,axit,açit,NL
açitejs,axitejs,axit,açit,NL
açitejs,axitejs,axit,açit,NL
açitejs,axitejs,axit,açit,NL
açitejs,axitejs,axit,açit,NL
açitejs,axitejs,axit,açit,NL
açitejs,axitejs,axit,açit,NL
açitejs,axitejs,axit,açit,NL
açitejs,axitejs,axit,açit,NL
açitejs,axitejs,axit,açit,NL
açitejs,axitejs,axit,açit,NL
açitejs,axitejs,axit,açit,NL
açitejs,axitejs,axit,açit,NL
açitejs,axitejs,axit,açit,NL
açitejs,axitejs,axit,açit,NL
açitejs,axitejs,axit,açit,NL
açitejs,axitejs,axit,açit,NL
açitejs,axitejs,axit,açit,NL
açitejs,axitejs,axit,açit,NL
açitejs,axitejs,axit,açit,NL
açitejs,axitejs,axit,açit,NL
açitejs,axitejs,axit,açit,NL
açitejs,axitejs,axit,açit,NL
açitejs,axitejs,axit,açit,NL
açitejs,axitejs,axit,açit,NL
açitejs,axitejs,axit,açit,NL
açitejs,axitejs,axit,açit,NL
açitejs,axitejs,axit,açit,NL
açitejs,axitejs,axit,açit,NL
açitejs,axitejs,axit,açit,NL
açitejs,axitejs,axit,açit,NL
açitejs,axitejs,axit,açit,NL
açitejs,axitejs,axit,açit,NL
açitejs,axitejs,axit,açit,NL
açitejs,axitejs,axit,açit,NL
açitejs,axitejs,axit,açit,NL
açitejs,axitejs,axit,açit,NL
açitejs,axitejs,axit,açit,NL
açitejs,axitejs,axit,açit,NL
açitejs,axitejs,axit,açit,NL
açitejs,axitejs,axit,açit,NL
açitejs,axitejs,axit,açit,NL
açitejs,axitejs,axit,açit,NL
açitejs,axitejs,axit,açit,NL
açitejs,axitejs,axit,açit,NL
açitejs,axitejs,axit,açit,NL
açitejs,axitejs,axit,açit,NL
açitemos,axitemos,axit,açit,NL
açitemos,axitemos,axit,açit,NL
açitemos,axitemos,axit,açit,NL
açitemos,axitemos,axit,açit,NL
açitemos,axitemos,axit,açit,NL
açitemos,axitemos,axit,açit,NL
açitemos,axitemos,axit,açit,NL
açitemos,axitemos,axit,açit,NL
açitemos,axitemos,axit,açit,NL
açitemos,axitemos,axit,açit,NL
açitemos,axitemos,axit,açit,NL
açitemos,axitemos,axit,açit,NL
açitemos,axitemos,axit,açit,NL
açitemos,axitemos,axit,açit,NL
açitemos,axitemos,axit,açit,NL
açitemos,axitemos,axit,açit,NL
açitemos,axitemos,axit,açit,NL
açitemos,axitemos,axit,açit,NL
açitemos,axitemos,axit,açit,NL
açitemos,axitemos,axit,açit,NL
açitemos,axitemos,axit,açit,NL
açitemos,axitemos,axit,açit,NL
açitemos,axitemos,axit,açit,NL
açitemos,axitemos,axit,açit,NL
açitemos,axitemos,axit,açit,NL
açitemos,axitemos,axit,açit,NL
açitemos,axitemos,axit,açit,NL
açitemos,axitemos,axit,açit,NL
açitemos,axitemos,axit,açit,NL
açitemos,axitemos,axit,açit,NL
açitemos,axitemos,axit,açit,NL
açitemos,axitemos,axit,açit,NL
açitemos,axitemos,axit,açit,NL
açitemos,axitemos,axit,açit,NL
açitemos,axitemos,axit,açit,NL
açitemos,axitemos,axit,açit,NL
açitemos,axitemos,axit,açit,NL
açitemos,axitemos,axit,açit,NL
açitemos,axitemos,axit,açit,NL
açitemos,axitemos,axit,açit,NL
açitemos,axitemos,axit,açit,NL
açitemos,axitemos,axit,açit,NL
açitemos,axitemos,axit,açit,NL
açitemos,axitemos,axit,açit,NL
açitemos,axitemos,axit,açit,NL
açitemos,axitemos,axit,açit,NL
açitemos,axitemos,axit,açit,NL
açitemos,axitemos,axit,açit,NL
açitemos,axitemos,axit,açit,NL
açitemos,axitemos,axit,açit,NL
açitemos,axitemos,axit,açit,NL
açitemos,axitemos,axit,açit,NL
açitemos,axitemos,axit,açit,NL
açitemos,axitemos,axit,açit,NL
açitemos,axitemos,axit,açit,NL
açiten,axiten,axit,açit,NL
açiten,axiten,axit,açit,NL
açiten,axiten,axit,açit,NL
açiten,axiten,axit,açit,NL
açiten,axiten,axit,açit,NL
açiten,axiten,axit,açit,NL
açiten,axiten,axit,açit,NL
açiten,axiten,axit,açit,NL
açiten,axiten,axit,açit,NL
açiten,axiten,axit,açit,NL
açiten,axiten,axit,açit,NL
açiten,axiten,axit,açit,NL
açiten,axiten,axit,açit,NL
açiten,axiten,axit,açit,NL
açiten,axiten,axit,açit,NL
açiten,axiten,axit,açit,NL
açiten,axiten,axit,açit,NL
açiten,axiten,axit,açit,NL
açiten,axiten,axit,açit,NL
açiten,axiten,axit,açit,NL
açiten,axiten,axit,açit,NL
açiten,axiten,axit,açit,NL
açiten,axiten,axit,açit,NL
açiten,axiten,axit,açit,NL
açiten,axiten,axit,açit,NL
açiten,axiten,axit,açit,NL
açiten,axiten,axit,açit,NL
açiten,axiten,axit,açit,NL
açiten,axiten,axit,açit,NL
açiten,axiten,axit,açit,NL
açiten,axiten,axit,açit,NL
açiten,axiten,axit,açit,NL
açiten,axiten,axit,açit,NL
açiten,axiten,axit,açit,NL
açiten,axiten,axit,açit,NL
açiten,axiten,axit,açit,NL
açiten,axiten,axit,açit,NL
açiten,axiten,axit,açit,NL
açiten,axiten,axit,açit,NL
açiten,axiten,axit,açit,NL
açiten,axiten,axit,açit,NL
açiten,axiten,axit,açit,NL
açiten,axiten,axit,açit,NL
açiten,axiteen,axite,açit,NL
açiten,axiten,axit,açit,NL
açiten,axiten,axit,açit,NL
açiten,axiten,axit,açit,NL
açiten,axiten,axit,açit,NL
açiten,axiten,axit,açit,NL
açiten,axiten,axit,açit,NL
açiten,axiten,axit,açit,NL
açiten,axiten,axit,açit,NL
açiten,axiten,axit,açit,NL
açiten,axiten,axit,açit,NL
açiten,axiten,axit,açit,NL
açites,axites,axit,açit,NL
açites,axites,axit,açit,NL
açites,axites,axit,açit,NL
açites,axites,axit,açit,NL
açites,axites,axit,açit,NL
açites,axites,axit,açit,NL
açites,axites,axit,açit,NL
açites,axites,axit,açit,NL
açites,axites,axit,açit,NL
açites,axites,axit,açit,NL
açites,axites,axit,açit,NL
açites,axites,axit,açit,NL
açites,axites,axit,açit,NL
açites,axites,axit,açit,NL
açites,axites,axit,açit,NL
açites,axites,axit,açit,NL
açites,axites,axit,açit,NL
açites,axites,axit,açit,NL
açites,axites,axit,açit,NL
açites,axites,axit,açit,NL
açites,axites,axit,açit,NL
açites,axites,axit,açit,NL
açites,axites,axit,açit,NL
açites,axites,axit,açit,NL
açites,axites,axit,açit,NL
açites,axites,axit,açit,NL
açites,axites,axit,açit,NL
açites,axites,axit,açit,NL
açites,axites,axit,açit,NL
açites,axites,axit,açit,NL
açites,axites,axit,açit,NL
açites,axites,axit,açit,NL
açites,axites,axit,açit,NL
açites,axites,axit,açit,NL
açites,axites,axit,açit,NL
açites,axites,axit,açit,NL
açites,axites,axit,açit,NL
açites,axites,axit,açit,NL
açites,axites,axit,açit,NL
açites,axites,axit,açit,NL
açites,axites,axit,açit,NL
açites,axites,axit,açit,NL
açites,axitees,axite,açit,NL
açites,axitees,axite,açit,NL
açites,axites,axit,açit,NL
açites,axites,axit,açit,NL
açites,axites,axit,açit,NL
açites,axites,axit,açit,NL
açites,axites,axit,açit,NL
açites,axites,axit,açit,NL
açites,axites,axit,açit,NL
açites,axites,axit,açit,NL
açites,axites,axit,açit,NL
açites,axites,axit,açit,NL
açites,axites,axit,açit,NL
açite,axite,axit,açit,NL
açite,axite,axit,açit,NL
açite,axite,axit,açit,NL
açite,axite,axit,açit,NL
açite,axite,axit,açit,NL
açite,axite,axit,açit,NL
açite,axite,axit,açit,NL
açite,axite,axit,açit,NL
açite,axite,axit,açit,NL
açite,axite,axit,açit,NL
açite,axite,axit,açit,NL
açite,axite,axit,açit,NL
açite,axite,axit,açit,NL
açite,axite,axit,açit,NL
açite,axite,axit,açit,NL
açite,axite,axit,açit,NL
açite,axite,axit,açit,NL
açite,axite,axit,açit,NL
açite,axite,axit,açit,NL
açite,axite,axit,açit,NL
açite,axite,axit,açit,NL
açite,axite,axit,açit,NL
açite,axite,axit,açit,NL
açite,axite,axit,açit,NL
açite,axite,axit,açit,NL
açite,axite,axit,açit,NL
açite,axite,axit,açit,NL
açite,axite,axit,açit,NL
açite,axite,axit,açit,NL
açite,axite,axit,açit,NL
açite,axite,axit,açit,NL
açite,axite,axit,açit,NL
açite,axite,axit,açit,NL
açite,axite,axit,açit,NL
açite,axite,axit,açit,NL
açite,axite,axit,açit,NL
açite,axite,axit,açit,NL
açite,axite,axit,açit,NL
açite,axite,axit,açit,NL
açite,axite,axit,açit,NL
açite,axite,axit,açit,NL
açite,axite,axit,açit,NL
açite,axite,axit,açit,NL
açite,axitee,axite,açit,NL
açite,axite,axit,açit,NL
açite,axite,axit,açit,NL
açite,axite,axit,açit,NL
açite,axite,axit,açit,NL
açite,axite,axit,açit,NL
açite,axite,axit,açit,NL
açite,axite,axit,açit,NL
açite,axite,axit,açit,NL
açite,axite,axit,açit,NL
açite,axite,axit,açit,NL
açite,axite,axit,açit,NL
açite,axite,axit,açit,NL
açite,axite,axit,açit,NL
açite,axite,axit,açit,NL
açite,axite,axit,açit,NL
açite,axite,axit,açit,NL
açite,axite,axit,açit,NL
açite,axite,axit,açit,NL
açite,axite,axit,açit,NL
açite,axite,axit,açit,NL
açite,axite,axit,açit,NL
açite,axite,axit,açit,NL
açite,axite,axit,açit,NL
açite,axite,axit,açit,NL
açite,axite,axit,açit,NL
açite,axite,axit,açit,NL
açite,axite,axit,açit,NL
açite,axite,axit,açit,NL
açite,axite,axit,açit,NL
açite,axite,axit,açit,NL
açite,axite,axit,açit,NL
açite,axite,axit,açit,NL
açite,axite,axit,açit,NL
açite,axite,axit,açit,NL
açite,axite,axit,açit,NL
açite,axite,axit,açit,NL
açite,axite,axit,açit,NL
açite,axite,axit,açit,NL
açite,axite,axit,açit,NL
açite,axite,axit,açit,NL
açite,axite,axit,açit,NL
açite,axite,axit,açit,NL
açite,axite,axit,açit,NL
açite,axite,axit,açit,NL
açite,axite,axit,açit,NL
açite,axite,axit,açit,NL
açite,axite,axit,açit,NL
açite,axite,axit,açit,NL
açite,axite,axit,açit,NL
açite,axite,axit,açit,NL
açite,axite,axit,açit,NL
açite,axite,axit,açit,NL
açite,axite,axit,açit,NL
açite,axite,axit,açit,NL
açite,axitee,axite,açit,NL
açite,axitee,axite,açit,NL
açite,axite,axit,açit,NL
açite,axite,axit,açit,NL
açite,axite,axit,açit,NL
açite,axite,axit,açit,NL
açite,axite,axit,açit,NL
açite,axite,axit,açit,NL
açite,axite,axit,açit,NL
açite,axite,axit,açit,NL
açite,axite,axit,açit,NL
açite,axite,axit,açit,NL
açito,axito,axit,açit,NL
açito,axito,axit,açit,NL
açito,axito,axit,açit,NL
açito,axito,axit,açit,NL
açito,axito,axit,açit,NL
açito,axito,axit,açit,NL
açito,axito,axit,açit,NL
açito,axito,axit,açit,NL
açito,axito,axit,açit,NL
açito,axito,axit,açit,NL
açito,axito,axit,açit,NL
açito,axito,axit,açit,NL
açito,axito,axit,açit,NL
açito,axito,axit,açit,NL
açito,axito,axit,açit,NL
açito,axito,axit,açit,NL
açito,axito,axit,açit,NL
açito,axito,axit,açit,NL
açito,axito,axit,açit,NL
açito,axito,axit,açit,NL
açito,axito,axit,açit,NL
açito,axito,axit,açit,NL
açito,axito,axit,açit,NL
açito,axito,axit,açit,NL
açito,axito,axit,açit,NL
açito,axito,axit,açit,NL
açito,axito,axit,açit,NL
açito,axito,axit,açit,NL
açito,axito,axit,açit,NL
açito,axito,axit,açit,NL
açito,axito,axit,açit,NL
açito,axito,axit,açit,NL
açito,axito,axit,açit,NL
açito,axito,axit,açit,NL
açito,axito,axit,açit,NL
açito,axito,axit,açit,NL
açito,axito,axit,açit,NL
açito,axito,axit,açit,NL
açito,axito,axit,açit,NL
açito,axito,axit,açit,NL
açito,axito,axit,açit,NL
açito,axito,axit,açit,NL
açito,axito,axit,açit,NL
açito,axito,axit,açit,NL
açito,axito,axit,açit,NL
açito,axito,axit,açit,NL
açito,axito,axit,açit,NL
açito,axito,axit,açit,NL
açito,axito,axit,açit,NL
açito,axito,axit,açit,NL
açito,axito,axit,açit,NL
açito,axito,axit,açit,NL
açito,axito,axit,açit,NL
açito,axito,axit,açit,NL
açito,axito,axit,açit,NL
usmeajs,usmeajs,usme,usme,NL
usmeajs,usmeajs,usme,usme,NL
usmeajs,usmeajs,usme,usme,NL
usmeajs,usmeajs,usme,usme,NL
usmeajs,usmeajs,usme,usme,NL
usmeajs,usmeajs,usme,usme,NL
usmeajs,usmeajs,usme,usme,NL
usmeajs,usmeajs,usme,usme,NL
usmeajs,usmeajs,usme,usme,NL
usmeajs,usmeajs,usme,usme,NL
usmeajs,usmeajs,usme,usme,NL
usmeajs,usmeajs,usme,usme,NL
usmeajs,usmeajs,usme,usme,NL
usmeajs,usmeajs,usme,usme,NL
usmeajs,usmeajs,usme,usme,NL
usmeajs,usmeajs,usme,usme,NL
usmeajs,usmeajs,usme,usme,NL
usmeajs,usmeajs,usme,usme,NL
usmeajs,usmeajs,usme,usme,NL
usmeajs,usmeajs,usme,usme,NL
usmeajs,usmeajs,usme,usme,NL
usmeajs,usmeajs,usme,usme,NL
usmeajs,usmeajs,usme,usme,NL
usmeajs,usmeajs,usme,usme,NL
usmeajs,usmeajs,usme,usme,NL
usmeajs,usmeajs,usme,usme,NL
usmeajs,usmeajs,usme,usme,NL
usmeajs,usmeajs,usme,usme,NL
usmeajs,usmeajs,usme,usme,NL
usmeajs,usmeajs,usme,usme,NL
usmeajs,usmeajs,usme,usme,NL
usmeajs,usmeajs,usme,usme,NL
usmeajs,usmeajs,usme,usme,NL
usmeajs,usmeajs,usme,usme,NL
usmeajs,usmeajs,usme,usme,NL
usmeajs,usmeajs,usme,usme,NL
usmeajs,usmeajs,usme,usme,NL
usmeajs,usmeajs,usme,usme,NL
usmeajs,usmeajs,usme,usme,NL
usmeajs,usmeajs,usme,usme,NL
usmeajs,usmeajs,usme,usme,NL
usmeajs,usmeajs,usme,usme,NL
usmeajs,usmeajs,usme,usme,NL
usmeajs,usmeajs,usme,usme,NL
usmeajs,usmeajs,usme,usme,NL
usmeajs,usmeajs,usme,usme,NL
usmeajs,usmeajs,usme,usme,NL
usmeajs,usmeajs,usme,usme,NL
usmeajs,usmeajs,usme,usme,NL
usmeajs,usmeajs,usme,usme,NL
usmeajs,usmeajs,usme,usme,NL
usmeajs,usmeajs,usme,usme,NL
usmeajs,usmeajs,usme,usme,NL
usmeajs,usmeajs,usme,usme,NL
usmeajs,usmeajs,usme,usme,NL
usmeamos,usmeamos,usme,usme,NL
usmeamos,usmeamos,usme,usme,NL
usmeamos,usmeamos,usme,usme,NL
usmeamos,usmeamos,usme,usme,NL
usmeamos,usmeamos,usme,usme,NL
usmeamos,usmeamos,usme,usme,NL
usmeamos,usmeamos,usme,usme,NL
usmeamos,usmeamos,usme,usme,NL
usmeamos,usmeamos,usme,usme,NL
usmeamos,usmeamos,usme,usme,NL
usmeamos,usmeamos,usme,usme,NL
usmeamos,usmeamos,usme,usme,NL
usmeamos,usmeamos,usme,usme,NL
usmeamos,usmeamos,usme,usme,NL
usmeamos,usmeamos,usme,usme,NL
usmeamos,usmeamos,usme,usme,NL
usmeamos,usmeamos,usme,usme,NL
usmeamos,usmeamos,usme,usme,NL
usmeamos,usmeamos,usme,usme,NL
usmeamos,usmeamos,usme,usme,NL
usmeamos,usmeamos,usme,usme,NL
usmeamos,usmeamos,usme,usme,NL
usmeamos,usmeamos,usme,usme,NL
usmeamos,usmeamos,usme,usme,NL
usmeamos,usmeamos,usme,usme,NL
usmeamos,usmeamos,usme,usme,NL
usmeamos,usmeamos,usme,usme,NL
usmeamos,usmeamos,usme,usme,NL
usmeamos,usmeamos,usme,usme,NL
usmeamos,usmeamos,usme,usme,NL
usmeamos,usmeamos,usme,usme,NL
usmeamos,usmeamos,usme,usme,NL
usmeamos,usmeamos,usme,usme,NL
usmeamos,usmeamos,usme,usme,NL
usmeamos,usmeamos,usme,usme,NL
usmeamos,usmeamos,usme,usme,NL
usmeamos,usmeamos,usme,usme,NL
usmeamos,usmeamos,usme,usme,NL
usmeamos,usmeamos,usme,usme,NL
usmeamos,usmeamos,usme,usme,NL
usmeamos,usmeamos,usme,usme,NL
usmeamos,usmeamos,usme,usme,NL
usmeamos,usmeamos,usme,usme,NL
usmeamos,usmeamos,usme,usme,NL
usmeamos,usmeamos,usme,usme,NL
usmeamos,usmeamos,usme,usme,NL
usmeamos,usmeamos,usme,usme,NL
usmeamos,usmeamos,usme,usme,NL
usmeamos,usmeamos,usme,usme,NL
usmeamos,usmeamos,usme,usme,NL
usmeamos,usmeamos,usme,usme,NL
usmeamos,usmeamos,usme,usme,NL
usmeamos,usmeamos,usme,usme,NL
usmeamos,usmeamos,usme,usme,NL
usmeamos,usmeamos,usme,usme,NL
usmean,usmean,usme,usme,NL
usmean,usmean,usme,usme,NL
usmean,usmean,usme,usme,NL
usmean,usmean,usme,usme,NL
usmean,usmean,usme,usme,NL
usmean,usmean,usme,usme,NL
usmean,usmean,usme,usme,NL
usmean,usmean,usme,usme,NL
usmean,usmean,usme,usme,NL
usmean,usmean,usme,usme,NL
usmean,usmean,usme,usme,NL
usmean,usmean,usme,usme,NL
usmean,usmean,usme,usme,NL
usmean,usmean,usme,usme,NL
usmean,usmean,usme,usme,NL
usmean,usmean,usme,usme,NL
usmean,usmean,usme,usme,NL
usmean,usmean,usme,usme,NL
usmean,usmean,usme,usme,NL
usmean,usmean,usme,usme,NL
usmean,usmean,usme,usme,NL
usmean,usmean,usme,usme,NL
usmean,usmean,usme,usme,NL
usmean,usmean,usme,usme,NL
usmean,usmean,usme,usme,NL
usmean,usmean,usme,usme,NL
usmean,usmean,usme,usme,NL
usmean,usmean,usme,usme,NL
usmean,usmean,usme,usme,NL
usmean,usmean,usme,usme,NL
usmean,usmean,usme,usme,NL
usmean,usmean,usme,usme,NL
usmean,usmean,usme,usme,NL
usmean,usmean,usme,usme,NL
usmean,usmean,usme,usme,NL
usmean,usmean,usme,usme,NL
usmean,usmean,usme,usme,NL
usmean,usmean,usme,usme,NL
usmean,usmean,usme,usme,NL
usmean,usmean,usme,usme,NL
usmean,usmean,usme,usme,NL
usmean,usmean,usme,usme,NL
usmean,usmean,usme,usme,NL
usmean,usmean,usme,usme,NL
usmean,usmean,usme,usme,NL
usmean,usmean,usme,usme,NL
usmean,usmean,usme,usme,NL
usmean,usmean,usme,usme,NL
usmean,usmean,usme,usme,NL
usmean,usmean,usme,usme,NL
usmean,usmean,usme,usme,NL
usmean,usmean,usme,usme,NL
usmean,usmean,usme,usme,NL
usmean,usmean,usme,usme,NL
usmean,usmean,usme,usme,NL
usmeas,usmeas,usme,usme,NL
usmeas,usmeas,usme,usme,NL
usmeas,usmeas,usme,usme,NL
usmeas,usmeas,usme,usme,NL
usmeas,usmeas,usme,usme,NL
usmeas,usmeas,usme,usme,NL
usmeas,usmeas,usme,usme,NL
usmeas,usmeas,usme,usme,NL
usmeas,usmeas,usme,usme,NL
usmeas,usmeas,usme,usme,NL
usmeas,usmeas,usme,usme,NL
usmeas,usmeas,usme,usme,NL
usmeas,usmeas,usme,usme,NL
usmeas,usmeas,usme,usme,NL
usmeas,usmeas,usme,usme,NL
usmeas,usmeas,usme,usme,NL
usmeas,usmeas,usme,usme,NL
usmeas,usmeas,usme,usme,NL
usmeas,usmeas,usme,usme,NL
usmeas,usmeas,usme,usme,NL
usmeas,usmeas,usme,usme,NL
usmeas,usmeas,usme,usme,NL
usmeas,usmeas,usme,usme,NL
usmeas,usmeas,usme,usme,NL
usmeas,usmeas,usme,usme,NL
usmeas,usmeas,usme,usme,NL
usmeas,usmeas,usme,usme,NL
usmeas,usmeas,usme,usme,NL
usmeas,usmeas,usme,usme,NL
usmeas,usmeas,usme,usme,NL
usmeas,usmeas,usme,usme,NL
usmeas,usmeas,usme,usme,NL
usmeas,usmeas,usme,usme,NL
usmeas,usmeas,usme,usme,NL
usmeas,usmeas,usme,usme,NL
usmeas,usmeas,usme,usme,NL
usmeas,usmeas,usme,usme,NL
usmeas,usmeas,usme,usme,NL
usmeas,usmeas,usme,usme,NL
usmeas,usmeas,usme,usme,NL
usmeas,usmeas,usme,usme,NL
usmeas,usmeas,usme,usme,NL
usmeas,usmeas,usme,usme,NL
usmeas,usmeas,usme,usme,NL
usmeas,usmeas,usme,usme,NL
usmeas,usmeas,usme,usme,NL
usmeas,usmeas,usme,usme,NL
usmeas,usmeas,usme,usme,NL
usmeas,usmeas,usme,usme,NL
usmeas,usmeas,usme,usme,NL
usmeas,usmeas,usme,usme,NL
usmeas,usmeas,usme,usme,NL
usmeas,usmeas,usme,usme,NL
usmeas,usmeas,usme,usme,NL
usmeas,usmeas,usme,usme,NL
usmea,usmea,usme,usme,NL
usmea,usmea,usme,usme,NL
usmea,usmea,usme,usme,NL
usmea,usmea,usme,usme,NL
usmea,usmea,usme,usme,NL
usmea,usmea,usme,usme,NL
usmea,usmea,usme,usme,NL
usmea,usmea,usme,usme,NL
usmea,usmea,usme,usme,NL
usmea,usmea,usme,usme,NL
usmea,usmea,usme,usme,NL
usmea,usmea,usme,usme,NL
usmea,usmea,usme,usme,NL
usmea,usmea,usme,usme,NL
usmea,usmea,usme,usme,NL
usmea,usmea,usme,usme,NL
usmea,usmea,usme,usme,NL
usmea,usmea,usme,usme,NL
usmea,usmea,usme,usme,NL
usmea,usmea,usme,usme,NL
usmea,usmea,usme,usme,NL
usmea,usmea,usme,usme,NL
usmea,usmea,usme,usme,NL
usmea,usmea,usme,usme,NL
usmea,usmea,usme,usme,NL
usmea,usmea,usme,usme,NL
usmea,usmea,usme,usme,NL
usmea,usmea,usme,usme,NL
usmea,usmea,usme,usme,NL
usmea,usmea,usme,usme,NL
usmea,usmea,usme,usme,NL
usmea,usmea,usme,usme,NL
usmea,usmea,usme,usme,NL
usmea,usmea,usme,usme,NL
usmea,usmea,usme,usme,NL
usmea,usmea,usme,usme,NL
usmea,usmea,usme,usme,NL
usmea,usmea,usme,usme,NL
usmea,usmea,usme,usme,NL
usmea,usmea,usme,usme,NL
usmea,usmea,usme,usme,NL
usmea,usmea,usme,usme,NL
usmea,usmea,usme,usme,NL
usmea,usmea,usme,usme,NL
usmea,usmea,usme,usme,NL
usmea,usmea,usme,usme,NL
usmea,usmea,usme,usme,NL
usmea,usmea,usme,usme,NL
usmea,usmea,usme,usme,NL
usmea,usmea,usme,usme,NL
usmea,usmea,usme,usme,NL
usmea,usmea,usme,usme,NL
usmea,usmea,usme,usme,NL
usmea,usmea,usme,usme,NL
usmea,usmea,usme,usme,NL
usmeejs,usmeejs,usme,usme,NL
usmeejs,usmeejs,usme,usme,NL
usmeejs,usmeejs,usme,usme,NL
usmeejs,usmeejs,usme,usme,NL
usmeejs,usmeejs,usme,usme,NL
usmeejs,usmeejs,usme,usme,NL
usmeejs,usmeejs,usme,usme,NL
usmeejs,usmeejs,usme,usme,NL
usmeejs,usmeejs,usme,usme,NL
usmeejs,usmeejs,usme,usme,NL
usmeejs,usmeejs,usme,usme,NL
usmeejs,usmeejs,usme,usme,NL
usmeejs,usmeejs,usme,usme,NL
usmeejs,usmeejs,usme,usme,NL
usmeejs,usmeejs,usme,usme,NL
usmeejs,usmeejs,usme,usme,NL
usmeejs,usmeejs,usme,usme,NL
usmeejs,usmeejs,usme,usme,NL
usmeejs,usmeejs,usme,usme,NL
usmeejs,usmeejs,usme,usme,NL
usmeejs,usmeejs,usme,usme,NL
usmeejs,usmeejs,usme,usme,NL
usmeejs,usmeejs,usme,usme,NL
usmeejs,usmeejs,usme,usme,NL
usmeejs,usmeejs,usme,usme,NL
usmeejs,usmeejs,usme,usme,NL
usmeejs,usmeejs,usme,usme,NL
usmeejs,usmeejs,usme,usme,NL
usmeejs,usmeejs,usme,usme,NL
usmeejs,usmeejs,usme,usme,NL
usmeejs,usmeejs,usme,usme,NL
usmeejs,usmeejs,usme,usme,NL
usmeejs,usmeejs,usme,usme,NL
usmeejs,usmeejs,usme,usme,NL
usmeejs,usmeejs,usme,usme,NL
usmeejs,usmeejs,usme,usme,NL
usmeejs,usmeejs,usme,usme,NL
usmeejs,usmeejs,usme,usme,NL
usmeejs,usmeejs,usme,usme,NL
usmeejs,usmeejs,usme,usme,NL
usmeejs,usmeejs,usme,usme,NL
usmeejs,usmeejs,usme,usme,NL
usmeejs,usmeejs,usme,usme,NL
usmeejs,usmeejs,usme,usme,NL
usmeejs,usmeejs,usme,usme,NL
usmeejs,usmeejs,usme,usme,NL
usmeejs,usmeejs,usme,usme,NL
usmeejs,usmeejs,usme,usme,NL
usmeejs,usmeejs,usme,usme,NL
usmeejs,usmeejs,usme,usme,NL
usmeejs,usmeejs,usme,usme,NL
usmeejs,usmeejs,usme,usme,NL
usmeejs,usmeejs,usme,usme,NL
usmeejs,usmeejs,usme,usme,NL
usmeejs,usmeejs,usme,usme,NL
usmeemos,usmeemos,usme,usme,NL
usmeemos,usmeemos,usme,usme,NL
usmeemos,usmeemos,usme,usme,NL
usmeemos,usmeemos,usme,usme,NL
usmeemos,usmeemos,usme,usme,NL
usmeemos,usmeemos,usme,usme,NL
usmeemos,usmeemos,usme,usme,NL
usmeemos,usmeemos,usme,usme,NL
usmeemos,usmeemos,usme,usme,NL
usmeemos,usmeemos,usme,usme,NL
usmeemos,usmeemos,usme,usme,NL
usmeemos,usmeemos,usme,usme,NL
usmeemos,usmeemos,usme,usme,NL
usmeemos,usmeemos,usme,usme,NL
usmeemos,usmeemos,usme,usme,NL
usmeemos,usmeemos,usme,usme,NL
usmeemos,usmeemos,usme,usme,NL
usmeemos,usmeemos,usme,usme,NL
usmeemos,usmeemos,usme,usme,NL
usmeemos,usmeemos,usme,usme,NL
usmeemos,usmeemos,usme,usme,NL
usmeemos,usmeemos,usme,usme,NL
usmeemos,usmeemos,usme,usme,NL
usmeemos,usmeemos,usme,usme,NL
usmeemos,usmeemos,usme,usme,NL
usmeemos,usmeemos,usme,usme,NL
usmeemos,usmeemos,usme,usme,NL
usmeemos,usmeemos,usme,usme,NL
usmeemos,usmeemos,usme,usme,NL
usmeemos,usmeemos,usme,usme,NL
usmeemos,usmeemos,usme,usme,NL
usmeemos,usmeemos,usme,usme,NL
usmeemos,usmeemos,usme,usme,NL
usmeemos,usmeemos,usme,usme,NL
usmeemos,usmeemos,usme,usme,NL
usmeemos,usmeemos,usme,usme,NL
usmeemos,usmeemos,usme,usme,NL
usmeemos,usmeemos,usme,usme,NL
usmeemos,usmeemos,usme,usme,NL
usmeemos,usmeemos,usme,usme,NL
usmeemos,usmeemos,usme,usme,NL
usmeemos,usmeemos,usme,usme,NL
usmeemos,usmeemos,usme,usme,NL
usmeemos,usmeemos,usme,usme,NL
usmeemos,usmeemos,usme,usme,NL
usmeemos,usmeemos,usme,usme,NL
usmeemos,usmeemos,usme,usme,NL
usmeemos,usmeemos,usme,usme,NL
usmeemos,usmeemos,usme,usme,NL
usmeemos,usmeemos,usme,usme,NL
usmeemos,usmeemos,usme,usme,NL
usmeemos,usmeemos,usme,usme,NL
usmeemos,usmeemos,usme,usme,NL
usmeemos,usmeemos,usme,usme,NL
usmeemos,usmeemos,usme,usme,NL
usmeen,usmeen,usme,usme,NL
usmeen,usmeen,usme,usme,NL
usmeen,usmeen,usme,usme,NL
usmeen,usmeen,usme,usme,NL
usmeen,usmeen,usme,usme,NL
usmeen,usmeen,usme,usme,NL
usmeen,usmeen,usme,usme,NL
usmeen,usmeen,usme,usme,NL
usmeen,usmeen,usme,usme,NL
usmeen,usmeen,usme,usme,NL
usmeen,usmeen,usme,usme,NL
usmeen,usmeen,usme,usme,NL
usmeen,usmeen,usme,usme,NL
usmeen,usmeen,usme,usme,NL
usmeen,usmeen,usme,usme,NL
usmeen,usmeen,usme,usme,NL
usmeen,usmeen,usme,usme,NL
usmeen,usmeen,usme,usme,NL
usmeen,usmeen,usme,usme,NL
usmeen,usmeen,usme,usme,NL
usmeen,usmeen,usme,usme,NL
usmeen,usmeen,usme,usme,NL
usmeen,usmeen,usme,usme,NL
usmeen,usmeen,usme,usme,NL
usmeen,usmeen,usme,usme,NL
usmeen,usmeen,usme,usme,NL
usmeen,usmeen,usme,usme,NL
usmeen,usmeen,usme,usme,NL
usmeen,usmeen,usme,usme,NL
usmeen,usmeen,usme,usme,NL
usmeen,usmeen,usme,usme,NL
usmeen,usmeen,usme,usme,NL
usmeen,usmeen,usme,usme,NL
usmeen,usmeen,usme,usme,NL
usmeen,usmeen,usme,usme,NL
usmeen,usmeen,usme,usme,NL
usmeen,usmeen,usme,usme,NL
usmeen,usmeen,usme,usme,NL
usmeen,usmeen,usme,usme,NL
usmeen,usmeen,usme,usme,NL
usmeen,usmeen,usme,usme,NL
usmeen,usmeen,usme,usme,NL
usmeen,usmeen,usme,usme,NL
usmeen,usmeen,usme,usme,NL
usmeen,usmeen,usme,usme,NL
usmeen,usmeen,usme,usme,NL
usmeen,usmeen,usme,usme,NL
usmeen,usmeen,usme,usme,NL
usmeen,usmeen,usme,usme,NL
usmeen,usmeen,usme,usme,NL
usmeen,usmeen,usme,usme,NL
usmeen,usmeen,usme,usme,NL
usmeen,usmeen,usme,usme,NL
usmeen,usmeen,usme,usme,NL
usmeen,usmeen,usme,usme,NL
usmees,usmees,usme,usme,NL
usmees,usmees,usme,usme,NL
usmees,usmees,usme,usme,NL
usmees,usmees,usme,usme,NL
usmees,usmees,usme,usme,NL
usmees,usmees,usme,usme,NL
usmees,usmees,usme,usme,NL
usmees,usmees,usme,usme,NL
usmees,usmees,usme,usme,NL
usmees,usmees,usme,usme,NL
usmees,usmees,usme,usme,NL
usmees,usmees,usme,usme,NL
usmees,usmees,usme,usme,NL
usmees,usmees,usme,usme,NL
usmees,usmees,usme,usme,NL
usmees,usmees,usme,usme,NL
usmees,usmees,usme,usme,NL
usmees,usmees,usme,usme,NL
usmees,usmees,usme,usme,NL
usmees,usmees,usme,usme,NL
usmees,usmees,usme,usme,NL
usmees,usmees,usme,usme,NL
usmees,usmees,usme,usme,NL
usmees,usmees,usme,usme,NL
usmees,usmees,usme,usme,NL
usmees,usmees,usme,usme,NL
usmees,usmees,usme,usme,NL
usmees,usmees,usme,usme,NL
usmees,usmees,usme,usme,NL
usmees,usmees,usme,usme,NL
usmees,usmees,usme,usme,NL
usmees,usmees,usme,usme,NL
usmees,usmees,usme,usme,NL
usmees,usmees,usme,usme,NL
usmees,usmees,usme,usme,NL
usmees,usmees,usme,usme,NL
usmees,usmees,usme,usme,NL
usmees,usmees,usme,usme,NL
usmees,usmees,usme,usme,NL
usmees,usmees,usme,usme,NL
usmees,usmees,usme,usme,NL
usmees,usmees,usme,usme,NL
usmees,usmees,usme,usme,NL
usmees,usmees,usme,usme,NL
usmees,usmees,usme,usme,NL
usmees,usmees,usme,usme,NL
usmees,usmees,usme,usme,NL
usmees,usmees,usme,usme,NL
usmees,usmees,usme,usme,NL
usmees,usmees,usme,usme,NL
usmees,usmees,usme,usme,NL
usmees,usmees,usme,usme,NL
usmees,usmees,usme,usme,NL
usmees,usmees,usme,usme,NL
usmees,usmees,usme,usme,NL
usmee,usmee,usme,usme,NL
usmee,usmee,usme,usme,NL
usmee,usmee,usme,usme,NL
usmee,usmee,usme,usme,NL
usmee,usmee,usme,usme,NL
usmee,usmee,usme,usme,NL
usmee,usmee,usme,usme,NL
usmee,usmee,usme,usme,NL
usmee,usmee,usme,usme,NL
usmee,usmee,usme,usme,NL
usmee,usmee,usme,usme,NL
usmee,usmee,usme,usme,NL
usmee,usmee,usme,usme,NL
usmee,usmee,usme,usme,NL
usmee,usmee,usme,usme,NL
usmee,usmee,usme,usme,NL
usmee,usmee,usme,usme,NL
usmee,usmee,usme,usme,NL
usmee,usmee,usme,usme,NL
usmee,usmee,usme,usme,NL
usmee,usmee,usme,usme,NL
usmee,usmee,usme,usme,NL
usmee,usmee,usme,usme,NL
usmee,usmee,usme,usme,NL
usmee,usmee,usme,usme,NL
usmee,usmee,usme,usme,NL
usmee,usmee,usme,usme,NL
usmee,usmee,usme,usme,NL
usmee,usmee,usme,usme,NL
usmee,usmee,usme,usme,NL
usmee,usmee,usme,usme,NL
usmee,usmee,usme,usme,NL
usmee,usmee,usme,usme,NL
usmee,usmee,usme,usme,NL
usmee,usmee,usme,usme,NL
usmee,usmee,usme,usme,NL
usmee,usmee,usme,usme,NL
usmee,usmee,usme,usme,NL
usmee,usmee,usme,usme,NL
usmee,usmee,usme,usme,NL
usmee,usmee,usme,usme,NL
usmee,usmee,usme,usme,NL
usmee,usmee,usme,usme,NL
usmee,usmee,usme,usme,NL
usmee,usmee,usme,usme,NL
usmee,usmee,usme,usme,NL
usmee,usmee,usme,usme,NL
usmee,usmee,usme,usme,NL
usmee,usmee,usme,usme,NL
usmee,usmee,usme,usme,NL
usmee,usmee,usme,usme,NL
usmee,usmee,usme,usme,NL
usmee,usmee,usme,usme,NL
usmee,usmee,usme,usme,NL
usmee,usmee,usme,usme,NL
usmee,usmee,usme,usme,NL
usmee,usmee,usme,usme,NL
usmee,usmee,usme,usme,NL
usmee,usmee,usme,usme,NL
usmee,usmee,usme,usme,NL
usmee,usmee,usme,usme,NL
usmee,usmee,usme,usme,NL
usmee,usmee,usme,usme,NL
usmee,usmee,usme,usme,NL
usmee,usmee,usme,usme,NL
usmee,usmee,usme,usme,NL
usmee,usmee,usme,usme,NL
usmee,usmee,usme,usme,NL
usmee,usmee,usme,usme,NL
usmee,usmee,usme,usme,NL
usmee,usmee,usme,usme,NL
usmee,usmee,usme,usme,NL
usmee,usmee,usme,usme,NL
usmee,usmee,usme,usme,NL
usmee,usmee,usme,usme,NL
usmee,usmee,usme,usme,NL
usmee,usmee,usme,usme,NL
usmee,usmee,usme,usme,NL
usmee,usmee,usme,usme,NL
usmee,usmee,usme,usme,NL
usmee,usmee,usme,usme,NL
usmee,usmee,usme,usme,NL
usmee,usmee,usme,usme,NL
usmee,usmee,usme,usme,NL
usmee,usmee,usme,usme,NL
usmee,usmee,usme,usme,NL
usmee,usmee,usme,usme,NL
usmee,usmee,usme,usme,NL
usmee,usmee,usme,usme,NL
usmee,usmee,usme,usme,NL
usmee,usmee,usme,usme,NL
usmee,usmee,usme,usme,NL
usmee,usmee,usme,usme,NL
usmee,usmee,usme,usme,NL
usmee,usmee,usme,usme,NL
usmee,usmee,usme,usme,NL
usmee,usmee,usme,usme,NL
usmee,usmee,usme,usme,NL
usmee,usmee,usme,usme,NL
usmee,usmee,usme,usme,NL
usmee,usmee,usme,usme,NL
usmee,usmee,usme,usme,NL
usmee,usmee,usme,usme,NL
usmee,usmee,usme,usme,NL
usmee,usmee,usme,usme,NL
usmee,usmee,usme,usme,NL
usmee,usmee,usme,usme,NL
usmee,usmee,usme,usme,NL
usmee,usmee,usme,usme,NL
usmee,usmee,usme,usme,NL
usmeo,usmeo,usme,usme,NL
usmeo,usmeo,usme,usme,NL
usmeo,usmeo,usme,usme,NL
usmeo,usmeo,usme,usme,NL
usmeo,usmeo,usme,usme,NL
usmeo,usmeo,usme,usme,NL
usmeo,usmeo,usme,usme,NL
usmeo,usmeo,usme,usme,NL
usmeo,usmeo,usme,usme,NL
usmeo,usmeo,usme,usme,NL
usmeo,usmeo,usme,usme,NL
usmeo,usmeo,usme,usme,NL
usmeo,usmeo,usme,usme,NL
usmeo,usmeo,usme,usme,NL
usmeo,usmeo,usme,usme,NL
usmeo,usmeo,usme,usme,NL
usmeo,usmeo,usme,usme,NL
usmeo,usmeo,usme,usme,NL
usmeo,usmeo,usme,usme,NL
usmeo,usmeo,usme,usme,NL
usmeo,usmeo,usme,usme,NL
usmeo,usmeo,usme,usme,NL
usmeo,usmeo,usme,usme,NL
usmeo,usmeo,usme,usme,NL
usmeo,usmeo,usme,usme,NL
usmeo,usmeo,usme,usme,NL
usmeo,usmeo,usme,usme,NL
usmeo,usmeo,usme,usme,NL
usmeo,usmeo,usme,usme,NL
usmeo,usmeo,usme,usme,NL
usmeo,usmeo,usme,usme,NL
usmeo,usmeo,usme,usme,NL
usmeo,usmeo,usme,usme,NL
usmeo,usmeo,usme,usme,NL
usmeo,usmeo,usme,usme,NL
usmeo,usmeo,usme,usme,NL
usmeo,usmeo,usme,usme,NL
usmeo,usmeo,usme,usme,NL
usmeo,usmeo,usme,usme,NL
usmeo,usmeo,usme,usme,NL
usmeo,usmeo,usme,usme,NL
usmeo,usmeo,usme,usme,NL
usmeo,usmeo,usme,usme,NL
usmeo,usmeo,usme,usme,NL
usmeo,usmeo,usme,usme,NL
usmeo,usmeo,usme,usme,NL
usmeo,usmeo,usme,usme,NL
usmeo,usmeo,usme,usme,NL
usmeo,usmeo,usme,usme,NL
usmeo,usmeo,usme,usme,NL
usmeo,usmeo,usme,usme,NL
usmeo,usmeo,usme,usme,NL
usmeo,usmeo,usme,usme,NL
usmeo,usmeo,usme,usme,NL
usmeo,usmeo,usme,usme,NL
